# Made in Blockbench 4.12.2
mtllib ash_twig_branch_2.mtl

o cube
v -0.0009727479892192026 0.39544008372857165 -1.1768536693226581
v -0.1940256751611713 0.3301429230277759 -1.1687716701226298
v -0.25975975413049357 0.5074443169338569 -1.30647011849857
v -0.06670682695854147 0.5727414776346524 -1.3145521176985984
v -0.12094064566955137 0.8258043802922372 -0.5654439554078226
v -0.18667472463887363 1.003105774198318 -0.7031424037837629
v -0.3139935728415035 0.7605072195914415 -0.5573619562077943
v -0.37972765181082574 0.9378086134975225 -0.6950604045837346
vt 0.125 0.875
vt 0.125 0.8070137864708239
vt 0.20297110879125504 0.8070132518061544
vt 0.2029738385496557 0.8749983567440485
vt 0.6482505870052709 0.8541666666666666
vt 0.3958351681923271 0.8541666666666664
vt 0.3958333333333333 0.7761937495762773
vt 0.648250001928922 0.7761920827466167
vt 0.1250005346646695 0.7970261614503444
vt 0.19298674819384556 0.7970261614503444
vt 0.19298510493789411 0.875
vt 0.125 0.8749972702415995
vt 0.3958351681923271 0.8595254160799501
vt 0.648250587005271 0.85952541607995
vt 0.6482500019289222 0.9375
vt 0.3958333333333333 0.9374983331703391
vt 0.3774167227518867 0.7236783505819209
vt 0.3774167227518867 0.7916630710875037
vt 0.1250018151545945 0.7916666666666666
vt 0.125 0.7236809236682593
vt 0.125 0.9375
vt 0.125 0.8695142569773613
vt 0.37741490760332513 0.8695111133188699
vt 0.3774167227306194 0.9374958338002217
vn 0.15842574800968262 -0.5683252513221075 -0.807408007810943
vn 0.946537248501705 0.32015155496530795 -0.03962598960425992
vn -0.15842574800968293 0.5683252513221083 0.8074080078109427
vn -0.9465372485017052 -0.32015155496530784 0.0396259896042597
vn -0.2810133796928425 0.7579639770879344 -0.5886612692123101
vn 0.28101337969284335 -0.7579639770879342 0.5886612692123101
usemtl m_dd6d7b12-12bc-0c62-ed95-caa2c16991bb
f 1/1/1 2/2/1 3/3/1 4/4/1
f 5/5/2 1/6/2 4/7/2 6/8/2
f 7/9/3 5/10/3 6/11/3 8/12/3
f 2/13/4 7/14/4 8/15/4 3/16/4
f 8/17/5 6/18/5 4/19/5 3/20/5
f 2/21/6 1/22/6 5/23/6 7/24/6
o cube
v -0.5604129366259508 0.331263835289195 -1.0256173208352697
v -0.5920904178802285 0.3834502729636666 -0.8852007862077946
v -0.657239586445886 0.4898300306618022 -0.9394347279662424
v -0.6255621051916083 0.4376435929873306 -1.0798512625937176
v -0.10321580561489418 0.6108664903320316 -1.0263908264924608
v -0.16836497418055163 0.7172462480301673 -1.0806247682509087
v -0.1348932868691719 0.6630529280065034 -0.8859742918649859
v -0.20004245543482935 0.769432685704639 -0.9402082336234336
vt 0.125 0.8296576808620278
vt 0.176038125217277 0.8296576808620278
vt 0.17603881216970207 0.8749980901736121
vt 0.12500151932310302 0.875
vt 0.3036397015765169 0.875
vt 0.12500138436339459 0.8749999999999999
vt 0.125 0.8296601902432531
vt 0.3036394733599182 0.8296584571528447
vt 0.125 0.874999313047575
vt 0.12500000000000003 0.8239611878302979
vt 0.17034231913797218 0.823962707153401
vt 0.1703404093115842 0.875
vt 0.31250138436339453 0.8296584571528448
vt 0.4911397015765169 0.8296584571528448
vt 0.4911394733599181 0.875
vt 0.3125 0.8749982669095916
vt 0.3036397095299937 0.761461883456795
vt 0.3036397095299937 0.8125
vt 0.125 0.812494162689233
vt 0.12500113936496104 0.7614577903149601
vt 0.125 0.9375
vt 0.125 0.886463627613009
vt 0.3036397096157934 0.8864617783565698
vt 0.3036385702118947 0.9374998948870565
vn -0.8531111902898978 -0.5217271449720488 0.0014433299930006747
vn 0.20688912120664735 -0.3408353758529633 -0.9170758627799068
vn 0.8531111902898983 0.5217271449720479 -0.0014433299930010368
vn -0.20688912120664701 0.34083537585296275 0.9170758627799073
vn -0.4789553095315835 0.7820690716084387 -0.39871014371974545
vn 0.47895530953158333 -0.7820690716084387 0.39871014371974545
usemtl m_dd6d7b12-12bc-0c62-ed95-caa2c16991bb
f 9/25/7 10/26/7 11/27/7 12/28/7
f 13/29/8 9/30/8 12/31/8 14/32/8
f 15/33/9 13/34/9 14/35/9 16/36/9
f 10/37/10 15/38/10 16/39/10 11/40/10
f 16/41/11 14/42/11 12/43/11 11/44/11
f 10/45/12 9/46/12 13/47/12 15/48/12
o cube
v 0.6130929442027866 0.6366786854673279 0.3006095643874198
v 0.4581884032456094 0.6592207071386085 0.19484864851251849
v 0.5452421341388829 0.7692899169448673 0.09080420431675762
v 0.7001466750960601 0.7467478952735866 0.19656512019165895
v 0.4816330207835008 0.9948107751544015 0.5694873457794924
v 0.5686867516767744 1.1048799849606603 0.46544290158373147
v 0.3267284798263237 1.0173527968256821 0.4637264299045911
v 0.4137822107195973 1.127422006631941 0.35968198570883014
vt 0.12500086753837436 0.8167663911597915
vt 0.18797338610495273 0.8167663911597915
vt 0.18797290619157384 0.875
vt 0.125 0.8749979530450321
vt 0.2805765157769932 0.875
vt 0.12500015583853274 0.875
vt 0.125 0.8167678314729341
vt 0.2805763599384605 0.8167678314729341
vt 0.12500000000000003 0.875
vt 0.125 0.8120274814334217
vt 0.1832315618852406 0.8120266138950473
vt 0.18323360884020848 0.8749995200866211
vt 0.29166682250519954 0.8792678314729341
vt 0.44724318244365985 0.8792678314729341
vt 0.4472430266051271 0.9374999999999999
vt 0.2916666666666667 0.9375
vt 0.28057687960813943 0.7078606115208903
vt 0.28057687960813943 0.7708315357665071
vt 0.12500205858621158 0.7708333333333334
vt 0.125 0.7078627292448447
vt 0.125 0.9375
vt 0.125 0.8745293958778626
vt 0.2805748209975598 0.8745261075131504
vt 0.28057687959423666 0.9374970317251183
vn 0.28166246794003613 -0.7673241061312308 -0.5760902449302849
vn 0.8199688988253626 -0.11932353030378348 0.5598329215712172
vn -0.281662467940036 0.7673241061312314 0.5760902449302846
vn -0.8199688988253625 0.11932353030378379 -0.5598329215712173
vn 0.4983144179261227 0.6300600060833482 -0.5955729423179003
vn -0.49831441792612235 -0.6300600060833483 0.5955729423179003
usemtl m_dd6d7b12-12bc-0c62-ed95-caa2c16991bb
f 17/49/13 18/50/13 19/51/13 20/52/13
f 21/53/14 17/54/14 20/55/14 22/56/14
f 23/57/15 21/58/15 22/59/15 24/60/15
f 18/61/16 23/62/16 24/63/16 19/64/16
f 24/65/17 22/66/17 20/67/17 19/68/17
f 18/69/18 17/70/18 21/71/18 23/72/18
o cube
v -1.0567191394484663 -0.07732810784739375 -1.128441124103506
v -1.1130042942075409 -0.04215356078459531 -0.9978223957418064
v -1.1906989318432788 0.0782745666767306 -1.0637322361477801
v -1.1344137770842044 0.04310001961393217 -1.1943509645094796
v -0.4933429632152815 0.3552467437544309 -1.0021645097321359
v -0.5710376008510194 0.4756748712157566 -1.0680743501381096
v -0.549628117974356 0.3904212908172293 -0.8715457813704364
v -0.6273227556100939 0.510849418278555 -0.9374556217764101
vt 0.1250000718956433 0.8224181371541284
vt 0.1738387018433969 0.8224181371541284
vt 0.17383862994775354 0.875
vt 0.125 0.875
vt 0.2613105474468799 0.875
vt 0.020833333333333332 0.8749999999999999
vt 0.0208346210831117 0.8224190553889632
vt 0.2613118351966581 0.8224190553889632
vt 0.125 0.875
vt 0.12500000000000003 0.8261613700522464
vt 0.17758186284587163 0.8261612981566031
vt 0.17758186284587163 0.8749999281043567
vt 0.3125 0.8224190553889632
vt 0.5529772141135466 0.8224190553889632
vt 0.5529785018633249 0.875
vt 0.3125012877497783 0.875
vt 0.2613107439247915 0.7428303376114411
vt 0.2613107439247915 0.7916666666666666
vt 0.020833333333333332 0.7916646898432552
vt 0.020835267408371976 0.7428275864292477
vt 0.020833333333333332 0.9583265610674977
vt 0.020833333333333332 0.909489457615193
vt 0.26131074381450076 0.9094970043164041
vt 0.2613088097701303 0.9583333333333334
vn -0.7809172335498524 -0.5996085220975244 -0.17503683775956466
vn 0.38416079885995963 -0.24007541876756253 -0.8915067436216381
vn 0.7809172335498523 0.5996085220975248 0.17503683775956377
vn -0.3841607988599602 0.2400754187675633 0.8915067436216378
vn -0.49253299885807 0.7634352713436826 -0.4178251207195114
vn 0.4925329988580703 -0.7634352713436824 0.41782512071951194
usemtl m_dd6d7b12-12bc-0c62-ed95-caa2c16991bb
f 25/73/19 26/74/19 27/75/19 28/76/19
f 29/77/20 25/78/20 28/79/20 30/80/20
f 31/81/21 29/82/21 30/83/21 32/84/21
f 26/85/22 31/86/22 32/87/22 27/88/22
f 32/89/23 30/90/23 28/91/23 27/92/23
f 26/93/24 25/94/24 29/95/24 31/96/24
o cube
v 0.9741398460098927 0.3513203470220392 -0.14494978570983275
v 0.8444918469327454 0.35719686464536904 -0.25572966234597083
v 0.897968649416097 0.5097956003646198 -0.3102198049833855
v 1.0276166484932445 0.50391908274129 -0.19943992834724744
v 0.5791753546283518 0.6606467322941825 0.3336941664107581
v 0.6326521571117036 0.8132454680134336 0.2792040237733435
v 0.4495273555512044 0.6665232499175124 0.2229142897746199
v 0.5030041580345561 0.8191219856367633 0.16842414713720544
vt 0.12500000000000008 0.8181224221432802
vt 0.18187757785671987 0.8181224221432802
vt 0.18187757785671987 0.875
vt 0.125 0.875
vt 0.710294206586083 0.875
vt 0.4791666666666667 0.875
vt 0.47916774287471836 0.8181237219415141
vt 0.7102952827941347 0.818123721941514
vt 0.12500000000000003 0.875
vt 0.125 0.8181224221432802
vt 0.1818775778567198 0.8181224221432801
vt 0.18187757785671987 0.875
vt 0.75 0.8181237219415141
vt 0.9811275399194163 0.818123721941514
vt 0.9811286161274682 0.8749999999999999
vt 0.7500010762080519 0.875
vt 0.7102941317353991 0.7556209158212451
vt 0.7102941317353991 0.8125
vt 0.4791666666666667 0.8124945419059858
vt 0.4791668269878769 0.7556175348827107
vt 0.4791666666666667 0.9375
vt 0.4791666666666667 0.8806229929764989
vt 0.7102941317498658 0.8806181863695594
vt 0.7102939714228005 0.9374972705480883
vn 0.5696196320150728 -0.44611195587468927 -0.6903025406650858
vn 0.7598100752656176 -0.03443969308793573 0.649232282827083
vn -0.5696196320150728 0.44611195587468866 0.6903025406650861
vn -0.7598100752656174 0.03443969308793598 -0.6492322828270831
vn 0.3134040911473067 0.8943142794150546 -0.31934283346657777
vn -0.3134040911473074 -0.8943142794150547 0.31934283346657694
usemtl m_dd6d7b12-12bc-0c62-ed95-caa2c16991bb
f 33/97/25 34/98/25 35/99/25 36/100/25
f 37/101/26 33/102/26 36/103/26 38/104/26
f 39/105/27 37/106/27 38/107/27 40/108/27
f 34/109/28 39/110/28 40/111/28 35/112/28
f 40/113/29 38/114/29 36/115/29 35/116/29
f 34/117/30 33/118/30 37/119/30 39/120/30
o cube
v -0.15839181527398066 0.8304456491988053 -0.3895576580598933
v -0.030353266630444853 0.9366457605610177 -0.3114583957304423
v -0.016949124373020763 1.0344673168734526 -0.4664522680591555
v -0.14498767301655652 0.9282672055112402 -0.5445515303886065
v 0.2719040649850718 0.4574289851290111 -0.5877675805325052
v 0.28530820724249595 0.5552505414414459 -0.7427614528612184
v 0.3999426136286076 0.5636290964912236 -0.5096683182030542
v 0.41334675588603176 0.6614506528036583 -0.6646621905317674
vt 0.125 0.8137424405883695
vt 0.18625755941163047 0.8137424405883694
vt 0.18625755941163055 0.875
vt 0.125 0.875
vt 0.12500062638365605 0.8137416670595553
vt 0.3259931590885429 0.8137416670595554
vt 0.32599389152143327 0.8749984207928031
vt 0.125 0.875
vt 0.12500000000000008 0.875
vt 0.125 0.8137424405883694
vt 0.18625755941163055 0.8137424405883694
vt 0.1862575594116306 0.875
vt 0.6593264924218762 0.875
vt 0.45833395971698937 0.875
vt 0.4583333333333333 0.8137416670595553
vt 0.6593272248547667 0.8137432462667521
vt 0.125 0.9375
vt 0.12500000000000014 0.8762423349113104
vt 0.325993613446403 0.876241182773748
vt 0.325993613446403 0.9374988478624375
vt 0.3259936134464028 0.7512423349113104
vt 0.3259936134464028 0.8125
vt 0.125 0.8124988478624373
vt 0.125 0.7512411827737477
vn -0.7136172086013954 0.6186234235267021 0.3287180242275361
vn -0.6967283074596349 -0.5778933346660874 -0.42498112820799716
vn 0.7136172086013958 -0.6186234235267022 -0.3287180242275355
vn 0.6967283074596349 0.5778933346660878 0.42498112820799644
vn 0.07293932528057286 0.5323009990715891 -0.8434070791824093
vn -0.07293932528057281 -0.5323009990715893 0.8434070791824092
usemtl m_dd6d7b12-12bc-0c62-ed95-caa2c16991bb
f 41/121/31 42/122/31 43/123/31 44/124/31
f 45/125/32 41/126/32 44/127/32 46/128/32
f 47/129/33 45/130/33 46/131/33 48/132/33
f 42/133/34 47/134/34 48/135/34 43/136/34
f 48/137/35 46/138/35 44/139/35 43/140/35
f 42/141/36 41/142/36 45/143/36 47/144/36
o cube
v 0.1259918316775599 -0.23699933997687173 -2.129703177944723
v -0.016979044886474226 -0.30494902219279996 -2.1286724562062256
v -0.06528577081107972 -0.2050204100893389 -2.241542407741422
v 0.0776851057529544 -0.1370707278734108 -2.2425731294799194
v -0.06570197130343264 0.1730896602472085 -1.68459157871036
v -0.11400869722803814 0.27301827235066956 -1.7974615302455565
v -0.20867284786746676 0.10513997803128039 -1.6835608569718628
v -0.25697957379207226 0.20506859013474132 -1.796430808507059
vt 0.125 0.8749982772395138
vt 0.125 0.8222325106055283
vt 0.1777657666339855 0.8222325106055283
vt 0.17776459515027457 0.875
vt 0.33662022842558786 0.8749999999999999
vt 0.12500158400028485 0.875
vt 0.125 0.8222330682937473
vt 0.33662013440819444 0.8222316121932147
vt 0.125 0.8222342333660144
vt 0.17776576663398558 0.8222342333660144
vt 0.17776748939447176 0.874998828516289
vt 0.12500000000000003 0.875
vt 0.12500158400028485 0.7597316121932147
vt 0.33662022842558775 0.7597316121932147
vt 0.3366201344081945 0.8125
vt 0.125 0.8124985438994674
vt 0.33661893697820816 0.905566595146152
vt 0.33661893697820816 0.95833308763935
vt 0.125 0.9583333333333334
vt 0.125 0.9055668408401353
vt 0.125 0.7499997543060168
vt 0.125 0.697233261812819
vt 0.33661893697820816 0.6972335075068019
vt 0.33661893697820816 0.75
vn 0.30194784228739696 -0.6459545735849113 -0.7011206667919018
vn 0.9031640385601718 0.4292462275107587 -0.0065111918619043425
vn -0.30194784228739774 0.6459545735849116 0.7011206667919011
vn -0.9031640385601719 -0.42924622751075875 0.006511191861904346
vn -0.3051593354129376 0.631260932604352 -0.7130129136122418
vn 0.3051593354129376 -0.6312609326043521 0.7130129136122415
usemtl m_dd6d7b12-12bc-0c62-ed95-caa2c16991bb
f 49/145/37 50/146/37 51/147/37 52/148/37
f 53/149/38 49/150/38 52/151/38 54/152/38
f 55/153/39 53/154/39 54/155/39 56/156/39
f 50/157/40 55/158/40 56/159/40 51/160/40
f 56/161/41 54/162/41 52/163/41 51/164/41
f 50/165/42 49/166/42 53/167/42 55/168/42
o cube
v 0.18339627204343345 0.9717611034099849 -0.06723484092370802
v -0.0011872340119484792 0.9758854222689262 0.07386817077785945
v 0.020587718832884905 1.206213053992104 0.09562073656667813
v 0.20517122488826667 1.2020887351331628 -0.04548227513488934
v 0.6078945851428788 0.8789290355907433 0.4907848288551593
v 0.629669537987712 1.1092566673139213 0.512537394643978
v 0.42331107908749677 0.8830533544496846 0.6318878405567268
v 0.44508603193233 1.1133809861728625 0.6536404063455454
vt 0.12500208300006865 0.7975417386419915
vt 0.20246030709560756 0.7975417386419914
vt 0.2024582240955389 0.8749999999999999
vt 0.125 0.875
vt 0.458333883272348 0.31837545037420467
vt 0.6940844557096465 0.31837545037420467
vt 0.6940839057706318 0.39583333333333337
vt 0.4583333333333333 0.39583333333333315
vt 0.125 0.875
vt 0.12500000000000008 0.7975417759044611
vt 0.2024582613580086 0.7975396929043924
vt 0.2024582613580085 0.8749979169999313
vt 0.4649177890429795 0.39583333333333337
vt 0.22916721660568115 0.39583333333333337
vt 0.22916666666666666 0.3183754503742048
vt 0.4649172391039649 0.3183754503742048
vt 0.4583333333333333 0.22916666666666663
vt 0.4583333333333333 0.15170771839382535
vt 0.6940822866013332 0.15170748098088138
vt 0.6940822866013332 0.22916642925372288
vt 0.6940822866013332 0.23504105172715872
vt 0.6940822866013332 0.3125
vt 0.4583333333333333 0.31249976258705614
vt 0.4583333333333333 0.23504081431421475
vn -0.6002097039228714 0.1312577841205275 -0.7889991796095785
vn 0.7943346145470975 -0.017748548075055767 -0.6072211369620969
vn 0.6002097039228714 -0.1312577841205271 0.7889991796095787
vn -0.7943346145470975 0.0177485480750556 0.6072211369620968
vn 0.09370609077927271 0.9911893780448804 0.09360975057049448
vn -0.09370609077927274 -0.9911893780448804 -0.09360975057049443
usemtl m_dd6d7b12-12bc-0c62-ed95-caa2c16991bb
f 57/169/43 58/170/43 59/171/43 60/172/43
f 61/173/44 57/174/44 60/175/44 62/176/44
f 63/177/45 61/178/45 62/179/45 64/180/45
f 58/181/46 63/182/46 64/183/46 59/184/46
f 64/185/47 62/186/47 60/187/47 59/188/47
f 58/189/48 57/190/48 61/191/48 63/192/48
o cube
v -0.16058758023969721 0.7574908642028264 -0.7400647325540024
v -0.33837053931732414 0.7562108488622461 -0.6502815670197766
v -0.3631255962962069 0.9589880726664317 -0.6964090264383538
v -0.18534263721858002 0.9602680880070118 -0.7861921919725798
v 0.23411699176304923 0.9842018379159221 0.044736514729784904
v 0.20936193478416643 1.1869790617201077 -0.001390944688792306
v 0.05633403268542225 0.9829218225753418 0.13451968026401073
v 0.03157897570653945 1.1856990463795274 0.08839222084543352
vt 0.125 0.875
vt 0.125 0.8086089475560294
vt 0.1948098792465757 0.8086087746406394
vt 0.19480779595934275 0.874999813225229
vt 0.4899165990914634 0.24269117434670662
vt 0.1875008154962042 0.24269117434670673
vt 0.1875 0.3125000000000001
vt 0.4899178008292659 0.3124994793804262
vt 0.12500017291539 0.8051901207534243
vt 0.19139122535936062 0.8051901207534243
vt 0.19139103858458964 0.874997916712767
vt 0.125 0.875
vt 0.5000008154962042 0.3051911743467066
vt 0.8024165990914636 0.3051911743467066
vt 0.8024178008292658 0.3749994793804262
vt 0.5 0.375
vt 0.489916629108456 0.3086064708631334
vt 0.489916629108456 0.37499714991994837
vt 0.1875 0.375
vt 0.1875 0.30860932094318516
vt 0.1875 0.20833048325328163
vt 0.1875 0.14193980419646668
vt 0.489916629108456 0.14194265427651842
vt 0.489916629108456 0.20833333333333337
vn -0.43505601763873963 -0.2498880944757184 -0.865033063966699
vn 0.8926107618238129 0.006426687204607517 -0.4507823483321928
vn 0.4350560176387396 0.24988809447571853 0.865033063966699
vn -0.8926107618238128 -0.006426687204608095 0.4507823483321928
vn -0.11820443897177917 0.9682533955173452 -0.22025683343882577
vn 0.1182044389717791 -0.9682533955173452 0.22025683343882552
usemtl m_dd6d7b12-12bc-0c62-ed95-caa2c16991bb
f 65/193/49 66/194/49 67/195/49 68/196/49
f 69/197/50 65/198/50 68/199/50 70/200/50
f 71/201/51 69/202/51 70/203/51 72/204/51
f 66/205/52 71/206/52 72/207/52 67/208/52
f 72/209/53 70/210/53 68/211/53 67/212/53
f 66/213/54 65/214/54 69/215/54 71/216/54
o cube
v -0.032193693135870505 0.09350815057148598 -1.74875323046385
v -0.21342745669930485 0.04935880773256607 -1.719088146291361
v -0.27011636973130443 0.21823693984789827 -1.8140848937122485
v -0.08888260616787014 0.2623862826868182 -1.8437499778847375
v -0.018574841945797393 0.4090169121664746 -1.1959922793880893
v -0.07526375497779703 0.5778950442818067 -1.2909890268089765
v -0.19980860550923174 0.3648675693275547 -1.1663271952156002
v -0.2564975185412313 0.5337457014428868 -1.2613239426364875
vt 0.125 0.8749994577951095
vt 0.125 0.8120411825772894
vt 0.1922952252971657 0.81204172478218
vt 0.1922952252971656 0.875
vt 0.7538708503095806 0.2243702947407611
vt 0.5416666666666666 0.2243702947407612
vt 0.5416676451529779 0.29166666666666663
vt 0.7538707668600791 0.29166487430227617
vt 0.125 0.8077047747028343
vt 0.18795827521782005 0.8077047747028343
vt 0.1879588174227106 0.8749999999999999
vt 0.1250005422048905 0.875
vt 0.7708333333333334 0.2868702947407612
vt 0.9830375169762472 0.2868702947407611
vt 0.9830374335267459 0.3541648743022763
vt 0.7708343118196446 0.35416666666666663
vt 0.7538713468278223 0.2912060053596601
vt 0.7538713468278223 0.3541651097697849
vt 0.5416666666666667 0.35416666666666663
vt 0.5416666666666666 0.2912075622565419
vt 0.5416666666666666 0.2083317764364515
vt 0.5416666666666667 0.14537267202632675
vt 0.7538713468278223 0.1453742289232084
vt 0.7538713468278223 0.20833333333333337
vn -0.02139267404054634 -0.4956053928144707 -0.8682843129474407
vn 0.9595287196675163 0.2337454212474242 -0.1570595879883854
vn 0.02139267404054652 0.49560539281447025 0.8682843129474411
vn -0.9595287196675162 -0.23374542124742423 0.1570595879883854
vn -0.2807970612926927 0.836503659680625 -0.47054716842236854
vn 0.2807970612926926 -0.8365036596806248 0.4705471684223689
usemtl m_dd6d7b12-12bc-0c62-ed95-caa2c16991bb
f 73/217/55 74/218/55 75/219/55 76/220/55
f 77/221/56 73/222/56 76/223/56 78/224/56
f 79/225/57 77/226/57 78/227/57 80/228/57
f 74/229/58 79/230/58 80/231/58 75/232/58
f 80/233/59 78/234/59 76/235/59 75/236/59
f 74/237/60 73/238/60 77/239/60 79/240/60
o cube
v -0.3935081787801064 0.9627042243715169 -0.08536835191936443
v -0.43413680235060265 0.9764224675408277 0.05105057913902811
v -0.440511318226219 1.1143154008024245 0.035285636699726064
v -0.39988269465572274 1.100597157633114 -0.10113329435866647
v 0.17009324800655912 1.0074343654146065 0.07798677106825513
v 0.1637187321309428 1.1453272986762033 0.06222182862895309
v 0.12946462443606288 1.0211526085839169 0.2144057021266479
v 0.12309010856044655 1.159045541845514 0.19864075968734585
vt 0.020833333333333332 0.24535406025373696
vt 0.06850043159769637 0.24535406025373696
vt 0.06850342199165711 0.29166666666666663
vt 0.020836323727294086 0.29166666666666663
vt 0.21699981995398496 0.24535444155003017
vt 0.020833333333333332 0.24535444155003017
vt 0.02083429590236315 0.29166666666666663
vt 0.21700078252301477 0.29166666666666663
vt 0.020833333333333332 0.29166367627270595
vt 0.020833333333333332 0.24399657800834296
vt 0.06714593974626297 0.24399956840230352
vt 0.06714593974626304 0.29166666666666663
vt 0.22916666666666666 0.32868777488336354
vt 0.4253331532873183 0.3286877748833633
vt 0.4253341158563482 0.37499999999999967
vt 0.22916762923569664 0.375
vt 0.2170011375961137 0.16066695030314582
vt 0.2170011375961137 0.20833333333333337
vt 0.020833333333333332 0.20833017808437182
vt 0.02083462713838043 0.1606621621591241
vt 0.020833333333333332 0.3749994637935873
vt 0.020833333333333332 0.32733144785078105
vt 0.21700113760949616 0.32733361698736996
vt 0.2169998438487696 0.375
vn -0.9576914643783608 -0.07600703660677903 -0.27757879861957496
vn 0.2841162487447292 -0.09593177041475966 -0.953978538869881
vn 0.957691464378361 0.07600703660677899 0.27757879861957485
vn -0.2841162487447294 0.09593177041475963 0.9539785388698809
vn -0.0458804561447867 0.9924817508706878 -0.11346787180784108
vn 0.04588045614478655 -0.9924817508706875 0.11346787180784282
usemtl m_dd6d7b12-12bc-0c62-ed95-caa2c16991bb
f 81/241/61 82/242/61 83/243/61 84/244/61
f 85/245/62 81/246/62 84/247/62 86/248/62
f 87/249/63 85/250/63 86/251/63 88/252/63
f 82/253/64 87/254/64 88/255/64 83/256/64
f 88/257/65 86/258/65 84/259/65 83/260/65
f 82/261/66 81/262/66 85/263/66 87/264/66
o cube
v -0.7103716671610192 0.7848949687370901 -0.16185697930531728
v -0.7510002907315156 0.7986132119064009 -0.025438048246924527
v -0.8078091489737926 0.921968446461628 -0.054761565076996144
v -0.7671805254032962 0.9082502032923174 -0.19118049613538868
v -0.3409300462243712 0.9766067554885878 -0.07110743638498795
v -0.39773890446664834 1.099961990043815 -0.10043095321505935
v -0.3815586697948677 0.9903249986578984 0.0653114946734048
v -0.4383675280371448 1.1136802332131257 0.035987977843333185
vt 0.125 0.8286882570086122
vt 0.17266545439345693 0.828688257008612
vt 0.1726658570479281 0.875
vt 0.12500040265447118 0.875
vt 0.2669999063477781 0.8286884754228524
vt 0.125 0.8286884754228524
vt 0.12500060666119817 0.8749999999999999
vt 0.26700051300897637 0.875
vt 0.125 0.8749995973455288
vt 0.12500000000000008 0.8273341429520719
vt 0.17131174299138796 0.8273345456065431
vt 0.17131174299138796 0.875
vt 0.25 0.8911884754228524
vt 0.3919999063477782 0.8911884754228524
vt 0.39200051300897654 0.9375
vt 0.25000060666119817 0.9375
vt 0.26699940006229905 0.7231671324596338
vt 0.26699940006229905 0.7708332814315458
vt 0.125 0.7708333333333334
vt 0.125 0.7231671843614214
vt 0.125 0.9374999480982124
vt 0.12500000000000008 0.8898337991263005
vt 0.2669994000622991 0.889833851028088
vt 0.2669994000622991 0.9375
vn -0.8672338519639669 -0.4500276684307473 -0.2130270960571114
vn 0.2841162487447311 -0.09593177041475984 -0.9539785388698805
vn 0.8672338519639664 0.45002766843074804 0.2130270960571123
vn -0.2841162487447316 0.09593177041476098 0.9539785388698802
vn -0.4088806711095094 0.887846942367813 -0.21105545176839785
vn 0.4088806711095097 -0.8878469423678131 0.21105545176839766
usemtl m_dd6d7b12-12bc-0c62-ed95-caa2c16991bb
f 89/265/67 90/266/67 91/267/67 92/268/67
f 93/269/68 89/270/68 92/271/68 94/272/68
f 95/273/69 93/274/69 94/275/69 96/276/69
f 90/277/70 95/278/70 96/279/70 91/280/70
f 96/281/71 94/282/71 92/283/71 91/284/71
f 90/285/72 89/286/72 93/287/72 95/288/72