# Made in Blockbench 4.12.2
mtllib ash_twig_branch_up_2.mtl

o cube
v -0.0667068269585408 0.42725852236534734 -0.3145521176985996
v -0.25975975413049235 0.49255568306614284 -0.3064701184985713
v -0.19402567516117014 0.6698570769722236 -0.1687716701226311
v -0.0009727479892185364 0.6045599162714281 -0.17685366932265933
v -0.18667472463887302 -0.0031057741983183673 0.29685759621623653
v -0.12094064566955076 0.17419561970776243 0.4345560445921768
v -0.37972765181082463 0.06219138650247713 0.3049395954162647
v -0.3139935728415024 0.23949278040855804 0.44263804379220495
vt 0.3541666666666667 0.8595261614472188
vt 0.42215177165936385 0.8595261614472188
vt 0.42215436771412573 0.9374972701970892
vt 0.3541681542397536 0.9375
vt 0.3541667368390278 0.8595254160777867
vt 0.6065834054401199 0.8595254160777865
vt 0.6065820854741072 0.937498333178592
vt 0.3541666666666667 0.9375
vt 0.3541666666666667 0.9374974039452381
vt 0.3541666666666667 0.8695122989525409
vt 0.4321405052194478 0.8695137865256278
vt 0.432137775416537 0.9375
vt 0.4607500721067866 0.33333333333333337
vt 0.20833340350569443 0.33333333333333315
vt 0.20833333333333334 0.2553587494111199
vt 0.4607487521407739 0.2553604162325279
vt 0.3541666666666667 0.8333333333333334
vt 0.3541666666666667 0.7653486128277506
vt 0.6065833894185534 0.7653460397414119
vt 0.6065833894185534 0.8333307602469948
vt 0.43991672275188676 0.1820152794944171
vt 0.43991672275188676 0.25
vt 0.18750000000000008 0.24999742691366167
vt 0.1875 0.18201270640807887
vn 0.1584257480096826 0.5683252513221079 -0.8074080078109429
vn 0.946537248501705 -0.32015155496530806 -0.039625989604259865
vn -0.158425748009683 -0.5683252513221079 0.8074080078109428
vn -0.9465372485017052 0.3201515549653078 0.03962598960425962
vn 0.2810133796928432 0.7579639770879343 0.5886612692123098
vn -0.28101337969284323 -0.7579639770879343 -0.5886612692123098
usemtl m_85d4ab5d-1945-944a-e0b0-b818da0bd452
f 1/1/1 2/2/1 3/3/1 4/4/1
f 5/5/2 1/6/2 4/7/2 6/8/2
f 7/9/3 5/10/3 6/11/3 8/12/3
f 2/13/4 7/14/4 8/15/4 3/16/4
f 8/17/5 6/18/5 4/19/5 3/20/5
f 2/21/6 1/22/6 5/23/6 7/24/6
o cube
v -0.6255621051916096 0.5623564070126705 -0.07985126259371711
v -0.6572395864458873 0.5101699693381989 0.06056527203375783
v -0.5920904178802298 0.6165497270363343 0.11479921379220559
v -0.5604129366259522 0.6687361647108061 -0.025617320835269353
v -0.16836497418055157 0.2827537519698331 -0.08062476825090836
v -0.10321580561489418 0.38913350966796867 -0.02639082649246055
v -0.2000424554348293 0.23056731429536137 0.05979176637656658
v -0.13489328686917185 0.3369470719934968 0.11402570813501434
vt 0.3541666666666667 0.9375
vt 0.35416666666666674 0.8864607972533476
vt 0.3995070759497186 0.8864590481893238
vt 0.39950981808889185 0.9374971733329369
vt 0.7708333333333334 0.8921584571527644
vt 0.9494728067016583 0.8921584571527644
vt 0.9494730183710015 0.9375
vt 0.7708335450026765 0.9375
vt 0.3541684157306906 0.8921568485777749
vt 0.405207618477343 0.8921568485777748
vt 0.40520479181027985 0.9375
vt 0.3541666666666667 0.9374972578608268
vt 0.9494728067016583 0.35416666666666663
vt 0.7708333333333334 0.35416666666666663
vt 0.7708335450026764 0.30882512381943117
vt 0.9494730183710015 0.30882512381943117
vt 0.7708333333333334 0.27083333333333337
vt 0.7708333333333334 0.21979582151264188
vt 0.949471903444509 0.21978982187460494
vt 0.949473042908011 0.27082907779985355
vt 0.9494730429584983 0.8239607440620321
vt 0.9494730429584983 0.875
vt 0.7708344727578974 0.8749979885104383
vt 0.7708333333333334 0.8239604767024659
vn -0.853111190289897 0.52172714497205 0.001443329993001312
vn 0.20688912120664688 0.34083537585296275 -0.9170758627799073
vn 0.853111190289898 -0.5217271449720483 -0.0014433299930008833
vn -0.20688912120664704 -0.340835375852963 0.917075862779907
vn 0.4789553095315831 0.7820690716084382 0.3987101437197466
vn -0.47895530953158333 -0.7820690716084386 -0.39871014371974567
usemtl m_85d4ab5d-1945-944a-e0b0-b818da0bd452
f 9/25/7 10/26/7 11/27/7 12/28/7
f 13/29/8 9/30/8 12/31/8 14/32/8
f 15/33/9 13/34/9 14/35/9 16/36/9
f 10/37/10 15/38/10 16/39/10 11/40/10
f 16/41/11 14/42/11 12/43/11 11/44/11
f 10/45/12 9/46/12 13/47/12 15/48/12
o cube
v 0.7001466750960599 0.2532521047264138 1.1965651201916603
v 0.5452421341388822 0.23071008305513308 1.0908042043167585
v 0.45818840324560894 0.34077929286139164 1.1948486485125194
v 0.6130929442027866 0.36332131453267236 1.3006095643874211
v 0.5686867516767744 -0.10487998496065953 1.4654429015837327
v 0.4816330207835009 0.0051892248455990275 1.5694873457794936
v 0.41378221071959675 -0.12742200663194025 1.3596819857088311
v 0.32672847982632336 -0.017352796825681693 1.4637264299045918
vt 0.3541666666666667 0.9375
vt 0.3541666666666667 0.8745295283871966
vt 0.4123982285561442 0.8745290193026869
vt 0.412400275508726 0.9374998785530861
vt 0.35416682250519943 0.8792678314729341
vt 0.5097431824436599 0.8792678314729341
vt 0.5097430266051272 0.9374999999999999
vt 0.3541666666666667 0.9375
vt 0.3541671757511764 0.8792663911579406
vt 0.41713764736397985 0.8792663911579407
vt 0.417137525917066 0.9375
vt 0.3541666666666667 0.9374979530474182
vt 0.9264098491103265 0.35416666666666663
vt 0.7708334891718661 0.35416666666666663
vt 0.7708333333333334 0.2959344981396007
vt 0.9264096932717937 0.2959344981396007
vt 0.7708333333333334 0.2708300449686213
vt 0.7708333333333334 0.2078594408464839
vt 0.9264102129275701 0.20786240912136555
vt 0.9264081543308932 0.27083333333333337
vt 0.5097435462748062 0.7911957424210497
vt 0.5097435462748062 0.8541666666666666
vt 0.3541666666666667 0.854164548942712
vt 0.3541687252528784 0.7911939448542235
vn 0.2816624679400361 0.7673241061312315 -0.5760902449302845
vn 0.819968898825363 0.11932353030378327 0.5598329215712164
vn -0.2816624679400353 -0.7673241061312314 0.5760902449302846
vn -0.8199688988253624 -0.11932353030378423 -0.559832921571217
vn -0.4983144179261231 0.6300600060833483 0.5955729423178997
vn 0.49831441792612297 -0.6300600060833481 -0.5955729423179001
usemtl m_85d4ab5d-1945-944a-e0b0-b818da0bd452
f 17/49/13 18/50/13 19/51/13 20/52/13
f 21/53/14 17/54/14 20/55/14 22/56/14
f 23/57/15 21/58/15 22/59/15 24/60/15
f 18/61/16 23/62/16 24/63/16 19/64/16
f 24/65/17 22/66/17 20/67/17 19/68/17
f 18/69/18 17/70/18 21/71/18 23/72/18
o cube
v -1.1344137770842042 0.9568999803860685 -0.1943509645094783
v -1.1906989318432784 0.9217254333232701 -0.06373223614777968
v -1.1130042942075407 1.0421535607845955 0.0021776042581937993
v -1.0567191394484665 1.077328107847394 -0.12844112410350483
v -0.5710376008510184 0.5243251287842434 -0.06807435013810825
v -0.4933429632152806 0.6447532562455689 -0.0021645097321350004
v -0.6273227556100927 0.4891505817214451 0.06254437822359038
v -0.5496281179743548 0.6095787091827707 0.12845421862956363
vt 0.6875 0.9375
vt 0.6875 0.8886613700522464
vt 0.7400818628458716 0.8886612981566031
vt 0.7400818628458716 0.9374999281043566
vt 0.6875003506482598 0.8849177685596635
vt 0.9279775647618064 0.8849177685596635
vt 0.9279772141135464 0.9375
vt 0.6875 0.9375
vt 0.6875000718956433 0.8849181371541284
vt 0.736338701843397 0.8849181371541284
vt 0.7363386299477536 0.9375
vt 0.6875 0.9375
vt 0.7613108980951396 0.33333333333333337
vt 0.5208336839815931 0.33333333333333337
vt 0.5208333333333334 0.2807511018929968
vt 0.7613105474468798 0.280751101892997
vt 0.5208333333333334 0.27083333333333337
vt 0.5208333333333334 0.22199429583051822
vt 0.7613088098472846 0.22199133675850213
vt 0.7613107439039349 0.2708295998566097
vt 0.9279774105298865 0.8261551728042639
vt 0.9279774105298865 0.8749934359406669
vt 0.6875019340873162 0.875
vt 0.6875 0.826160962535481
vn -0.7809172335498528 0.5996085220975242 -0.17503683775956339
vn 0.3841607988599597 0.24007541876756316 -0.891506743621638
vn 0.7809172335498522 -0.5996085220975247 0.1750368377595642
vn -0.384160798859959 -0.24007541876756192 0.8915067436216387
vn 0.49253299885806995 0.7634352713436824 0.4178251207195121
vn -0.4925329988580695 -0.763435271343682 -0.4178251207195127
usemtl m_85d4ab5d-1945-944a-e0b0-b818da0bd452
f 25/73/19 26/74/19 27/75/19 28/76/19
f 29/77/20 25/78/20 28/79/20 30/80/20
f 31/81/21 29/82/21 30/83/21 32/84/21
f 26/85/22 31/86/22 32/87/22 27/88/22
f 32/89/23 30/90/23 28/91/23 27/92/23
f 26/93/24 25/94/24 29/95/24 31/96/24
o cube
v 1.0276166484932454 0.49608091725870973 0.8005600716527526
v 0.8979686494160979 0.49020439963538 0.6897801950166143
v 0.844491846932746 0.6428031353546313 0.7442703376540292
v 0.9741398460098933 0.6486796529779613 0.8550502142901673
v 0.6326521571117036 0.18675453198656577 1.2792040237733442
v 0.5791753546283516 0.3393532677058172 1.3336941664107589
v 0.5030041580345563 0.18087801436323592 1.168424147137206
v 0.44952735555120427 0.33347675008248734 1.2229142897746208
vt 0.3541666666666667 0.9375
vt 0.3541666666666667 0.8806225023060649
vt 0.41104424448528837 0.8806204205140934
vt 0.41104424448528837 0.9374979182080286
vt 0.041666666666666664 0.8389561253290972
vt 0.27279514090028956 0.8389561253290972
vt 0.2727936652374165 0.8958333333333334
vt 0.04166705527178608 0.8958324033964377
vt 0.3541687484586382 0.8806224221813783
vt 0.4110462461525734 0.8806224221813783
vt 0.411044164360602 0.9375
vt 0.3541666666666667 0.9375
vt 0.981128474233623 0.35416666666666663
vt 0.75 0.3541666666666665
vt 0.7500003886051195 0.2972903885993262
vt 0.9811269985707499 0.2972894586624305
vt 0.75 0.29166186005972705
vt 0.75 0.23478485303622598
vt 0.981127304756134 0.2347875824881377
vt 0.9811274650831993 0.29166666666666663
vt 0.272794131735399 0.7556175348827108
vt 0.272794131735399 0.8124966190614658
vt 0.041666826987876826 0.8125
vt 0.041666666666666664 0.7556229929767249
vn 0.5696196320150729 0.4461119558746895 -0.6903025406650855
vn 0.7598100752656173 0.034439693087936464 0.6492322828270832
vn -0.5696196320150729 -0.4461119558746891 0.6903025406650859
vn -0.7598100752656176 -0.03443969308793673 -0.6492322828270831
vn -0.31340409114730755 0.8943142794150547 0.3193428334665771
vn 0.3134040911473069 -0.8943142794150546 -0.3193428334665774
usemtl m_85d4ab5d-1945-944a-e0b0-b818da0bd452
f 33/97/25 34/98/25 35/99/25 36/100/25
f 37/101/26 33/102/26 36/103/26 38/104/26
f 39/105/27 37/106/27 38/107/27 40/108/27
f 34/109/28 39/110/28 40/111/28 35/112/28
f 40/113/29 38/114/29 36/115/29 35/116/29
f 34/117/30 33/118/30 37/119/30 39/120/30
o cube
v -0.14498767301655674 0.07173279448875869 0.45544846961139407
v -0.01694912437302093 -0.034467316873453724 0.5335477319408448
v -0.03035326663044502 0.06335423943898122 0.6885416042695582
v -0.15839181527398083 0.16955435080119363 0.6104423419401073
v 0.28530820724249595 0.4447494585585531 0.2572385471387819
v 0.2719040649850719 0.5425710148709881 0.4122324194674951
v 0.41334675588603187 0.3385493471963408 0.3353378094682329
v 0.3999426136286077 0.4363709035087757 0.4903316817969461
vt 0.3541666666666667 0.9375
vt 0.3541666666666667 0.87624385203049
vt 0.41542422605913093 0.8762453844021885
vt 0.4154228146361767 0.9375
vt 0.805160558194304 0.22916666666666663
vt 0.6041666666666666 0.22916666666666663
vt 0.6041669178057942 0.16790991292955493
vt 0.8051608093334314 0.16790991292955493
vt 0.3541666666666667 0.8762424406075358
vt 0.41542281463617653 0.8762424406075358
vt 0.41542281463617653 0.9374985885770457
vt 0.354168199038365 0.9375
vt 0.6666666666666666 0.8137432462628883
vt 0.8676605581943039 0.8137432462628883
vt 0.8676608093334314 0.875
vt 0.6666669178057942 0.875
vt 0.825992091037647 0.8762438573091554
vt 0.825992091037647 0.9375
vt 0.625 0.9374979079479047
vt 0.6250014221929708 0.8762402428757242
vt 0.6458333333333334 0.3333322814524986
vt 0.6458333333333334 0.27207461636380914
vt 0.8468254243653824 0.2720771906589975
vt 0.8468240022077564 0.33333333333333337
vn -0.7136172086013952 -0.6186234235267026 0.328718024227536
vn -0.6967283074596351 0.5778933346660875 -0.4249811282079967
vn 0.713617208601395 0.6186234235267023 -0.32871802422753704
vn 0.6967283074596349 -0.5778933346660875 0.42498112820799683
vn -0.07293932528057274 0.5323009990715893 0.8434070791824093
vn 0.072939325280572 -0.5323009990715888 -0.8434070791824096
usemtl m_85d4ab5d-1945-944a-e0b0-b818da0bd452
f 41/121/31 42/122/31 43/123/31 44/124/31
f 45/125/32 41/126/32 44/127/32 46/128/32
f 47/129/33 45/130/33 46/131/33 48/132/33
f 42/133/34 47/134/34 48/135/34 43/136/34
f 48/137/35 46/138/35 44/139/35 43/140/35
f 42/141/36 41/142/36 45/143/36 47/144/36
o cube
v 0.07768510575295484 1.137070727873411 -1.2425731294799198
v -0.06528577081107956 1.2050204100893391 -1.2415424077414223
v -0.016979044886474004 1.3049490221928002 -1.1286724562062256
v 0.12599183167756034 1.236999339976872 -1.129703177944723
v -0.1140086972280383 0.7269817276493293 -0.7974615302455557
v -0.0657019713034328 0.8269103397527906 -0.6845915787103589
v -0.2569795737920727 0.7949314098652578 -0.7964308085070583
v -0.2086728478674671 0.8948600219687188 -0.6835608569718616
vt 0.3541666666666667 0.8847325106055284
vt 0.40693243330065226 0.8847325106055283
vt 0.40693360478436325 0.9375
vt 0.35416783815037767 0.9375
vt 0.75 0.8013997349507641
vt 0.961620134413204 0.8013997349507641
vt 0.9616189134878107 0.8541666666666666
vt 0.7500017251577976 0.8541666327640366
vt 0.3541666666666667 0.937498828516289
vt 0.3541666666666667 0.8847330618823034
vt 0.40693415606113836 0.8847342333660144
vt 0.40693415606113836 0.9375
vt 0.41995346774653725 0.33333333333333337
vt 0.20833333333333334 0.33333333333333337
vt 0.20833505849113085 0.2805664355200611
vt 0.419952246821144 0.28056640161743074
vt 0.75 0.7916666666666666
vt 0.75 0.7388984390036644
vt 0.9616177839176304 0.7388953043904047
vt 0.9616189369223186 0.7916617968710056
vt 0.6699522703115415 0.28056535137691185
vt 0.6699522703115415 0.33333184387010995
vt 0.45833448637593693 0.33333333333333337
vt 0.4583333333333333 0.2805651056829287
vn 0.301947842287397 0.6459545735849126 -0.7011206667919003
vn 0.903164038560172 -0.4292462275107585 -0.006511191861904033
vn -0.301947842287398 -0.6459545735849114 0.7011206667919011
vn -0.9031640385601718 0.42924622751075897 0.006511191861904451
vn 0.30515933541293644 0.6312609326043527 0.7130129136122416
vn -0.30515933541293705 -0.6312609326043522 -0.7130129136122417
usemtl m_85d4ab5d-1945-944a-e0b0-b818da0bd452
f 49/145/37 50/146/37 51/147/37 52/148/37
f 53/149/38 49/150/38 52/151/38 54/152/38
f 55/153/39 53/154/39 54/155/39 56/156/39
f 50/157/40 55/158/40 56/159/40 51/160/40
f 56/161/41 54/162/41 52/163/41 51/164/41
f 50/165/42 49/166/42 53/167/42 55/168/42
o cube
v 0.20517122488826744 -0.20208873513316394 0.9545177248651111
v 0.020587718832884905 -0.2062130539921051 1.0956207365666788
v -0.0011872340119484237 0.02411457773107395 1.0738681707778601
v 0.18339627204343412 0.028238896590015106 0.9327651590762924
v 0.6296695379877131 -0.10925666731392225 1.5125373946439788
v 0.6078945851428796 0.12107096440925669 1.4907848288551602
v 0.44508603193233065 -0.11338098617286341 1.6536404063455468
v 0.4233110790874972 0.11694664555031564 1.631887840556728
vt 0.3541666666666667 0.9375
vt 0.3541666666666667 0.8600417759044611
vt 0.43162492802467517 0.8600396929043925
vt 0.43162492802467517 0.9374979169999313
vt 0.4440821139652689 0.33333333333333337
vt 0.20833333333333334 0.33333333333333337
vt 0.2083335518303985 0.25587545037256065
vt 0.4440843977640497 0.2558757238805147
vt 0.35416874966673534 0.8600417386419915
vt 0.4316269737622742 0.8600417386419915
vt 0.43162489076220556 0.9375
vt 0.3541666666666667 0.9375
vt 0.3541666666666667 0.8600421170392273
vt 0.5899154472986022 0.8600421170392273
vt 0.589917731097383 0.9374997264920459
vt 0.3541668851637318 0.9375
vt 0.6107492324324914 0.755874997296767
vt 0.6107492324324914 0.8333318810244613
vt 0.375 0.8333333333333334
vt 0.37500027916516715 0.7558743850609949
vt 0.20833333333333334 0.22916642925372266
vt 0.20833333333333334 0.15170748098088138
vt 0.44408256575905947 0.15170978293947546
vt 0.44408228660133303 0.22916666666666663
vn -0.600209703922871 -0.13125778412052674 -0.7889991796095791
vn 0.7943346145470974 0.017748548075056006 -0.6072211369620968
vn 0.6002097039228718 0.1312577841205271 0.7889991796095784
vn -0.7943346145470975 -0.01774854807505617 0.6072211369620969
vn -0.0937060907792719 0.9911893780448803 -0.09360975057049498
vn 0.09370609077927225 -0.9911893780448803 0.09360975057049488
usemtl m_85d4ab5d-1945-944a-e0b0-b818da0bd452
f 57/169/43 58/170/43 59/171/43 60/172/43
f 61/173/44 57/174/44 60/175/44 62/176/44
f 63/177/45 61/178/45 62/179/45 64/180/45
f 58/181/46 63/182/46 64/183/46 59/184/46
f 64/185/47 62/186/47 60/187/47 59/188/47
f 58/189/48 57/190/48 61/191/48 63/192/48
o cube
v -0.1853426372185797 0.039731911992988644 0.21380780802741983
v -0.3631255962962077 0.04101192733356884 0.3035909735616462
v -0.33837053931732497 0.24378915113775412 0.3497184329802234
v -0.16058758023969694 0.2425091357971738 0.25993526744599704
v 0.20936193478416698 -0.18697906172010736 0.9986090553112077
v 0.23411699176304968 0.015798162084077916 1.044736514729785
v 0.03157897570653889 -0.18569904637952706 1.0883922208454342
v 0.05633403268542159 0.017078177424658114 1.1345196802640112
vt 0.354166960655578 0.8676901345872285
vt 0.4205579992728534 0.8676901345872285
vt 0.4205577190779515 0.9375
vt 0.3541666666666667 0.9374979167123331
vt 0.3541666666666667 0.8676916949643151
vt 0.6565844674963807 0.8676916949643151
vt 0.6565855490574939 0.9374999999999999
vt 0.3541677482277799 0.9375
vt 0.3541666666666667 0.9375
vt 0.3541666666666667 0.8711089613827245
vt 0.4239744487917712 0.8711086673938132
vt 0.42397653207943814 0.937499719805098
vt 0.9274178008297139 0.3051916949643151
vt 0.625 0.3051916949643151
vt 0.6250010815611132 0.375
vt 0.9274188823908273 0.375
vt 0.35416666666666674 0.8333333333333334
vt 0.3541666666666667 0.7669426542765184
vt 0.6565832957751228 0.7669398041964665
vt 0.6565832957751229 0.8333304832532814
vt 0.9274166291084561 0.20444265427651842
vt 0.9274166291084561 0.27083333333333337
vt 0.6250000000000001 0.2708304832532815
vt 0.625 0.20443980419646668
vn -0.43505601763873974 0.24988809447571877 -0.865033063966699
vn 0.8926107618238129 -0.006426687204607813 -0.45078234833219294
vn 0.43505601763873997 -0.24988809447571872 0.8650330639666988
vn -0.8926107618238129 0.006426687204608105 0.4507823483321927
vn 0.11820443897177849 0.9682533955173452 0.2202568334388259
vn -0.11820443897177865 -0.9682533955173451 -0.2202568334388259
usemtl m_85d4ab5d-1945-944a-e0b0-b818da0bd452
f 65/193/49 66/194/49 67/195/49 68/196/49
f 69/197/50 65/198/50 68/199/50 70/200/50
f 71/201/51 69/202/51 70/203/51 72/204/51
f 66/205/52 71/206/52 72/207/52 67/208/52
f 72/209/53 70/210/53 68/211/53 67/212/53
f 66/213/54 65/214/54 69/215/54 71/216/54
o cube
v -0.08888260616787003 0.7376137173131823 -0.8437499778847382
v -0.27011636973130443 0.7817630601521022 -0.8140848937122491
v -0.21342745669930485 0.9506411922674343 -0.7190881462913618
v -0.032193693135870394 0.9064918494285144 -0.7487532304638508
v -0.07526375497779686 0.42210495571819284 -0.2909890268089761
v -0.018574841945797227 0.5909830878335249 -0.19599227938808872
v -0.25649751854123126 0.46625429855711276 -0.26132394263648706
v -0.19980860550923168 0.6351324306724448 -0.1663271952155997
vt 0.3541666666666667 0.8702047747028343
vt 0.41712494188448673 0.8702047747028343
vt 0.4171254840893772 0.9375
vt 0.3541672088715571 0.9375
vt 0.35416675011616805 0.8702054204384848
vt 0.5663709337590821 0.8702054204384847
vt 0.5663708503095807 0.9374999999999999
vt 0.3541666666666667 0.9375
vt 0.3541666666666667 0.9374994577951095
vt 0.3541666666666667 0.8745411825772894
vt 0.4214618919638324 0.87454172478218
vt 0.4214618919638324 0.9375
vt 0.2747042670924155 0.33333333333333337
vt 0.06250008344950153 0.33333333333333337
vt 0.0625 0.2660387537718182
vt 0.27470418364291405 0.2660387537718182
vt 0.3541666666666667 0.8333285393112525
vt 0.3541666666666667 0.770368546192551
vt 0.5663713467793814 0.7703733402146318
vt 0.5663713467793813 0.8333333333333334
vt 0.2747046801127147 0.18703521285921798
vt 0.2747046801127147 0.24999520597791947
vt 0.0625 0.25
vt 0.06250000000000007 0.18704000688129863
vn -0.021392674040546376 0.4956053928144706 -0.8682843129474408
vn 0.9595287196675163 -0.23374542124742442 -0.15705958798838554
vn 0.021392674040546383 -0.49560539281447047 0.8682843129474408
vn -0.9595287196675163 0.2337454212474242 0.15705958798838543
vn 0.2807970612926925 0.8365036596806251 0.47054716842236893
vn -0.2807970612926926 -0.836503659680625 -0.47054716842236893
usemtl m_85d4ab5d-1945-944a-e0b0-b818da0bd452
f 73/217/55 74/218/55 75/219/55 76/220/55
f 77/221/56 73/222/56 76/223/56 78/224/56
f 79/225/57 77/226/57 78/227/57 80/228/57
f 74/229/58 79/230/58 80/231/58 75/232/58
f 80/233/59 78/234/59 76/235/59 75/236/59
f 74/237/60 73/238/60 77/239/60 79/240/60
o cube
v -0.3998826946557225 -0.10059715763311394 0.8988667056413338
v -0.44051131822621864 -0.11431540080242453 1.0352856366997265
v -0.4341368023506023 0.02357753245917249 1.0510505791390286
v -0.3935081787801062 0.037295775628483185 0.914631648080636
v 0.16371873213094268 -0.1453272986762033 1.0622218286289535
v 0.170093248006559 -0.007434365414606181 1.0779867710682556
v 0.12309010856044655 -0.1590455418455139 1.198640759687346
v 0.12946462443606288 -0.02115260858391682 1.2144057021266481
vt 0.3541666666666667 0.9375
vt 0.3541666666666667 0.8898331021913384
vt 0.400479273165864 0.8898340778385596
vt 0.40047947357645985 0.9374989019757498
vt 0.3541676222661702 0.8911855385504203
vt 0.5503341088868218 0.8911855385504203
vt 0.5503352305380566 0.937499840917795
vt 0.3541666666666667 0.9375
vt 0.3541666666666667 0.8911871930902068
vt 0.4018335644753283 0.8911871930902068
vt 0.4018324664510781 0.9375
vt 0.3541676423138878 0.9374997995894042
vt 0.4253341088868217 0.28701887188375375
vt 0.22916762226617013 0.28701887188375375
vt 0.22916666666666666 0.3333333333333335
vt 0.4253352305380565 0.3333331742511286
vt 0.22916666666666674 0.25
vt 0.22916666666666666 0.20233198405719388
vt 0.42533317718210295 0.20233144785078094
vt 0.42533317718210295 0.24999946379358695
vt 0.550333177182103 0.8273319840571941
vt 0.550333177182103 0.875
vt 0.3541666666666667 0.8749994637935873
vt 0.3541666666666667 0.8273314478507812
vn -0.9576914643783612 0.07600703660677878 -0.277578798619574
vn 0.2841162487447297 0.09593177041476114 -0.9539785388698807
vn 0.9576914643783612 -0.0760070366067788 0.27757879861957446
vn -0.2841162487447293 -0.09593177041475968 0.953978538869881
vn 0.045880456144786544 0.9924817508706877 0.11346787180784158
vn -0.045880456144786676 -0.9924817508706878 -0.11346787180784106
usemtl m_85d4ab5d-1945-944a-e0b0-b818da0bd452
f 81/241/61 82/242/61 83/243/61 84/244/61
f 85/245/62 81/246/62 84/247/62 86/248/62
f 87/249/63 85/250/63 86/251/63 88/252/63
f 82/253/64 87/254/64 88/255/64 83/256/64
f 88/257/65 86/258/65 84/259/65 83/260/65
f 82/261/66 81/262/66 85/263/66 87/264/66
o cube
v -0.767180525403296 0.09174979670768213 0.8088195038646111
v -0.8078091489737924 0.07803155353837132 0.9452384349230041
v -0.751000290731515 0.2013867880935991 0.9745619517530757
v -0.7103716671610185 0.21510503126290992 0.8381430206946825
v -0.3977389044666481 -0.09996199004381545 0.8995690467849404
v -0.34093004622437073 0.023393244511412337 0.9288925636150118
v -0.4383675280371448 -0.11368023321312615 1.0359879778433334
v -0.3815586697948673 0.009675001342101641 1.065311494673405
vt 0.08333333333333333 0.9166662640121955
vt 0.08333333333333333 0.8690008096187386
vt 0.12964507632472122 0.8690012122732097
vt 0.1296450763247213 0.9166666666666666
vt 0.08333333333333333 0.8703551420895191
vt 0.22533323968111155 0.870355142089519
vt 0.2253338463423098 0.9166666666666666
vt 0.08333393999453158 0.9166666666666666
vt 0.08333333333333333 0.8703549236752787
vt 0.13099878772679027 0.8703549236752787
vt 0.1309991903812615 0.9166666666666666
vt 0.08333373598780458 0.9166666666666666
vt 0.1836665730144448 0.26618847542285273
vt 0.041666666666666664 0.26618847542285273
vt 0.04166727332786483 0.3125000000000001
vt 0.18366717967564306 0.3125000000000001
vt 0.04166666666666674 0.22916666666666663
vt 0.041666666666666664 0.18150051769475484
vt 0.1836660667289657 0.18150046579296708
vt 0.1836660667289658 0.2291666147648791
vt 0.2461660667289658 0.7856671843614214
vt 0.2461660667289657 0.8333333333333334
vt 0.10416666666666667 0.8333332814315457
vt 0.10416666666666667 0.7856671324596338
vn -0.8672338519639667 0.4500276684307478 -0.21302709605711095
vn 0.28411624874473074 0.09593177041475873 -0.9539785388698806
vn 0.8672338519639665 -0.4500276684307474 0.21302709605711276
vn -0.28411624874473146 -0.09593177041475985 0.9539785388698805
vn 0.40888067110951004 0.8878469423678133 0.21105545176839666
vn -0.4088806711095097 -0.887846942367813 -0.2110554517683973
usemtl m_85d4ab5d-1945-944a-e0b0-b818da0bd452
f 89/265/67 90/266/67 91/267/67 92/268/67
f 93/269/68 89/270/68 92/271/68 94/272/68
f 95/273/69 93/274/69 94/275/69 96/276/69
f 90/277/70 95/278/70 96/279/70 91/280/70
f 96/281/71 94/282/71 92/283/71 91/284/71
f 90/285/72 89/286/72 93/287/72 95/288/72