# Made in Blockbench 4.8.1
mtllib ash_twig_branch_2.mtl

o cube
v -0.18667472463887363 1.003105774198318 -0.7031424037837629
v -0.06670682695854147 0.5727414776346524 -1.3145521176985984
v -0.12094064566955137 0.8258043802922372 -0.5654439554078226
v -0.0009727479892192026 0.39544008372857165 -1.1768536693226581
v -0.25975975413049357 0.5074443169338569 -1.30647011849857
v -0.37972765181082574 0.9378086134975225 -0.6950604045837346
v -0.1940256751611713 0.3301429230277759 -1.1687716701226298
v -0.3139935728415035 0.7605072195914415 -0.5573619562077943
vt 0.3333333333333334 0.9479166666666665
vt 0.3588279622395836 0.9479166666666665
vt 0.3588279622395836 0.9089303385416665
vt 0.3333333333333334 0.9089303385416665
vt 0.3463541666666669 0.31108333333333327
vt 0.3463541666666669 0.4372916666666664
vt 0.37559391276041687 0.4372916666666664
vt 0.37559391276041687 0.31108333333333327
vt 0.33333333333333315 0.8645833333333329
vt 0.35882796223958324 0.8645833333333329
vt 0.35882796223958324 0.825597005208333
vt 0.33333333333333315 0.825597005208333
vt 0.38020833333333326 0.4152499999999999
vt 0.38020833333333326 0.5414583333333332
vt 0.40944807942708317 0.5414583333333332
vt 0.40944807942708317 0.4152499999999999
vt 0.3671875 0.7708333333333334
vt 0.3926821289062501 0.7708333333333334
vt 0.3926821289062501 0.6446250000000002
vt 0.3671875 0.6446250000000002
vt 0.36979166666666663 0.6041666666666667
vt 0.3952862955729167 0.6041666666666667
vt 0.3952862955729167 0.4779583333333335
vt 0.36979166666666663 0.4779583333333335
vn 0.1584257480096828 -0.5683252513221079 -0.8074080078109429
vn 0.9465372485017051 0.32015155496530784 -0.039625989604259754
vn -0.1584257480096828 0.5683252513221079 0.8074080078109429
vn -0.9465372485017051 -0.32015155496530784 0.039625989604259754
vn -0.281013379692843 0.7579639770879343 -0.5886612692123099
vn 0.281013379692843 -0.7579639770879343 0.5886612692123099
usemtl m_3722afce-2475-6df4-1e92-dcadf5eef328
f 4/4/1 7/3/1 5/2/1 2/1/1
f 3/8/2 4/7/2 2/6/2 1/5/2
f 8/12/3 3/11/3 1/10/3 6/9/3
f 7/16/4 8/15/4 6/14/4 5/13/4
f 6/20/5 1/19/5 2/18/5 5/17/5
f 7/24/6 4/23/6 3/22/6 8/21/6
o cube
v -0.16836497418055163 0.7172462480301673 -1.0806247682509087
v -0.6255621051916083 0.4376435929873306 -1.0798512625937176
v -0.10321580561489418 0.6108664903320316 -1.0263908264924608
v -0.5604129366259508 0.331263835289195 -1.0256173208352697
v -0.657239586445886 0.4898300306618022 -0.9394347279662424
v -0.20004245543482935 0.769432685704639 -0.9402082336234336
v -0.5920904178802285 0.3834502729636666 -0.8852007862077946
v -0.1348932868691719 0.6630529280065034 -0.8859742918649859
vt 0.3333333333333334 0.9479166666666665
vt 0.35247249895833344 0.9479166666666665
vt 0.35247249895833344 0.9252460864583331
vt 0.3333333333333334 0.9252460864583331
vt 0.3463541666666669 0.20234710000000167
vt 0.3463541666666669 0.2916666666666662
vt 0.363357101822917 0.2916666666666662
vt 0.363357101822917 0.20234710000000167
vt 0.33333333333333315 0.8645833333333329
vt 0.3524724989583331 0.8645833333333329
vt 0.3524724989583331 0.8419127531249996
vt 0.33333333333333315 0.8419127531249996
vt 0.37239583333333326 0.3585971000000011
vt 0.37239583333333326 0.44791666666666563
vt 0.3893987684895833 0.44791666666666563
vt 0.3893987684895833 0.3585971000000011
vt 0.3671875 0.7708333333333334
vt 0.38632666562499995 0.7708333333333334
vt 0.38632666562499995 0.6815137666666689
vt 0.3671875 0.6815137666666689
vt 0.36979166666666663 0.5
vt 0.3889308322916666 0.5
vt 0.3889308322916666 0.4106804333333355
vt 0.36979166666666663 0.4106804333333355
vn -0.8531111902898979 -0.5217271449720485 0.0014433299930012855
vn 0.20688912120664715 -0.34083537585296314 -0.9170758627799069
vn 0.8531111902898979 0.5217271449720485 -0.0014433299930012855
vn -0.20688912120664715 0.34083537585296314 0.9170758627799069
vn -0.47895530953158333 0.7820690716084383 -0.3987101437197463
vn 0.47895530953158333 -0.7820690716084383 0.3987101437197463
usemtl m_3722afce-2475-6df4-1e92-dcadf5eef328
f 12/28/7 15/27/7 13/26/7 10/25/7
f 11/32/8 12/31/8 10/30/8 9/29/8
f 16/36/9 11/35/9 9/34/9 14/33/9
f 15/40/10 16/39/10 14/38/10 13/37/10
f 14/44/11 9/43/11 10/42/11 13/41/11
f 15/48/12 12/47/12 11/46/12 16/45/12
o cube
v 0.5686867516767744 1.1048799849606603 0.46544290158373147
v 0.7001466750960601 0.7467478952735866 0.19656512019165895
v 0.4816330207835008 0.9948107751544015 0.5694873457794924
v 0.6130929442027866 0.6366786854673279 0.3006095643874198
v 0.5452421341388829 0.7692899169448673 0.09080420431675762
v 0.4137822107195973 1.127422006631941 0.35968198570883014
v 0.4581884032456094 0.6592207071386085 0.19484864851251849
v 0.3267284798263237 1.0173527968256821 0.4637264299045911
vt 0.3333333333333334 0.9479166666666665
vt 0.35694772608333347 0.9479166666666665
vt 0.35694772608333347 0.9188006013333333
vt 0.3333333333333334 0.9188006013333333
vt 0.3463541666666669 0.21387857016666645
vt 0.3463541666666669 0.2916666666666662
vt 0.3681912156666668 0.2916666666666662
vt 0.3681912156666668 0.21387857016666645
vt 0.33333333333333315 0.8645833333333329
vt 0.35694772608333314 0.8645833333333329
vt 0.35694772608333314 0.8354672679999997
vt 0.33333333333333315 0.8354672679999997
vt 0.38802083333333326 0.3805452368333325
vt 0.38802083333333326 0.45833333333333226
vt 0.4098578823333332 0.45833333333333226
vt 0.4098578823333332 0.3805452368333325
vt 0.3671875 0.7708333333333334
vt 0.39080189275 0.7708333333333334
vt 0.39080189275 0.6930452368333336
vt 0.3671875 0.6930452368333336
vt 0.36979166666666685 0.53125
vt 0.39340605941666684 0.53125
vt 0.39340605941666684 0.45346190350000026
vt 0.36979166666666685 0.45346190350000026
vn 0.28166246794003597 -0.7673241061312316 -0.5760902449302843
vn 0.8199688988253625 -0.11932353030378368 0.559832921571217
vn -0.28166246794003597 0.7673241061312316 0.5760902449302843
vn -0.8199688988253625 0.11932353030378368 -0.559832921571217
vn 0.49831441792612285 0.6300600060833482 -0.5955729423179
vn -0.49831441792612285 -0.6300600060833482 0.5955729423179
usemtl m_3722afce-2475-6df4-1e92-dcadf5eef328
f 20/52/13 23/51/13 21/50/13 18/49/13
f 19/56/14 20/55/14 18/54/14 17/53/14
f 24/60/15 19/59/15 17/58/15 22/57/15
f 23/64/16 24/63/16 22/62/16 21/61/16
f 22/68/17 17/67/17 18/66/17 21/65/17
f 23/72/18 20/71/18 19/70/18 24/69/18
o cube
v -0.5710376008510194 0.4756748712157566 -1.0680743501381096
v -1.1344137770842044 0.04310001961393217 -1.1943509645094796
v -0.4933429632152815 0.3552467437544309 -1.0021645097321359
v -1.0567191394484663 -0.07732810784739375 -1.128441124103506
v -1.1906989318432788 0.0782745666767306 -1.0637322361477801
v -0.6273227556100939 0.510849418278555 -0.9374556217764101
v -1.1130042942075409 -0.04215356078459531 -0.9978223957418064
v -0.549628117974356 0.3904212908172293 -0.8715457813704364
vt 0.3333333333333334 0.9479166666666665
vt 0.3516476547470835 0.9479166666666665
vt 0.3516476547470835 0.9216258266566666
vt 0.3333333333333334 0.9216258266566666
vt 0.3764889633408334 0.3541666666666664
vt 0.3764889633408334 0.2339285347133352
vt 0.3567708333333335 0.2339285347133352
vt 0.3567708333333335 0.3541666666666664
vt 0.33333333333333315 0.8645833333333329
vt 0.35164765474708315 0.8645833333333329
vt 0.35164765474708315 0.838292493323333
vt 0.33333333333333315 0.838292493323333
vt 0.36458333333333326 0.41101186804666767
vt 0.36458333333333326 0.5312499999999989
vt 0.38430146334083326 0.5312499999999989
vt 0.38430146334083326 0.41101186804666767
vt 0.3671875 0.7708333333333334
vt 0.38550182141375006 0.7708333333333334
vt 0.38550182141375006 0.650595201380002
vt 0.3671875 0.650595201380002
vt 0.3593749999999999 0.53125
vt 0.3776893214137499 0.53125
vt 0.3776893214137499 0.4110118680466688
vt 0.3593749999999999 0.4110118680466688
vn -0.7809172335498522 -0.5996085220975247 -0.17503683775956413
vn 0.3841607988599595 -0.240075418767563 -0.8915067436216381
vn 0.7809172335498522 0.5996085220975247 0.17503683775956413
vn -0.3841607988599595 0.240075418767563 0.8915067436216381
vn -0.4925329988580698 0.7634352713436823 -0.4178251207195122
vn 0.4925329988580698 -0.7634352713436823 0.4178251207195122
usemtl m_3722afce-2475-6df4-1e92-dcadf5eef328
f 28/76/19 31/75/19 29/74/19 26/73/19
f 27/80/20 28/79/20 26/78/20 25/77/20
f 32/84/21 27/83/21 25/82/21 30/81/21
f 31/88/22 32/87/22 30/86/22 29/85/22
f 30/92/23 25/91/23 26/90/23 29/89/23
f 31/96/24 28/95/24 27/94/24 32/93/24
o cube
v 0.6326521571117036 0.8132454680134336 0.2792040237733435
v 1.0276166484932445 0.50391908274129 -0.19943992834724744
v 0.5791753546283518 0.6606467322941825 0.3336941664107581
v 0.9741398460098927 0.3513203470220392 -0.14494978570983275
v 0.897968649416097 0.5097956003646198 -0.3102198049833855
v 0.5030041580345561 0.8191219856367633 0.16842414713720544
v 0.8444918469327454 0.35719686464536904 -0.25572966234597083
v 0.4495273555512044 0.6665232499175124 0.2229142897746199
vt 0.3854166666666665 0.9270833333333331
vt 0.4067456808666665 0.9270833333333331
vt 0.4067456808666665 0.8986446477333333
vt 0.3854166666666665 0.8986446477333333
vt 0.3776041666666668 0.11360285613333332
vt 0.3776041666666668 0.22916666666666652
vt 0.39893318086666674 0.22916666666666652
vt 0.39893318086666674 0.11360285613333332
vt 0.33333333333333315 0.8645833333333329
vt 0.35466234753333314 0.8645833333333329
vt 0.35466234753333314 0.8361446477333331
vt 0.33333333333333315 0.8361446477333331
vt 0.37239583333333326 0.34276952279999906
vt 0.37239583333333326 0.45833333333333226
vt 0.39372484753333314 0.45833333333333226
vt 0.39372484753333314 0.34276952279999906
vt 0.3671875 0.7708333333333334
vt 0.3885165142 0.7708333333333334
vt 0.3885165142 0.6552695228000003
vt 0.3671875 0.6552695228000003
vt 0.328125 0.5416666666666667
vt 0.3494540142 0.5416666666666667
vt 0.3494540142 0.42610285613333354
vt 0.328125 0.42610285613333354
vn 0.5696196320150728 -0.44611195587468916 -0.6903025406650859
vn 0.7598100752656175 -0.034439693087936096 0.6492322828270831
vn -0.5696196320150728 0.44611195587468916 0.6903025406650859
vn -0.7598100752656175 0.034439693087936096 -0.6492322828270831
vn 0.31340409114730744 0.8943142794150547 -0.31934283346657716
vn -0.31340409114730744 -0.8943142794150547 0.31934283346657716
usemtl m_3722afce-2475-6df4-1e92-dcadf5eef328
f 36/100/25 39/99/25 37/98/25 34/97/25
f 35/104/26 36/103/26 34/102/26 33/101/26
f 40/108/27 35/107/27 33/106/27 38/105/27
f 39/112/28 40/111/28 38/110/28 37/109/28
f 38/116/29 33/115/29 34/114/29 37/113/29
f 39/120/30 36/119/30 35/118/30 40/117/30
o cube
v 0.28530820724249595 0.5552505414414459 -0.7427614528612184
v -0.14498767301655652 0.9282672055112402 -0.5445515303886065
v 0.2719040649850718 0.4574289851290111 -0.5877675805325052
v -0.15839181527398066 0.8304456491988053 -0.3895576580598933
v -0.016949124373020763 1.0344673168734526 -0.4664522680591555
v 0.41334675588603176 0.6614506528036583 -0.6646621905317674
v -0.030353266630444853 0.9366457605610177 -0.3114583957304423
v 0.3999426136286076 0.5636290964912236 -0.5096683182030542
vt 0.3563047246333334 0.9479166666666665
vt 0.3333333333333334 0.9479166666666665
vt 0.3333333333333334 0.9172881449333333
vt 0.3563047246333334 0.9172881449333333
vt 0.37239583333333326 0.44791666666666563
vt 0.37239583333333326 0.34742023919999876
vt 0.3953672246333332 0.34742023919999876
vt 0.3953672246333332 0.44791666666666563
vt 0.39536722463333296 0.8749999999999996
vt 0.37239583333333304 0.8749999999999996
vt 0.37239583333333304 0.8443714782666665
vt 0.39536722463333296 0.8443714782666665
vt 0.3463541666666669 0.2916666666666662
vt 0.3463541666666669 0.19117023919999943
vt 0.3693255579666668 0.19117023919999943
vt 0.3693255579666668 0.2916666666666662
vt 0.3901588913 0.7708333333333334
vt 0.3671875 0.7708333333333334
vt 0.3671875 0.6703369058666666
vt 0.3901588913 0.6703369058666666
vt 0.3510963912999999 0.5833333333333333
vt 0.328125 0.5833333333333333
vt 0.328125 0.4828369058666665
vt 0.3510963912999999 0.4828369058666665
vn -0.7136172086013955 0.6186234235267023 0.3287180242275362
vn -0.6967283074596349 -0.5778933346660874 -0.4249811282079969
vn 0.7136172086013955 -0.6186234235267023 -0.3287180242275362
vn 0.6967283074596349 0.5778933346660874 0.4249811282079969
vn 0.07293932528057274 0.5323009990715892 -0.8434070791824094
vn -0.07293932528057274 -0.5323009990715892 0.8434070791824094
usemtl m_3722afce-2475-6df4-1e92-dcadf5eef328
f 44/124/31 47/123/31 45/122/31 42/121/31
f 43/128/32 44/127/32 42/126/32 41/125/32
f 48/132/33 43/131/33 41/130/33 46/129/33
f 47/136/34 48/135/34 46/134/34 45/133/34
f 46/140/35 41/139/35 42/138/35 45/137/35
f 47/144/36 44/143/36 43/142/36 48/141/36
o cube
v -0.11400869722803814 0.27301827235066956 -1.7974615302455565
v 0.0776851057529544 -0.1370707278734108 -2.2425731294799194
v -0.06570197130343264 0.1730896602472085 -1.68459157871036
v 0.1259918316775599 -0.23699933997687173 -2.129703177944723
v -0.06528577081107972 -0.2050204100893389 -2.241542407741422
v -0.25697957379207226 0.20506859013474132 -1.796430808507059
v -0.016979044886474226 -0.30494902219279996 -2.1286724562062256
v -0.20867284786746676 0.10513997803128039 -1.6835608569718628
vt 0.4052041679482663 0.9374999999999998
vt 0.3854166666666665 0.9374999999999998
vt 0.3854166666666665 0.9111166649578665
vt 0.4052041679482663 0.9111166649578665
vt 0.38802083333333326 0.44791666666666563
vt 0.38802083333333326 0.3421071105477339
vt 0.40780833461493327 0.3421071105477339
vt 0.40780833461493327 0.44791666666666563
vt 0.35312083461493293 0.8645833333333329
vt 0.33333333333333315 0.8645833333333329
vt 0.33333333333333315 0.8381999982911996
vt 0.35312083461493293 0.8381999982911996
vt 0.34530833461493343 0.0921071105477349
vt 0.34530833461493343 0.19791666666666663
vt 0.3255208333333334 0.19791666666666663
vt 0.3255208333333334 0.0921071105477349
vt 0.38697500128159984 0.7708333333333334
vt 0.3671875 0.7708333333333334
vt 0.3671875 0.6650237772144016
vt 0.38697500128159984 0.6650237772144016
vt 0.3791625012815997 0.53125
vt 0.3593749999999999 0.53125
vt 0.3593749999999999 0.4254404438810683
vt 0.3791625012815997 0.4254404438810683
vn 0.3019478422873976 -0.6459545735849119 -0.7011206667919007
vn 0.903164038560172 0.42924622751075864 -0.006511191861904214
vn -0.3019478422873976 0.6459545735849119 0.7011206667919007
vn -0.903164038560172 -0.42924622751075864 0.006511191861904214
vn -0.3051593354129368 0.6312609326043525 -0.7130129136122417
vn 0.3051593354129368 -0.6312609326043525 0.7130129136122417
usemtl m_3722afce-2475-6df4-1e92-dcadf5eef328
f 52/148/37 55/147/37 53/146/37 50/145/37
f 51/152/38 52/151/38 50/150/38 49/149/38
f 56/156/39 51/155/39 49/154/39 54/153/39
f 55/160/40 56/159/40 54/158/40 53/157/40
f 54/164/41 49/163/41 50/162/41 53/161/41
f 55/168/42 52/167/42 51/166/42 56/165/42
o cube
v 0.629669537987712 1.1092566673139213 0.512537394643978
v 0.20517122488826667 1.2020887351331628 -0.04548227513488934
v 0.6078945851428788 0.8789290355907433 0.4907848288551593
v 0.18339627204343345 0.9717611034099849 -0.06723484092370802
v 0.020587718832884905 1.206213053992104 0.09562073656667813
v 0.44508603193233 1.1133809861728625 0.6536404063455454
v -0.0011872340119484792 0.9758854222689262 0.07386817077785945
v 0.42331107908749677 0.8830533544496846 0.6318878405567268
vt 0.3333333333333334 0.9479166666666665
vt 0.3623802083333334 0.9479166666666665
vt 0.3623802083333334 0.9091875
vt 0.3333333333333334 0.9091875
vt 0.3463541666666669 0.319416666666668
vt 0.3463541666666669 0.4372916666666664
vt 0.37540104166666677 0.4372916666666664
vt 0.37540104166666677 0.319416666666668
vt 0.33333333333333315 0.8645833333333329
vt 0.3623802083333332 0.8645833333333329
vt 0.3623802083333332 0.8258541666666664
vt 0.33333333333333315 0.8258541666666664
vt 0.39583333333333326 0.42358333333333464
vt 0.39583333333333326 0.5414583333333332
vt 0.4248802083333332 0.5414583333333332
vt 0.4248802083333332 0.42358333333333464
vt 0.3671875 0.7708333333333334
vt 0.396234375 0.7708333333333334
vt 0.396234375 0.6529583333333349
vt 0.3671875 0.6529583333333349
vt 0.36979166666666663 0.6041666666666667
vt 0.39883854166666666 0.6041666666666667
vt 0.39883854166666666 0.48629166666666823
vt 0.36979166666666663 0.48629166666666823
vn -0.6002097039228713 0.13125778412052716 -0.7889991796095788
vn 0.7943346145470975 -0.01774854807505606 -0.6072211369620969
vn 0.6002097039228713 -0.13125778412052716 0.7889991796095788
vn -0.7943346145470975 0.01774854807505606 0.6072211369620969
vn 0.09370609077927233 0.9911893780448803 0.0936097505704948
vn -0.09370609077927233 -0.9911893780448803 -0.0936097505704948
usemtl m_3722afce-2475-6df4-1e92-dcadf5eef328
f 60/172/43 63/171/43 61/170/43 58/169/43
f 59/176/44 60/175/44 58/174/44 57/173/44
f 64/180/45 59/179/45 57/178/45 62/177/45
f 63/184/46 64/183/46 62/182/46 61/181/46
f 62/188/47 57/187/47 58/186/47 61/185/47
f 63/192/48 60/191/48 59/190/48 64/189/48
o cube
v 0.20936193478416643 1.1869790617201077 -0.001390944688792306
v -0.18534263721858002 0.9602680880070118 -0.7861921919725798
v 0.23411699176304923 0.9842018379159221 0.044736514729784904
v -0.16058758023969721 0.7574908642028264 -0.7400647325540024
v -0.3631255962962069 0.9589880726664317 -0.6964090264383538
v 0.03157897570653945 1.1856990463795274 0.08839222084543352
v -0.33837053931732414 0.7562108488622461 -0.6502815670197766
v 0.05633403268542225 0.9829218225753418 0.13451968026401073
vt 0.3333333333333334 0.9479166666666665
vt 0.3582298177083334 0.9479166666666665
vt 0.3582298177083334 0.9130123697916664
vt 0.3333333333333334 0.9130123697916664
vt 0.3463541666666669 0.28608333333333313
vt 0.3463541666666669 0.4372916666666664
vt 0.37253238932291693 0.4372916666666664
vt 0.37253238932291693 0.28608333333333313
vt 0.33333333333333315 0.8645833333333329
vt 0.35822981770833306 0.8645833333333329
vt 0.35822981770833306 0.829679036458333
vt 0.33333333333333315 0.829679036458333
vt 0.38802083333333326 0.37983333333333313
vt 0.38802083333333326 0.5310416666666664
vt 0.4141990559895833 0.5310416666666664
vt 0.4141990559895833 0.37983333333333313
vt 0.3671875 0.7708333333333334
vt 0.39208398437499997 0.7708333333333334
vt 0.39208398437499997 0.6196250000000001
vt 0.3671875 0.6196250000000001
vt 0.36979166666666663 0.6041666666666667
vt 0.39468815104166655 0.6041666666666667
vt 0.39468815104166655 0.45295833333333335
vt 0.36979166666666663 0.45295833333333335
vn -0.4350560176387397 -0.24988809447571877 -0.8650330639666989
vn 0.8926107618238129 0.006426687204607873 -0.45078234833219283
vn 0.4350560176387397 0.24988809447571877 0.8650330639666989
vn -0.8926107618238129 -0.006426687204607873 0.45078234833219283
vn -0.11820443897177889 0.9682533955173451 -0.2202568334388257
vn 0.11820443897177889 -0.9682533955173451 0.2202568334388257
usemtl m_3722afce-2475-6df4-1e92-dcadf5eef328
f 68/196/49 71/195/49 69/194/49 66/193/49
f 67/200/50 68/199/50 66/198/50 65/197/50
f 72/204/51 67/203/51 65/202/51 70/201/51
f 71/208/52 72/207/52 70/206/52 69/205/52
f 70/212/53 65/211/53 66/210/53 69/209/53
f 71/216/54 68/215/54 67/214/54 72/213/54
o cube
v -0.07526375497779703 0.5778950442818067 -1.2909890268089765
v -0.08888260616787014 0.2623862826868182 -1.8437499778847375
v -0.018574841945797393 0.4090169121664746 -1.1959922793880893
v -0.032193693135870505 0.09350815057148598 -1.74875323046385
v -0.27011636973130443 0.21823693984789827 -1.8140848937122485
v -0.2564975185412313 0.5337457014428868 -1.2613239426364875
v -0.21342745669930485 0.04935880773256607 -1.719088146291361
v -0.19980860550923174 0.3648675693275547 -1.1663271952156002
vt 0.3932291666666665 0.8958333333333331
vt 0.4168389033854165 0.8958333333333331
vt 0.4168389033854165 0.8621857156249999
vt 0.3932291666666665 0.8621857156249999
vt 0.3463541666666669 0.18556452499999987
vt 0.3463541666666669 0.2916666666666662
vt 0.37158987994791687 0.2916666666666662
vt 0.37158987994791687 0.18556452499999987
vt 0.33333333333333315 0.8645833333333329
vt 0.35694307005208314 0.8645833333333329
vt 0.35694307005208314 0.8309357156249997
vt 0.33333333333333315 0.8309357156249997
vt 0.38020833333333326 0.35223119166666594
vt 0.38020833333333326 0.45833333333333226
vt 0.4054440466145832 0.45833333333333226
vt 0.4054440466145832 0.35223119166666594
vt 0.3671875 0.6041666666666667
vt 0.39079723671874994 0.6041666666666667
vt 0.39079723671874994 0.4980645250000003
vt 0.3671875 0.4980645250000003
vt 0.3177083333333335 0.5625
vt 0.3413180700520835 0.5625
vt 0.3413180700520835 0.4563978583333337
vt 0.3177083333333335 0.4563978583333337
vn -0.02139267404054622 -0.4956053928144704 -0.8682843129474409
vn 0.9595287196675162 0.2337454212474242 -0.15705958798838537
vn 0.02139267404054622 0.4956053928144704 0.8682843129474409
vn -0.9595287196675162 -0.2337454212474242 0.15705958798838537
vn -0.28079706129269244 0.836503659680625 -0.4705471684223688
vn 0.28079706129269244 -0.836503659680625 0.4705471684223688
usemtl m_3722afce-2475-6df4-1e92-dcadf5eef328
f 76/220/55 79/219/55 77/218/55 74/217/55
f 75/224/56 76/223/56 74/222/56 73/221/56
f 80/228/57 75/227/57 73/226/57 78/225/57
f 79/232/58 80/231/58 78/230/58 77/229/58
f 78/236/59 73/235/59 74/234/59 77/233/59
f 79/240/60 76/239/60 75/238/60 80/237/60
o cube
v 0.1637187321309428 1.1453272986762033 0.06222182862895309
v -0.39988269465572274 1.100597157633114 -0.10113329435866647
v 0.17009324800655912 1.0074343654146065 0.07798677106825513
v -0.3935081787801064 0.9627042243715169 -0.08536835191936443
v -0.440511318226219 1.1143154008024245 0.035285636699726064
v 0.12309010856044655 1.159045541845514 0.19864075968734585
v -0.43413680235060265 0.9764224675408277 0.05105057913902811
v 0.12946462443606288 1.0211526085839169 0.2144057021266479
vt 0.3333333333333334 0.9479166666666665
vt 0.35120833333333334 0.9479166666666665
vt 0.35120833333333334 0.9247604166666663
vt 0.3333333333333334 0.9247604166666663
vt 0.3463541666666669 0.339208333333333
vt 0.3463541666666669 0.4372916666666664
vt 0.363721354166667 0.4372916666666664
vt 0.363721354166667 0.339208333333333
vt 0.33333333333333315 0.8645833333333329
vt 0.3512083333333331 0.8645833333333329
vt 0.3512083333333331 0.8414270833333328
vt 0.33333333333333315 0.8414270833333328
vt 0.40364583333333326 0.44337499999999974
vt 0.40364583333333326 0.5414583333333332
vt 0.42101302083333336 0.5414583333333332
vt 0.42101302083333336 0.44337499999999974
vt 0.40885416666666663 0.3333333333333335
vt 0.4267291666666666 0.3333333333333335
vt 0.4267291666666666 0.23525000000000018
vt 0.40885416666666663 0.23525000000000018
vt 0.36979166666666663 0.6041666666666667
vt 0.3876666666666666 0.6041666666666667
vt 0.3876666666666666 0.5060833333333332
vt 0.36979166666666663 0.5060833333333332
vn -0.957691464378361 -0.07600703660677892 -0.27757879861957463
vn 0.2841162487447293 -0.09593177041475985 -0.953978538869881
vn 0.957691464378361 0.07600703660677892 0.27757879861957463
vn -0.2841162487447293 0.09593177041475985 0.953978538869881
vn -0.045880456144786606 0.9924817508706878 -0.11346787180784143
vn 0.045880456144786606 -0.9924817508706878 0.11346787180784143
usemtl m_3722afce-2475-6df4-1e92-dcadf5eef328
f 84/244/61 87/243/61 85/242/61 82/241/61
f 83/248/62 84/247/62 82/246/62 81/245/62
f 88/252/63 83/251/63 81/250/63 86/249/63
f 87/256/64 88/255/64 86/254/64 85/253/64
f 86/260/65 81/259/65 82/258/65 85/257/65
f 87/264/66 84/263/66 83/262/66 88/261/66
o cube
v -0.39773890446664834 1.099961990043815 -0.10043095321505935
v -0.7671805254032962 0.9082502032923174 -0.19118049613538868
v -0.3409300462243712 0.9766067554885878 -0.07110743638498795
v -0.7103716671610192 0.7848949687370901 -0.16185697930531728
v -0.8078091489737926 0.921968446461628 -0.054761565076996144
v -0.4383675280371448 1.1136802332131257 0.035987977843333185
v -0.7510002907315156 0.7986132119064009 -0.025438048246924527
v -0.3815586697948677 0.9903249986578984 0.0653114946734048
vt 0.38020833333333326 0.9166666666666665
vt 0.39808333333333323 0.9166666666666665
vt 0.39808333333333323 0.8935104166666666
vt 0.38020833333333326 0.8935104166666666
vt 0.39843750000000033 0.28295833333333353
vt 0.39843750000000033 0.35395833333333315
vt 0.4158046875000002 0.35395833333333315
vt 0.4158046875000002 0.28295833333333353
vt 0.33333333333333315 0.8645833333333329
vt 0.3512083333333331 0.8645833333333329
vt 0.3512083333333331 0.8414270833333332
vt 0.33333333333333315 0.8414270833333332
vt 0.39583333333333326 0.4600416666666668
vt 0.39583333333333326 0.5310416666666664
vt 0.41320052083333314 0.5310416666666664
vt 0.41320052083333314 0.4600416666666668
vt 0.3671875 0.7708333333333334
vt 0.38506250000000003 0.7708333333333334
vt 0.38506250000000003 0.6998333333333338
vt 0.3671875 0.6998333333333338
vt 0.36979166666666663 0.6041666666666667
vt 0.3876666666666666 0.6041666666666667
vt 0.3876666666666666 0.533166666666667
vt 0.36979166666666663 0.533166666666667
vn -0.8672338519639665 -0.4500276684307479 -0.213027096057112
vn 0.28411624874473096 -0.09593177041475973 -0.9539785388698804
vn 0.8672338519639665 0.4500276684307479 0.213027096057112
vn -0.28411624874473096 0.09593177041475973 0.9539785388698804
vn -0.40888067110950993 0.887846942367813 -0.21105545176839674
vn 0.40888067110950993 -0.887846942367813 0.21105545176839674
usemtl m_3722afce-2475-6df4-1e92-dcadf5eef328
f 92/268/67 95/267/67 93/266/67 90/265/67
f 91/272/68 92/271/68 90/270/68 89/269/68
f 96/276/69 91/275/69 89/274/69 94/273/69
f 95/280/70 96/279/70 94/278/70 93/277/70
f 94/284/71 89/283/71 90/282/71 93/281/71
f 95/288/72 92/287/72 91/286/72 96/285/72