# Made in Blockbench 4.12.3
mtllib beech_twig_branch_up.mtl

o cube
v 0.9060208359521629 0.7774590701794462 0.722015064751274
v 0.7217491703017982 0.8799424971849024 0.6874928763545742
v 0.7294973064988715 0.9604860401289896 0.8852386351953778
v 0.9137689721492364 0.8580026131235339 0.9197608235920774
v 0.5723645614199484 0.2537791327480927 0.9483878175726416
v 0.5801126976170219 0.3343226756921802 1.146133576413445
v 0.3880928957695836 0.3562625597535485 0.9138656291759418
v 0.3958410319666571 0.43680610269763603 1.1116113880167455
vt 0.25 0.782946818636274
vt 0.32121984803039255 0.782946818636274
vt 0.32121984803039255 0.8541666666666666
vt 0.25 0.8541666666666666
vt 0.6666666666666666 0.741279706821627
vt 0.8869736932141207 0.7412797068216268
vt 0.8869741137722444 0.8124999999999998
vt 0.6666670872247904 0.8125
vt 0.25 0.9583333333333333
vt 0.25000000000000017 0.8871134853029407
vt 0.3212198480303927 0.8871134853029407
vt 0.3212198480303927 0.9583333333333334
vt 0.5744736932141206 0.9583333333333334
vt 0.3541666666666667 0.9583333333333334
vt 0.3541670872247904 0.8871130401549603
vt 0.5744741137722442 0.8871130401549604
vt 0.3333333333333333 0.7708333333333334
vt 0.3333333333333333 0.6996129985610968
vt 0.5536396129048161 0.6996100611173199
vt 0.5536406917531218 0.7708286136538508
vt 0.5744740251326733 0.7829477142744322
vt 0.5744740251326733 0.8541662668191343
vt 0.3541677455419702 0.8541666666666666
vt 0.3541666666666667 0.7829463319026018
vn 0.5048380849592108 0.7923530798725548 -0.342512926458541
vn 0.8624519945706572 -0.47965614094462217 0.16157519461603048
vn -0.504838084959209 -0.7923530798725551 0.34251292645854264
vn -0.8624519945706572 0.47965614094462217 -0.16157519461602987
vn 0.0362638254437357 0.37697026841727016 0.9255151817736962
vn -0.03626382544373553 -0.3769702684172703 -0.925515181773696
usemtl m_4aaa3138-3ea0-bba2-3666-23d5a1671b65
f 1/1/1 2/2/1 3/3/1 4/4/1
f 5/5/2 1/6/2 4/7/2 6/8/2
f 7/9/3 5/10/3 6/11/3 8/12/3
f 2/13/4 7/14/4 8/15/4 3/16/4
f 8/17/5 6/18/5 4/19/5 3/20/5
f 2/21/6 1/22/6 5/23/6 7/24/6
o cube
v 1.1233780198354522 1.3034444213708023 0.4370270157838013
v 0.9614878003492286 1.3661227501400635 0.4209111304029283
v 0.977713953237447 1.4474631070873945 0.5742643048674424
v 1.1396041727236708 1.3847847783181333 0.5903801902483155
v 0.8641391146059045 0.7204275206084307 0.7736959703421168
v 0.8803652674941231 0.8017678775557615 0.9270491448066307
v 0.702248895119681 0.7831058493776917 0.7575800849612435
v 0.7184750480078996 0.8644462063250227 0.9109332594257578
vt 0.22916666666666666 0.7543846354825071
vt 0.2872836814258049 0.7543846354825071
vt 0.28728240982040615 0.8125
vt 0.22916704530291332 0.8124987283946014
vt 0.16666666666666666 0.8585504005220408
vt 0.4071418658528014 0.8585504005220407
vt 0.40714308634566243 0.9166648624048974
vt 0.16666684556591896 0.9166666666666666
vt 0.33333333333333304 0.8125000000000003
vt 0.33333333333333304 0.754382985240862
vt 0.3914474262454273 0.7543833638771087
vt 0.39144869785082587 0.8124987283946016
vt 0.6988085325194681 0.7708333333333334
vt 0.4583333333333333 0.7708333333333331
vt 0.4583335122325858 0.7127170671887073
vt 0.6988097530123292 0.7127188714504766
vt 0.4583333333333333 0.8541664620310724
vt 0.4583333333333333 0.7960516401548816
vt 0.6988096253328714 0.7960518447904757
vt 0.6988096253328712 0.8541666666666666
vt 0.6988096253328712 0.879384973488215
vt 0.6988096253328712 0.9374997953644059
vt 0.4583333333333333 0.9375
vt 0.4583333333333333 0.8793851781238092
vn 0.35934094702747443 0.8081419919107684 -0.4666696955019615
vn 0.9285539099077664 -0.35950415923757856 0.09243590149872222
vn -0.35934094702747416 -0.8081419919107685 0.4666696955019614
vn -0.9285539099077665 0.3595041592375784 -0.09243590149872215
vn 0.09306836296184487 0.46654397477770154 0.8795879713901423
vn -0.09306836296184476 -0.46654397477770204 -0.8795879713901422
usemtl m_4aaa3138-3ea0-bba2-3666-23d5a1671b65
f 9/25/7 10/26/7 11/27/7 12/28/7
f 13/29/8 9/30/8 12/31/8 14/32/8
f 15/33/9 13/34/9 14/35/9 16/36/9
f 10/37/10 15/38/10 16/39/10 11/40/10
f 16/41/11 14/42/11 12/43/11 11/44/11
f 10/45/12 9/46/12 13/47/12 15/48/12
o cube
v 0.5303659350458199 0.5581418918369223 0.5816497381477452
v 0.29887519165889764 0.5446559156025748 0.5967594964574189
v 0.2979917754567829 0.7245797227252373 0.7438131731584818
v 0.5294825188437051 0.7380656989595851 0.7287034148488084
v 0.6246004393737055 -0.12386376857957312 1.416666624117081
v 0.6237170231715907 0.05606003854308933 1.5637203008181444
v 0.39310969598678325 -0.13734974481392065 1.4317763824267549
v 0.3922262797846685 0.042574062308741834 1.578830059127818
vt 0.7708333333333335 0.9374999999999992
vt 0.7708333333333335 0.8600416605870086
vt 0.8482916727463241 0.8600416605870086
vt 0.8482916727463241 0.9374999999999992
vt 0.4375 0.2142066223910648
vt 0.798251050550224 0.2142066223910648
vt 0.7982498876840101 0.29166505086085015
vt 0.43750015221908395 0.29166666666666663
vt 0.125 0.776708327253676
vt 0.20245833941299063 0.776708327253676
vt 0.2024583394129907 0.8541666666666665
vt 0.125 0.8541666666666666
vt 0.8815843838835574 0.39583333333333337
vt 0.5208333333333334 0.39583333333333337
vt 0.5208334855524172 0.31837328905773143
vt 0.8815832210173434 0.318374904863548
vt 0.2916666666666667 0.8124937594611966
vt 0.2916666666666667 0.7350362271338877
vt 0.65241810170804 0.7350422766517986
vt 0.652416027150546 0.8125
vt 0.631584768407342 0.8392089432906839
vt 0.631584768407342 0.9166666666666666
vt 0.2708333333333333 0.9166630541449435
vt 0.27083540788571053 0.8392055218454161
vn -0.08707276907173568 0.630173860398705 -0.7715563741920443
vn 0.9961946998899288 0.0580354006857343 -0.06502316647519622
vn 0.08707276907173596 -0.630173860398706 0.7715563741920435
vn -0.9961946998899288 -0.05803540068573429 0.06502316647519617
vn -0.0038016834948460085 0.7742821177952126 0.6328291627802606
vn 0.003801683494845907 -0.7742821177952128 -0.6328291627802606
usemtl m_4aaa3138-3ea0-bba2-3666-23d5a1671b65
f 17/49/13 18/50/13 19/51/13 20/52/13
f 21/53/14 17/54/14 20/55/14 22/56/14
f 23/57/15 21/58/15 22/59/15 24/60/15
f 18/61/16 23/62/16 24/63/16 19/64/16
f 24/65/17 22/66/17 20/67/17 19/68/17
f 18/69/18 17/70/18 21/71/18 23/72/18
o cube
v 1.263408672702512 1.8958321635002167 -0.14283020524051748
v 1.1318159280274283 1.9362781949919525 -0.13885731430052797
v 1.1627996860357244 2.02748303657045 -0.041103847657754544
v 1.2943924307108083 1.9870370050787138 -0.04507673859774383
v 1.0954533086428768 1.288493158299268 0.47705723395848065
v 1.1264370666511732 1.379697999877765 0.5748107006012544
v 0.9638605639677928 1.328939189791004 0.4810301248984702
v 0.9948443219760892 1.4201440313695008 0.5787835915412437
vt 0.7916666666666666 0.8958333333333326
vt 0.833333016888068 0.8958333333333326
vt 0.8333333333333334 0.9374982643871902
vt 0.7916677473684336 0.9374999999999992
vt 0.08333333333333333 0.8541666666666666
vt 0.3779769793647749 0.8541666666666666
vt 0.37797722247860205 0.8958333333333333
vt 0.08333357644716051 0.8958333333333334
vt 0.8124999999999991 0.8124996835547356
vt 0.8124999999999991 0.7708333333333343
vt 0.8541666666666657 0.7708344140351011
vt 0.8541649310538567 0.812500000000001
vt 0.6904769793647748 0.7916666666666666
vt 0.3958333333333333 0.7916666666666666
vt 0.3958335764471605 0.75
vt 0.6904772224786019 0.7500000000000002
vt 0.3958333333333333 0.8541666666666666
vt 0.3958333333333333 0.8125078560549029
vt 0.6904744407023009 0.8125
vt 0.6904771751496913 0.8541578151786069
vt 0.6904771752080184 0.875
vt 0.6904771752080184 0.9166585969052836
vt 0.39583606784605996 0.9166666666666666
vt 0.3958333333333333 0.8750070744573524
vn 0.1900100614811026 0.6870904205067858 -0.7012866251282396
vn 0.9554711092527054 -0.29367131652810713 -0.028846442277226846
vn -0.19001006148110294 -0.6870904205067884 0.7012866251282369
vn -0.9554711092527051 0.29367131652810763 0.028846442277227005
vn 0.22576788061934588 0.6645779953447571 0.7122955511472697
vn -0.22576788061934722 -0.6645779953447568 -0.7122955511472696
usemtl m_4aaa3138-3ea0-bba2-3666-23d5a1671b65
f 25/73/19 26/74/19 27/75/19 28/76/19
f 29/77/20 25/78/20 28/79/20 30/80/20
f 31/81/21 29/82/21 30/83/21 32/84/21
f 26/85/22 31/86/22 32/87/22 27/88/22
f 32/89/23 30/90/23 28/91/23 27/92/23
f 26/93/24 25/94/24 29/95/24 31/96/24
o cube
v -0.11344937773060737 1.956693435436047 -0.44772963863146364
v -0.2548848893893779 1.9050102451604254 -0.38920818155819414
v -0.23681955937656574 2.0201478555126604 -0.24386391566419424
v -0.09538404771779518 2.0718310457882816 -0.3023853727374637
v 0.2835409398569647 1.3545430342674531 -0.020066415856558356
v 0.3016062698697769 1.469680644619688 0.12527785003744157
v 0.14210542819819416 1.3028598439918313 0.03845504121671131
v 0.16017075821100635 1.4179974543440663 0.18379930711071127
vt 0.8125000000000001 0.8958324552800637
vt 0.8125000000000001 0.841982663025422
vt 0.8746007733048627 0.8419816909122887
vt 0.874599815619078 0.8958333333333324
vt 0.4583337162106298 0.8337318967960655
vt 0.7378328923175451 0.8337318967960657
vt 0.7378338683937674 0.8958317542440037
vt 0.4583333333333333 0.8958333333333334
vt 0.9166676387797995 0.8128992266951373
vt 0.9705174310344411 0.8128992266951373
vt 0.9705183090877099 0.8749990423142152
vt 0.9166666666666662 0.8749999999999999
vt 0.4044995589842117 0.8958333333333331
vt 0.12500038287729645 0.8958333333333334
vt 0.125 0.8337318967960655
vt 0.4045005350604342 0.8337334758853951
vt 0.14583333333333348 0.7916611041672401
vt 0.14583333333333334 0.7378096629080273
vt 0.4253332754257226 0.7378152254074539
vt 0.4253332754257226 0.7916666666666666
vt 0.8003332754257224 0.7378096629080277
vt 0.8003332754257224 0.7916611041672404
vt 0.5208333333333334 0.7916666666666666
vt 0.5208333333333334 0.7378152254074539
vn -0.47345297267450503 0.7181280872612928 -0.5100336586462811
vn 0.875465230055736 0.3199114248889964 -0.3622393009999737
vn 0.47345297267450637 -0.718128087261293 0.5100336586462799
vn -0.875465230055736 -0.319911424888996 0.36223930099997415
vn 0.09696862187910112 0.6180200081809073 0.7801591862299253
vn -0.09696862187910034 -0.618020008180907 -0.7801591862299256
usemtl m_4aaa3138-3ea0-bba2-3666-23d5a1671b65
f 33/97/25 34/98/25 35/99/25 36/100/25
f 37/101/26 33/102/26 36/103/26 38/104/26
f 39/105/27 37/106/27 38/107/27 40/108/27
f 34/109/28 39/110/28 40/111/28 35/112/28
f 40/113/29 38/114/29 36/115/29 35/116/29
f 34/117/30 33/118/30 37/119/30 39/120/30
o cube
v -0.26907431426276607 2.4612983515821765 -0.7276548371631903
v -0.4054511229997554 2.4400060455991324 -0.6902783238876181
v -0.3860160529874296 2.5163824189622854 -0.5758556139399935
v -0.24963924425044026 2.537674724945329 -0.6132321272155656
v -0.08905072223089283 1.9056443230604114 -0.3873371812893451
v -0.06961565221856703 1.9820206964235643 -0.2729144713417204
v -0.22542753096788215 1.8843520170773682 -0.3499606680137729
v -0.20599246095555634 1.9607283904405213 -0.2355379580661482
vt 0.7708333333333338 0.9374997161682842
vt 0.7708333333333336 0.8958333333333331
vt 0.8125000000000003 0.8958336171650488
vt 0.8125000000000003 0.9374999999999998
vt 0.22916733323147986 0.8541666666666666
vt 0.45450123895105915 0.8541666666666666
vt 0.454500572386246 0.8958333333333334
vt 0.22916666666666666 0.8958333333333334
vt 0.8333333333333343 0.8125000000000006
vt 0.8749997161682853 0.8125000000000006
vt 0.8750000000000009 0.8541666666666672
vt 0.83333361716505 0.8541666666666673
vt 0.45450123895105915 0.7916666666666666
vt 0.22916733323147978 0.7916666666666666
vt 0.22916666666666666 0.75
vt 0.454500572386246 0.75
vt 0.5208333333333334 0.8333333333333334
vt 0.5208333333333334 0.7916724286403662
vt 0.7461667958635928 0.7916666666666666
vt 0.7461667958635926 0.8333275713596336
vt 0.7461667958635928 0.8750057619737001
vt 0.7461667958635928 0.9166666666666666
vt 0.5208333333333334 0.9166609046929667
vt 0.5208333333333334 0.875
vn -0.2663070888045517 0.82197341497303 -0.5034284850204842
vn 0.9536839771817448 0.1488972446366671 -0.26137421871029665
vn 0.26630708880454645 -0.8219734149730314 0.5034284850204844
vn -0.9536839771817447 -0.14889724463666698 0.2613742187102971
vn 0.13988354484804918 0.5497174870942187 0.82355526727935
vn -0.13988354484804513 -0.5497174870942179 -0.823555267279351
usemtl m_4aaa3138-3ea0-bba2-3666-23d5a1671b65
f 41/121/31 42/122/31 43/123/31 44/124/31
f 45/125/32 41/126/32 44/127/32 46/128/32
f 47/129/33 45/130/33 46/131/33 48/132/33
f 42/133/34 47/134/34 48/135/34 43/136/34
f 48/137/35 46/138/35 44/139/35 43/140/35
f 42/141/36 41/142/36 45/143/36 47/144/36
o cube
v 0.30853299842701953 1.3572705156263634 -0.03326837794798865
v 0.09402772692062633 1.3226181133077086 -0.0009285478678495995
v 0.09784473620441259 1.4540396996631173 0.16520845047723726
v 0.3123500077108057 1.4886921019817725 0.13286862039709793
v 0.5304771857596335 0.5641533669290925 0.5890225738194104
v 0.5342941950434197 0.695574953284501 0.7551595721644973
v 0.31597191425324034 0.5295009646104377 0.6213624038995497
v 0.3197889235370266 0.6609225509658461 0.7874994022446363
vt 0.8958333333333334 0.7916666666666666
vt 0.8958333333333334 0.7184395161195032
vt 0.9664552274688146 0.7184391412869928
vt 0.9664577599591166 0.7916647861620719
vt 0.0625003682044311 0.7002095501383587
vt 0.406582887635383 0.7002095501383585
vt 0.40658414042604724 0.7708333333333334
vt 0.0625 0.7708320246497664
vt 0.8750003748325105 0.8252089067075502
vt 0.9482275253796738 0.8252089067075502
vt 0.9482256448750791 0.8958333333333334
vt 0.875 0.8958308008430312
vt 0.40658288763538303 0.8958333333333334
vt 0.06250036820443117 0.895833333333333
vt 0.0625 0.8252108588219255
vt 0.4065841404260471 0.8252095501383586
vt 0.5 0.7916666666666666
vt 0.5 0.7184412589573108
vt 0.8440836738028573 0.7184349040791853
vt 0.8440840928025538 0.7916623525523767
vt 0.844084092821606 0.8434392181922767
vt 0.844084092821606 0.9166666666666666
vt 0.5000004189880195 0.9166622805988435
vt 0.5 0.8434368728906863
vn -0.21501011124496264 0.7683382404429854 -0.6028490692830223
vn 0.9764456329463468 0.15774058454382597 -0.14721356556982187
vn 0.21501011124496328 -0.7683382404429854 0.6028490692830218
vn -0.9764456329463469 -0.15774058454382592 0.14721356556982174
vn 0.01801604735884929 0.6203017461371115 0.784156340136847
vn -0.018016047358849773 -0.6203017461371116 -0.7841563401368469
usemtl m_4aaa3138-3ea0-bba2-3666-23d5a1671b65
f 49/145/37 50/146/37 51/147/37 52/148/37
f 53/149/38 49/150/38 52/151/38 54/152/38
f 55/153/39 53/154/39 54/155/39 56/156/39
f 50/157/40 55/158/40 56/159/40 51/160/40
f 56/161/41 54/162/41 52/163/41 51/164/41
f 50/165/42 49/166/42 53/167/42 55/168/42