# Made in Blockbench 4.12.3
mtllib beech_twig_branch_3.mtl

o cube
v 0.9341869354608651 0.15810721915775294 -2.0837308357741167
v 0.9315348283190826 0.28513326569575836 -2.1368878259598527
v 1.0603247847933255 0.30569627738061 -2.0941752248898333
v 1.0629768919351077 0.17867023084260447 -2.041018234704096
v 0.6077785340552977 0.4952375725621938 -1.2618256477494691
v 0.7365684905295404 0.5158005842470454 -1.219113046679449
v 0.6051264269135155 0.6222636191001993 -1.3149826379352059
v 0.733916383387758 0.6428266307850508 -1.2722700368651858
vt 0.2083342467113548 0.8333333333333334
vt 0.25 0.8333333333333334
vt 0.24999908662197853 0.875
vt 0.20833333333333334 0.875
vt 0.4613096500729757 0.7916666666666666
vt 0.1458333356859267 0.7916666666666666
vt 0.14583333333333334 0.75
vt 0.4613104554853951 0.7500017490646707
vt 0.375 0.875
vt 0.37500000000000006 0.8333342467113548
vt 0.4166666666666667 0.8333333333333334
vt 0.4166666666666667 0.8749990866219785
vt 0.5416666690192601 0.7500000000000002
vt 0.8571429834063089 0.75
vt 0.8571437888187284 0.7916649176019958
vt 0.5416666666666666 0.7916666666666666
vt 0.8571425756871353 0.8125
vt 0.8571425756871353 0.8541650800404016
vt 0.5416666666666666 0.8541666666666666
vt 0.5416666666666666 0.812501586626265
vt 0.5208333333333334 0.937498413373735
vt 0.5208333333333334 0.8958333333333334
vt 0.8363092423538022 0.8958349199595983
vt 0.8363092423538022 0.9375
vn 0.3448842683794144 -0.35621312068470884 -0.8684279210599216
vn 0.019256470095461328 -0.9223131403583673 0.3859632877382892
vn -0.34488426837941855 0.35621312068471217 0.8684279210599184
vn -0.019256470095462247 0.9223131403583669 -0.38596328773829
vn 0.9384476702426494 0.1498355224048922 0.3112318853231413
vn -0.9384476702426494 -0.14983552240489065 -0.3112318853231418
usemtl m_05ab6c76-aca8-9e92-1f70-8760495baf9c
f 1/1/1 2/2/1 3/3/1 4/4/1
f 5/5/2 1/6/2 4/7/2 6/8/2
f 7/9/3 5/10/3 6/11/3 8/12/3
f 2/13/4 7/14/4 8/15/4 3/16/4
f 8/17/5 6/18/5 4/19/5 3/20/5
f 2/21/6 1/22/6 5/23/6 7/24/6
o cube
v -0.3304244949187909 0.2713030267873535 -2.4613215690178167
v -0.4763443755423197 0.2826622253383687 -2.3929236589597105
v -0.5035903312570739 0.4460517448319181 -2.4781850447754303
v -0.3576704506335452 0.4346925462809029 -2.5465829548335366
v 0.15920480099885487 0.8480566033880126 -1.512532491057106
v 0.1319588452841005 1.0114461228815619 -1.5977938768728257
v 0.013284920375326137 0.8594158019390277 -1.444134580999
v -0.013961035339428163 1.022805321432577 -1.5293959668147197
vt 0.22916666666666666 0.7503993210483918
vt 0.28301811775874247 0.7503993210483918
vt 0.28301912087186426 0.8124999999999999
vt 0.22916766977978864 0.8125
vt 0.4878326025135958 0.9166666666666664
vt 0.08333340664071705 0.9166666666666666
vt 0.08333333333333333 0.8545643040559342
vt 0.4878333682281039 0.8545671283430688
vt 0.10416666666666667 0.8124989968868781
vt 0.10416666666666667 0.7586475457948023
vt 0.16626734561827491 0.7586485489079243
vt 0.16626734561827483 0.8125
vt 0.5208334066407171 0.7087309707226008
vt 0.9253326025135958 0.708730970722601
vt 0.9253333682281039 0.7708305090461987
vt 0.5208333333333334 0.7708333333333334
vt 0.9253340559699227 0.8003117963035853
vt 0.9253340559699227 0.8541645376612553
vt 0.5208333333333334 0.8541666666666666
vt 0.5208333333333334 0.8003139253089966
vt 0.5416666666666667 0.9374978709945887
vt 0.5416666666666666 0.8836451296369187
vt 0.946167389303256 0.88364725864233
vt 0.946167389303256 0.9375
vn -0.4034852047116984 -0.4752810684801479 -0.7818616217228773
vn 0.9032228212104811 -0.07031178560520077 -0.423373107376446
vn 0.40348520471169735 0.47528106848014784 0.7818616217228782
vn -0.9032228212104811 0.07031178560520011 0.42337310737644634
vn -0.14624713612012477 0.8770200446679527 -0.45765447274913024
vn 0.14624713612012477 -0.8770200446679524 0.4576544727491303
usemtl m_05ab6c76-aca8-9e92-1f70-8760495baf9c
f 9/25/7 10/26/7 11/27/7 12/28/7
f 13/29/8 9/30/8 12/31/8 14/32/8
f 15/33/9 13/34/9 14/35/9 16/36/9
f 10/37/10 15/38/10 16/39/10 11/40/10
f 16/41/11 14/42/11 12/43/11 11/44/11
f 10/45/12 9/46/12 13/47/12 15/48/12
o cube
v 0.1493457436202964 0.8029354883533584 -1.5805976559450257
v -0.0667975032588648 0.8010290872446677 -1.5413850614957367
v -0.07782326756399083 1.0064228089085072 -1.5921743985826213
v 0.13831997931517037 1.0083292100171979 -1.6313869930319105
v 0.2787419784205465 0.9884815937970464 -0.8583335970997936
v 0.26771621411542057 1.193875315460886 -0.9091229341866783
v 0.06259873154138546 0.9865751926883557 -0.8191210026505045
v 0.051572967236259426 1.1919689143521954 -0.8699103397373892
vt 0.1458333333333334 0.9374983395408942
vt 0.14583333333333334 0.8642724821595286
vt 0.21645700650063784 0.8642720780397962
vt 0.21645490458014063 0.9375
vt 0.6064519882221341 0.8333333333333333
vt 0.3541670178836683 0.8333333333333334
vt 0.3541666666666667 0.7627112458512428
vt 0.6064536567566488 0.7627117566169328
vt 0.1458337374530657 0.7627096601660288
vt 0.21905959483443146 0.7627096601660289
vt 0.21906125529353723 0.8333312314128362
vt 0.14583333333333334 0.8333333333333334
vt 0.33333368455033496 0.8668779125179096
vt 0.5856186548888008 0.8668779125179097
vt 0.5856203234233154 0.9374994892343101
vt 0.3333333333333333 0.9375
vt 0.8772870830839832 0.7601082886413778
vt 0.8772870830839832 0.8333333333333334
vt 0.625 0.8333290903254149
vt 0.625 0.7601040456334595
vt 0.625 0.9375
vt 0.625 0.8642749553080445
vt 0.8772870830839832 0.8642707123001261
vt 0.8772870830839832 0.9374957569920817
vn -0.17096469842928227 -0.24515268169029147 -0.9542909590638714
vn 0.9839018315207738 0.008678094594843656 -0.17849895407052124
vn 0.17096469842928333 0.2451526816902916 0.9542909590638711
vn -0.9839018315207738 -0.008678094594843732 0.17849895407052138
vn -0.052040924483060975 0.9694456422792674 -0.2397225246919591
vn 0.052040924483060684 -0.9694456422792675 0.23972252469195887
usemtl m_05ab6c76-aca8-9e92-1f70-8760495baf9c
f 17/49/13 18/50/13 19/51/13 20/52/13
f 21/53/14 17/54/14 20/55/14 22/56/14
f 23/57/15 21/58/15 22/59/15 24/60/15
f 18/61/16 23/62/16 24/63/16 19/64/16
f 24/65/17 22/66/17 20/67/17 19/68/17
f 18/69/18 17/70/18 21/71/18 23/72/18
o cube
v 0.278129057677738 0.9905374868565402 -0.9149517389547963
v 0.05113077768791524 0.9813075271577045 -0.8661180482216569
v 0.04499444617234599 1.2130979910807478 -0.8508318814401646
v 0.27199272616216874 1.2223279507795834 -0.899665572173304
v 0.6006726123376456 0.9013117537080304 0.5674937023318123
v 0.5945362808220762 1.1331022176310737 0.5827798691133046
v 0.3736743323478229 0.8920817940091947 0.616327393064952
v 0.36753800083225363 1.123872257932238 0.6316135598464443
vt 0.25000000000000006 0.8333333333333334
vt 0.25 0.7558740249915678
vt 0.32745922541291894 0.7558761066737202
vt 0.32745722665961313 0.8333332504044866
vt 0.43750107006838235 0.1933744598147008
vt 0.9440845763373731 0.19337445981470058
vt 0.9440836286763489 0.27083333333333337
vt 0.4375 0.2708312535991638
vt 0.25 0.8600407745870812
vt 0.3274593083417656 0.8600407745870812
vt 0.3274592254129189 0.9374980012466942
vt 0.2500020816821526 0.9375
vt 0.9440845763373732 0.375
vt 0.43750107006838235 0.3749999999999999
vt 0.4375 0.29754320621553676
vt 0.9440836286763489 0.2975411264813671
vt 0.41666666666666674 0.9374966205797789
vt 0.4166666666666667 0.860040194517327
vt 0.9232514004600055 0.8600424065585258
vt 0.9232496749154552 0.9375
vt 0.9232514003835806 0.7558757398726389
vt 0.9232514003835806 0.8333333333333334
vt 0.4166666666666667 0.8333242600442279
vt 0.4166683921852106 0.7558678340009961
vn -0.21223461402198288 0.05871079661030434 -0.9754534899072962
vn 0.9768618826888553 0.039720106288696336 -0.2101503635638058
vn 0.2122346140219843 -0.058710796610304185 0.9754534899072959
vn -0.9768618826888553 -0.039720106288696495 0.21015036356380587
vn -0.02640702104602078 0.9974845139237994 0.06578232073799785
vn 0.026407021046020857 -0.9974845139237994 -0.06578232073799788
usemtl m_05ab6c76-aca8-9e92-1f70-8760495baf9c
f 25/73/19 26/74/19 27/75/19 28/76/19
f 29/77/20 25/78/20 28/79/20 30/80/20
f 31/81/21 29/82/21 30/83/21 32/84/21
f 26/85/22 31/86/22 32/87/22 27/88/22
f 32/89/23 30/90/23 28/91/23 27/92/23
f 26/93/24 25/94/24 29/95/24 31/96/24
o cube
v 0.6635243273930826 0.667517227174651 -0.6704839763907445
v 0.45380135785630044 0.6361471864614172 -0.6966159043403586
v 0.4309291504901624 0.8396964416142982 -0.7574044223429188
v 0.6406521200269443 0.871066482327532 -0.7312724943933047
v 0.509441523173379 0.9266162539638605 0.25507942953205687
v 0.4865693158072408 1.1301655091167415 0.1942909115294968
v 0.29971855363659705 0.8952462132506267 0.22894750158244262
v 0.2768463462704588 1.0987954684035077 0.1681589835798826
vt 0.125 0.7916666666666666
vt 0.125 0.7204460886161677
vt 0.196220578050499 0.7204460886161677
vt 0.196220578050499 0.7916666666666666
vt 0.5744723822458204 0.7916666666666666
vt 0.25 0.7916666666666665
vt 0.25000024548399846 0.7204459969608674
vt 0.5744726277298189 0.7204459969608676
vt 0.10416666666666667 0.8662794219495009
vt 0.17538724471716569 0.8662794219495009
vt 0.17538724471716569 0.9374999999999999
vt 0.10416666666666667 0.9375
vt 0.20833333333333334 0.8454459969608676
vt 0.5328057155791538 0.8454459969608674
vt 0.5328059610631523 0.9166666666666665
vt 0.2083335788173318 0.9166666666666666
vt 0.94947349178008 0.7412789258277439
vt 0.94947349178008 0.8125
vt 0.625 0.8124966261887914
vt 0.6250018242054969 0.741276558273005
vt 0.6041666666666666 0.9166607233194822
vt 0.6041666666666666 0.8454406553803336
vt 0.9286401584267255 0.8454455925177732
vt 0.9286383341954553 0.9166666666666666
vn 0.15829057937499877 -0.2661746407956267 -0.9508391836049073
vn 0.9815724666399382 0.1468221068464506 0.12230601651413862
vn -0.15829057937499974 0.26617464079562575 0.9508391836049074
vn -0.9815724666399385 -0.14682210684645 -0.12230601651413854
vn -0.1070494521962361 0.9526774530440453 -0.28451025508054484
vn 0.10704945219623617 -0.9526774530440453 0.2845102550805449
usemtl m_05ab6c76-aca8-9e92-1f70-8760495baf9c
f 33/97/25 34/98/25 35/99/25 36/100/25
f 37/101/26 33/102/26 36/103/26 38/104/26
f 39/105/27 37/106/27 38/107/27 40/108/27
f 34/109/28 39/110/28 40/111/28 35/112/28
f 40/113/29 38/114/29 36/115/29 35/116/29
f 34/117/30 33/118/30 37/119/30 39/120/30
o cube
v 0.6066102377370652 0.4580168139333819 -1.30507645676873
v 0.6026231745557394 0.6221437386704776 -1.3637551899498965
v 0.7731897609546493 0.6379022360303648 -1.3312675432300067
v 0.7771768241359751 0.473775311293269 -1.2725888100488403
v 0.47097803268775373 0.6721721639391076 -0.6968589433946462
v 0.6415446190866637 0.6879306612989948 -0.6643712966747564
v 0.46699096950642793 0.8362990886762032 -0.7555376765758125
v 0.6375575559053378 0.8520575860360906 -0.7230500298559228
vt 0.3125 0.7752173177493215
vt 0.3706160155840119 0.7752173177493215
vt 0.3706160155840119 0.8333333333333333
vt 0.3125 0.8333333333333334
vt 0.6571433032830358 0.9375
vt 0.43750001825877205 0.9375
vt 0.4375 0.8793855930725057
vt 0.6571432850242639 0.8793855930725057
vt 0.31250000000000006 0.9375
vt 0.3125 0.8793839844159881
vt 0.3706160155840119 0.8793839844159881
vt 0.3706160155840119 0.9374999999999999
vt 0.437500018258772 0.7960522597391725
vt 0.6571433032830359 0.7960522597391725
vt 0.6571432850242639 0.8541666666666666
vt 0.4375 0.8541666666666666
vt 0.9279772457843337 0.7960489285812794
vt 0.9279772457843339 0.8541636989251261
vt 0.7083333333333334 0.8541666666666666
vt 0.708334013187153 0.796049927039559
vt 0.7083333333333334 0.9374964321393138
vt 0.7083333333333334 0.8793796925082297
vt 0.9279772457345884 0.8793852296601296
vt 0.9279765659038054 0.9375
vn 0.2058374239426888 -0.3250053005677902 -0.9230398201093377
vn 0.022868602672963523 -0.9413829826744835 0.3365636744253294
vn -0.2058374239426886 0.32500530056778987 0.9230398201093377
vn -0.02286860267296546 0.9413829826744836 -0.33656367442532975
vn 0.978318957148651 0.09038603063380093 0.1863394310119081
vn -0.9783189571486509 -0.09038603063380046 -0.18633943101190845
usemtl m_05ab6c76-aca8-9e92-1f70-8760495baf9c
f 41/121/31 42/122/31 43/123/31 44/124/31
f 45/125/32 41/126/32 44/127/32 46/128/32
f 47/129/33 45/130/33 46/131/33 48/132/33
f 42/133/34 47/134/34 48/135/34 43/136/34
f 48/137/35 46/138/35 44/139/35 43/140/35
f 42/141/36 41/142/36 45/143/36 47/144/36