# Made in Blockbench 4.9.4
mtllib beech_twig_branch_up_2.mtl

o cube
v 1.7256487122825048 1.9230293777385723 -0.14618618847081083
v 1.609676979474534 1.9491650684135218 -0.21572609528289477
v 1.5636313961354324 2.0244637494971216 -0.11063580310332374
v 1.679603128943403 1.998328058822172 -0.041095896291240025
v 1.4579087197276692 1.4068758314799839 0.10633415930931286
v 1.411863136388568 1.482174512563583 0.21142445148888378
v 1.3419369869196989 1.4330115221549333 0.036794252497228924
v 1.295891403580597 1.5083102032385323 0.14188454467680003
vt 0.38179902193458326 0.9374999999999998
vt 0.3645833333333333 0.9374999999999998
vt 0.3645833333333333 0.9146271287399997
vt 0.38179902193458326 0.9146271287399997
vt 0.3854166666666665 0.6874999999999989
vt 0.3854166666666665 0.5818452013799995
vt 0.4025713201116665 0.5818452013799995
vt 0.4025713201116665 0.6874999999999989
vt 0.38179902193458315 0.8541666666666663
vt 0.36458333333333315 0.8541666666666663
vt 0.36458333333333315 0.8312937954066663
vt 0.38179902193458315 0.8312937954066663
vt 0.3921546534450002 0.1860118680466668
vt 0.3921546534450002 0.2916666666666664
vt 0.3750000000000001 0.2916666666666664
vt 0.3750000000000001 0.1860118680466668
vt 0.34013235526791635 0.30208333333333337
vt 0.32291666666666635 0.30208333333333337
vt 0.32291666666666635 0.19642853471333377
vt 0.34013235526791635 0.19642853471333377
vt 0.3609656886012501 0.6145833333333333
vt 0.3437500000000001 0.6145833333333333
vt 0.3437500000000001 0.5089285347133339
vt 0.3609656886012501 0.5089285347133339
vn 0.4223502640231814 0.8142137618613958 -0.3983418186370385
vn 0.8420497684852297 -0.18976652110978945 0.5049166811067534
vn -0.42235026402318143 -0.8142137618613956 0.3983418186370388
vn -0.8420497684852296 0.18976652110978942 -0.5049166811067536
vn -0.33551816921520183 0.5486753297364474 0.7657564499663585
vn 0.3355181692152032 -0.5486753297364481 -0.7657564499663575
usemtl m_3722afce-2475-6df4-1e92-dcadf5eef328
f 1/1/1 2/2/1 3/3/1 4/4/1
f 5/5/2 1/6/2 4/7/2 6/8/2
f 7/9/3 5/10/3 6/11/3 8/12/3
f 2/13/4 7/14/4 8/15/4 3/16/4
f 8/17/5 6/18/5 4/19/5 3/20/5
f 2/21/6 1/22/6 5/23/6 7/24/6
o cube
v 0.43007342974490864 2.3644234385951406 0.3143441573415365
v 0.2771070598015377 2.3143033997126925 0.3280987355608894
v 0.2776222981759513 2.3621433070284783 0.5081516691437533
v 0.430588668119322 2.412263345910927 0.49439709092440043
v 0.699814058455845 1.5969263722852465 0.5174955699094336
v 0.7003292968302584 1.6447662796010323 0.6975485034922977
v 0.5468476885124739 1.5468063334027977 0.5312501481287867
v 0.5473629268868871 1.5946462407185835 0.7113030817116507
vt 0.3645833333333333 0.9374999999999998
vt 0.38477766927083334 0.9374999999999998
vt 0.38477766927083334 0.9064498697916663
vt 0.3645833333333333 0.9064498697916663
vt 0.34620426432291695 0.026708333333333223
vt 0.34620426432291695 0.16645833333333304
vt 0.32291666666666685 0.16645833333333304
vt 0.32291666666666685 0.026708333333333223
vt 0.36458333333333315 0.8541666666666663
vt 0.3847776692708331 0.8541666666666663
vt 0.3847776692708331 0.8231165364583328
vt 0.36458333333333315 0.8231165364583328
vt 0.4062499999999999 0.5579583333333333
vt 0.4062499999999999 0.6977083333333332
vt 0.42953759765625 0.6977083333333332
vt 0.42953759765625 0.5579583333333333
vt 0.35416666666666663 0.6875
vt 0.37436100260416666 0.6875
vt 0.37436100260416666 0.5477500000000002
vt 0.35416666666666663 0.5477500000000002
vt 0.38541666666666663 0.3333333333333335
vt 0.4056110026041666 0.3333333333333335
vt 0.4056110026041666 0.19358333333333366
vt 0.38541666666666663 0.19358333333333366
vn -0.3216942501024872 0.9153214863564654 -0.24227956179832733
vn 0.946839564425333 0.31023574529491016 -0.08513883708482996
vn 0.3216942501024872 -0.9153214863564654 0.24227956179832727
vn -0.9468395644253332 -0.3102357452949102 0.08513883708482882
vn 0.002765626482918774 0.2567885491128909 0.9664636528885365
vn -0.0027656264829188713 -0.256788549112891 -0.9664636528885364
usemtl m_3722afce-2475-6df4-1e92-dcadf5eef328
f 9/25/7 10/26/7 11/27/7 12/28/7
f 13/29/8 9/30/8 12/31/8 14/32/8
f 15/33/9 13/34/9 14/35/9 16/36/9
f 10/37/10 15/38/10 16/39/10 11/40/10
f 16/41/11 14/42/11 12/43/11 11/44/11
f 10/45/12 9/46/12 13/47/12 15/48/12
o cube
v 0.7271696064096327 1.620903734703361 0.513665835389886
v 0.5119319945558665 1.6056559655087463 0.4724415576136449
v 0.4696111019991119 1.6889443591152393 0.662598573478981
v 0.6848487138528777 1.7041921283098542 0.7038228512552219
v 0.7153255666039684 0.6744694367815619 0.925566188555979
v 0.6730046740472138 0.757757830388055 1.115723204421315
v 0.5000879547502022 0.6592216675869471 0.8843419107797379
v 0.4577670621934474 0.7425100611934403 1.074498926645074
vt 0.3645833333333333 0.9374999999999998
vt 0.3920432942708333 0.9374999999999998
vt 0.3920432942708333 0.9021888020833332
vt 0.3645833333333333 0.9021888020833332
vt 0.38541666666666685 0.19233333333333313
vt 0.38541666666666685 0.3643749999999998
vt 0.4119000651041669 0.3643749999999998
vt 0.4119000651041669 0.19233333333333313
vt 0.36458333333333315 0.8541666666666663
vt 0.39204329427083306 0.8541666666666663
vt 0.39204329427083306 0.8188554687499997
vt 0.36458333333333315 0.8188554687499997
vt 0.3437499999999999 0.06733333333333336
vt 0.3437499999999999 0.2393749999999999
vt 0.37023339843749986 0.2393749999999999
vt 0.37023339843749986 0.06733333333333336
vt 0.3333333333333333 0.375
vt 0.36079329427083323 0.375
vt 0.36079329427083323 0.20295833333333346
vt 0.3333333333333333 0.20295833333333346
vt 0.34375 0.7708333333333334
vt 0.3712099609374999 0.7708333333333334
vt 0.3712099609374999 0.5987916666666668
vt 0.34375 0.5987916666666668
vn 0.011474003202387386 0.9168653891225961 -0.3990315845639067
vn 0.979779306422068 0.06940909907573821 0.18765630197940542
vn -0.011474003202386892 -0.9168653891225956 0.3990315845639077
vn -0.9797793064220682 -0.06940909907573778 -0.18765630197940447
vn -0.19975199112299963 0.39311605817438366 0.8975293348118667
vn 0.19975199112299838 -0.3931160581743838 -0.8975293348118667
usemtl m_3722afce-2475-6df4-1e92-dcadf5eef328
f 17/49/13 18/50/13 19/51/13 20/52/13
f 21/53/14 17/54/14 20/55/14 22/56/14
f 23/57/15 21/58/15 22/59/15 24/60/15
f 18/61/16 23/62/16 24/63/16 19/64/16
f 24/65/17 22/66/17 20/67/17 19/68/17
f 18/69/18 17/70/18 21/71/18 23/72/18
o cube
v 0.4418512555203306 2.9704909369515202 0.17095111772583327
v 0.29988406841058335 2.9665668131623444 0.15425024838818557
v 0.2832526789944079 3.0070452999444246 0.28611577800138843
v 0.42521986610415524 3.0109694237336004 0.3028166473390364
v 0.4364560229587298 2.3240828739223587 0.36869718599644724
v 0.41982463354255445 2.3645613607044385 0.5005627156096503
v 0.29448883584898267 2.320158750133183 0.35199631665879944
v 0.27785744643280735 2.3606372369152626 0.48386184627200257
vt 0.3645833333333333 0.9374999999999998
vt 0.38245833333333334 0.9374999999999998
vt 0.38245833333333334 0.9143437499999998
vt 0.3645833333333333 0.9143437499999998
vt 0.3750000000000002 0.24129166666666746
vt 0.3750000000000002 0.35395833333333315
vt 0.3923671875000002 0.35395833333333315
vt 0.3923671875000002 0.24129166666666746
vt 0.36458333333333315 0.8541666666666663
vt 0.3824583333333331 0.8541666666666663
vt 0.3824583333333331 0.8310104166666663
vt 0.36458333333333315 0.8310104166666663
vt 0.39583333333333326 0.4183750000000007
vt 0.39583333333333326 0.5310416666666666
vt 0.41320052083333325 0.5310416666666666
vt 0.41320052083333325 0.4183750000000007
vt 0.3333333333333333 0.15625
vt 0.3512083333333333 0.15625
vt 0.3512083333333333 0.043583333333334195
vt 0.3333333333333333 0.043583333333334195
vt 0.34375 0.7708333333333334
vt 0.361625 0.7708333333333334
vt 0.361625 0.6581666666666675
vt 0.34375 0.6581666666666675
vn 0.007981113256805178 0.9562249453094185 -0.2925237696310883
vn 0.9927775322359962 0.027441425099131025 0.1167892960674675
vn -0.00798111325680516 -0.9562249453094185 0.29252376963108795
vn -0.9927775322359962 -0.027441425099130612 -0.11678929606746605
vn -0.11970410735888617 0.2913431347338195 0.9490996283451404
vn 0.11970410735888615 -0.2913431347338195 -0.9490996283451404
usemtl m_3722afce-2475-6df4-1e92-dcadf5eef328
f 25/73/19 26/74/19 27/75/19 28/76/19
f 29/77/20 25/78/20 28/79/20 30/80/20
f 31/81/21 29/82/21 30/83/21 32/84/21
f 26/85/22 31/86/22 32/87/22 27/88/22
f 32/89/23 30/90/23 28/91/23 27/92/23
f 26/93/24 25/94/24 29/95/24 31/96/24
o cube
v 0.7294179921713883 0.7519136304998266 0.8669058892395446
v 0.5007867025994025 0.7335311363693362 0.829650581386927
v 0.4598953736149787 0.8698922510719003 1.0133124615797473
v 0.6885266631869644 0.8882747452023907 1.050567769432365
v 0.6952655782564342 -0.12021492530850353 1.5068203032571081
v 0.6543742492720108 0.01614618939406054 1.6904821834499286
v 0.4666342886844488 -0.1385974194389939 1.4695649954044903
v 0.4257429597000249 -0.002236304736429773 1.6532268755973107
vt 0.3645833333333333 0.9374999999999998
vt 0.3936302083333333 0.9374999999999998
vt 0.3936302083333333 0.8987708333333331
vt 0.3645833333333333 0.8987708333333331
vt 0.3437500000000002 0.5173333333333343
vt 0.3437500000000002 0.6977083333333332
vt 0.37279687500000025 0.6977083333333332
vt 0.37279687500000025 0.5173333333333343
vt 0.3776041666666665 0.8020833333333329
vt 0.40665104166666655 0.8020833333333329
vt 0.40665104166666655 0.7633541666666662
vt 0.3776041666666665 0.7633541666666662
vt 0.3854166666666665 0.07983333333333442
vt 0.3854166666666665 0.26020833333333326
vt 0.41446354166666655 0.26020833333333326
vt 0.41446354166666655 0.07983333333333442
vt 0.3333333333333333 0.375
vt 0.3623802083333333 0.375
vt 0.3623802083333333 0.19462500000000116
vt 0.3333333333333333 0.19462500000000116
vt 0.34375 0.7291666666666667
vt 0.37279687499999997 0.7291666666666667
vt 0.37279687499999997 0.5487916666666679
vt 0.34375 0.5487916666666679
vn 0.03155686201427935 0.8058475914144939 -0.5912815098337428
vn 0.9838893580289864 0.07910702154057156 0.16032407897845186
vn -0.0315568620142796 -0.805847591414494 0.5912815098337426
vn -0.9838893580289862 -0.07910702154057171 -0.16032407897845144
vn -0.17597129202549172 0.5868149099626204 0.790368500022895
vn 0.1759712920254919 -0.5868149099626201 -0.790368500022895
usemtl m_3722afce-2475-6df4-1e92-dcadf5eef328
f 33/97/25 34/98/25 35/99/25 36/100/25
f 37/101/26 33/102/26 36/103/26 38/104/26
f 39/105/27 37/106/27 38/107/27 40/108/27
f 34/109/28 39/110/28 40/111/28 35/112/28
f 40/113/29 38/114/29 36/115/29 35/116/29
f 34/117/30 33/118/30 37/119/30 39/120/30
o cube
v 0.8998253717058785 0.7371490070662157 0.5411796110509811
v 0.8813579236495054 0.9095092986263171 0.6660858331523707
v 1.074881171361479 0.8708909069911848 0.7479885405958074
v 1.0933486194178523 0.6985306154310837 0.6230823184944182
v 0.49595482585889217 0.18946773204912382 1.237222165652099
v 0.6894780735708659 0.15084934041399187 1.3191248730955363
v 0.477487377802519 0.36182802360922506 1.3621283877534884
v 0.6710106255144928 0.323209631974093 1.4440310951969255
vt 0.3912908583333332 0.9374999999999998
vt 0.3645833333333333 0.9374999999999998
vt 0.3645833333333333 0.9018899666666667
vt 0.3912908583333332 0.9018899666666667
vt 0.3541666666666666 0.6041666666666656
vt 0.3541666666666666 0.4419304333333339
vt 0.3808741916666665 0.4419304333333339
vt 0.3808741916666665 0.6041666666666656
vt 0.391290858333333 0.8541666666666663
vt 0.36458333333333315 0.8541666666666663
vt 0.36458333333333315 0.8185566333333331
vt 0.391290858333333 0.8185566333333331
vt 0.3333333333333336 0.27083333333333304
vt 0.3333333333333336 0.10859710000000133
vt 0.3600408583333335 0.10859710000000133
vt 0.3600408583333335 0.27083333333333304
vt 0.40170752499999984 0.25
vt 0.375 0.25
vt 0.375 0.0877637666666683
vt 0.40170752499999984 0.0877637666666683
vt 0.3704575249999999 0.7708333333333334
vt 0.34375 0.7708333333333334
vt 0.34375 0.6085971000000017
vt 0.3704575249999999 0.6085971000000017
vn 0.41489965748197083 0.562637646519466 -0.7150504548214619
vn 0.08643373008343776 -0.8067028466700962 -0.5846021959231992
vn -0.4148996574819709 -0.5626376465194658 0.7150504548214622
vn -0.08643373008343794 0.8067028466700963 0.5846021959231994
vn 0.9057524410815613 -0.18074677284366608 0.38333160524719767
vn -0.905752441081561 0.18074677284366605 -0.3833316052471978
usemtl m_3722afce-2475-6df4-1e92-dcadf5eef328
f 41/121/31 42/122/31 43/123/31 44/124/31
f 45/125/32 41/126/32 44/127/32 46/128/32
f 47/129/33 45/130/33 46/131/33 48/132/33
f 42/133/34 47/134/34 48/135/34 43/136/34
f 48/137/35 46/138/35 44/139/35 43/140/35
f 42/141/36 41/142/36 45/143/36 47/144/36
o cube
v 1.4887504266294551 1.4141029689968374 0.09663756004867574
v 1.337504951200911 1.4414234364439724 0.014326345472056301
v 1.29367101220402 1.5601215330167904 0.13426835431892195
v 1.4449164876325649 1.5328010655696556 0.21657956889554117
v 1.0717883777095127 0.7190506221513546 0.6320988399631339
v 1.027954438712622 0.8377487187241731 0.7520408488099992
v 0.9205429022809681 0.7463710895984895 0.5497876253865144
v 0.8767089632840773 0.865069186171308 0.6697296342333798
vt 0.38637665865333337 0.9791666666666665
vt 0.3645833333333333 0.9791666666666665
vt 0.3645833333333333 0.9501088995733331
vt 0.38637665865333337 0.9501088995733331
vt 0.3854166666666665 0.281249999999999
vt 0.3854166666666665 0.11934520138000071
vt 0.40720999198666663 0.11934520138000071
vt 0.40720999198666663 0.281249999999999
vt 0.38637665865333326 0.8958333333333329
vt 0.36458333333333315 0.8958333333333329
vt 0.36458333333333315 0.8667755662399995
vt 0.38637665865333326 0.8667755662399995
vt 0.37595999198666685 0.23392853471333463
vt 0.37595999198666685 0.39583333333333304
vt 0.3541666666666668 0.39583333333333304
vt 0.3541666666666668 0.23392853471333463
vt 0.3447099919866664 0.34375
vt 0.32291666666666635 0.34375
vt 0.32291666666666635 0.1818452013800016
vt 0.3447099919866664 0.1818452013800016
vt 0.36554332532000006 0.8125
vt 0.34375 0.8125
vt 0.34375 0.6505952013800016
vt 0.36554332532000006 0.6505952013800016
vn 0.42922554125833606 0.7154949006759824 -0.5512100160901965
vn 0.8674988397120872 -0.15670203517577985 0.4721125239494829
vn -0.429225541258335 -0.7154949006759811 0.5512100160901988
vn -0.8674988397120867 0.15670203517577966 -0.4721125239494838
vn -0.25141837210051465 0.680816803022984 0.6879515120209352
vn 0.2514183721005146 -0.680816803022984 -0.6879515120209351
usemtl m_3722afce-2475-6df4-1e92-dcadf5eef328
f 49/145/37 50/146/37 51/147/37 52/148/37
f 53/149/38 49/150/38 52/151/38 54/152/38
f 55/153/39 53/154/39 54/155/39 56/156/39
f 50/157/40 55/158/40 56/159/40 51/160/40
f 56/161/41 54/162/41 52/163/41 51/164/41
f 50/165/42 49/166/42 53/167/42 55/168/42