# Made in Blockbench 4.9.4
mtllib beech_twig_branch_2.mtl

o cube
v 0.7699863258908921 1.1864339479573236 -2.33789098268472
v 0.6346636190751516 1.1827650266565266 -2.363240929696957
v 0.635452808131817 1.3179249303994136 -2.3870155848827173
v 0.7707755149475576 1.3215938517002102 -2.36166563787048
v 0.6521451554433297 1.295009308380919 -1.7245472270076847
v 0.6529343444999948 1.4301692121238059 -1.7483218821934445
v 0.5168224486275892 1.2913403870801226 -1.7498971740199223
v 0.5176116376842549 1.426500290823009 -1.7736718292056821
vt 0.38961152193458337 0.9146271287399997
vt 0.3723958333333333 0.9146271287399997
vt 0.3723958333333333 0.9374999999999998
vt 0.38961152193458337 0.9374999999999998
vt 0.4103838201116665 0.6874999999999989
vt 0.4103838201116665 0.5818452013799995
vt 0.3932291666666665 0.5818452013799995
vt 0.3932291666666665 0.6874999999999989
vt 0.38961152193458326 0.8312937954066663
vt 0.37239583333333315 0.8312937954066663
vt 0.37239583333333315 0.8541666666666663
vt 0.38961152193458326 0.8541666666666663
vt 0.3828125000000001 0.1860118680466668
vt 0.3828125000000001 0.2916666666666664
vt 0.3999671534450002 0.2916666666666664
vt 0.3999671534450002 0.1860118680466668
vt 0.36877818860125017 0.5089285347133339
vt 0.3515625000000001 0.5089285347133339
vt 0.3515625000000001 0.6145833333333333
vt 0.36877818860125017 0.6145833333333333
vt 0.3844031886012498 0.6026785347133339
vt 0.36718749999999967 0.6026785347133339
vt 0.36718749999999967 0.7083333333333333
vt 0.3844031886012498 0.7083333333333333
vn 0.18589023244682165 -0.17127374847418692 -0.9675278417515787
vn 0.9825536894724796 0.026639373726025817 0.18406137854396137
vn -0.18589023244682187 0.17127374847418472 0.9675278417515789
vn -0.9825536894724795 -0.026639373726024616 -0.18406137854396168
vn 0.0057505464857938735 0.9848632630223783 -0.1732376528472621
vn -0.005750546485793367 -0.9848632630223783 0.17323765284726192
usemtl m_3722afce-2475-6df4-1e92-dcadf5eef328
f 1/1/1 2/2/1 3/3/1 4/4/1
f 5/5/2 1/6/2 4/7/2 6/8/2
f 7/9/3 5/10/3 6/11/3 8/12/3
f 2/13/4 7/14/4 8/15/4 3/16/4
f 8/17/5 6/18/5 4/19/5 3/20/5
f 2/21/6 1/22/6 5/23/6 7/24/6
o cube
v -0.15605183081564689 0.19243451393614092 -1.9224987077310636
v -0.2872524864188932 0.17459864486866028 -1.8299342069918019
v -0.36109028342796223 0.32830230491864737 -1.9049751672364992
v -0.22988962782471556 0.3461381739861281 -1.9975396679757607
v 0.2030278311120916 0.657131239383659 -1.3239997522196831
v 0.12919003410302277 0.8108348994336461 -1.3990407124643802
v 0.0718271755088451 0.6392953703161781 -1.2314352514804219
v -0.002010621500223797 0.7929990303661653 -1.306476211725119
vt 0.3723958333333333 0.9064498697916663
vt 0.39259016927083334 0.9064498697916663
vt 0.39259016927083334 0.9374999999999998
vt 0.3723958333333333 0.9374999999999998
vt 0.33072916666666685 0.026708333333333223
vt 0.33072916666666685 0.16645833333333304
vt 0.35401676432291695 0.16645833333333304
vt 0.35401676432291695 0.026708333333333223
vt 0.37239583333333315 0.8231165364583328
vt 0.3925901692708331 0.8231165364583328
vt 0.3925901692708331 0.8541666666666663
vt 0.37239583333333315 0.8541666666666663
vt 0.40610009765625 0.5579583333333333
vt 0.40610009765625 0.6977083333333332
vt 0.3828124999999999 0.6977083333333332
vt 0.3828124999999999 0.5579583333333333
vt 0.39322916666666663 0.19358333333333366
vt 0.4134235026041666 0.19358333333333366
vt 0.4134235026041666 0.3333333333333335
vt 0.39322916666666663 0.3333333333333335
vt 0.36197916666666663 0.6102500000000002
vt 0.3821735026041666 0.6102500000000002
vt 0.3821735026041666 0.75
vt 0.36197916666666663 0.75
vn -0.42824050319348717 -0.5542000303488611 -0.7137733518322957
vn 0.8121129608402501 0.11040143336899852 -0.5729607860450427
vn 0.4282405031934865 0.5542000303488595 0.7137733518322976
vn -0.81211296084025 -0.11040143336899857 0.5729607860450427
vn -0.39633648615774875 0.8250296054514615 -0.40279466216514676
vn 0.39633648615774975 -0.8250296054514612 0.4027946621651465
usemtl m_3722afce-2475-6df4-1e92-dcadf5eef328
f 9/25/7 10/26/7 11/27/7 12/28/7
f 13/29/8 9/30/8 12/31/8 14/32/8
f 15/33/9 13/34/9 14/35/9 16/36/9
f 10/37/10 15/38/10 16/39/10 11/40/10
f 16/41/11 14/42/11 12/43/11 11/44/11
f 10/45/12 9/46/12 13/47/12 15/48/12
o cube
v 0.18932165943761659 0.6078694743712029 -1.35858105858339
v -0.022705150512018546 0.5856538321968789 -1.3055691523220476
v -0.06052023357295411 0.782447276041579 -1.3743446210009127
v 0.15150657637668086 0.804662918215903 -1.4273565272622555
v 0.3868098090353738 0.9757411305667704 -0.4145424270452612
v 0.34899472597443837 1.1725345744114704 -0.4833178957241267
v 0.17478299908573877 0.9535254883924466 -0.3615305207839186
v 0.1369679160248033 1.1503189322371465 -0.4303059894627841
vt 0.3723958333333333 0.9021888020833332
vt 0.3998557942708333 0.9021888020833332
vt 0.3998557942708333 0.9374999999999998
vt 0.3723958333333333 0.9374999999999998
vt 0.4197125651041669 0.19233333333333313
vt 0.4197125651041669 0.3643749999999998
vt 0.39322916666666685 0.3643749999999998
vt 0.39322916666666685 0.19233333333333313
vt 0.37239583333333315 0.8188554687499996
vt 0.3998557942708332 0.8188554687499996
vt 0.3998557942708332 0.8541666666666663
vt 0.37239583333333315 0.8541666666666663
vt 0.3780458984374999 0.06733333333333336
vt 0.3780458984374999 0.2393749999999999
vt 0.3515624999999999 0.2393749999999999
vt 0.3515624999999999 0.06733333333333336
vt 0.3515625 0.5987916666666668
vt 0.3790224609375 0.5987916666666668
vt 0.3790224609375 0.7708333333333334
vt 0.3515625 0.7708333333333334
vt 0.36197916666666663 0.5883750000000001
vt 0.38943912760416666 0.5883750000000001
vt 0.38943912760416666 0.7604166666666666
vt 0.36197916666666663 0.7604166666666666
vn -0.19131813959579252 -0.35637845114610506 -0.91454456918201
vn 0.965163472155955 0.1011274297917231 -0.2413145560458
vn 0.1913181395957929 0.3563784511461061 0.9145445691820093
vn -0.965163472155955 -0.1011274297917221 0.2413145560457997
vn -0.17848484943396747 0.9288528637531475 -0.3246159515798803
vn 0.17848484943396734 -0.9288528637531475 0.3246159515798804
usemtl m_3722afce-2475-6df4-1e92-dcadf5eef328
f 17/49/13 18/50/13 19/51/13 20/52/13
f 21/53/14 17/54/14 20/55/14 22/56/14
f 23/57/15 21/58/15 22/59/15 24/60/15
f 18/61/16 23/62/16 24/63/16 19/64/16
f 24/65/17 22/66/17 20/67/17 19/68/17
f 18/69/18 17/70/18 21/71/18 23/72/18
o cube
v -0.28029431811016303 -0.09341744411436298 -2.469055819613875
v -0.41599713334006494 -0.11932531783984757 -2.43214338244558
v -0.4544250798313366 0.0017413569815385443 -2.4884442002230043
v -0.3187222646014347 0.02764923070702313 -2.5253566373912992
v -0.17787282996896936 0.21479813934150876 -1.8761907482174467
v -0.2163007764602406 0.335864814162895 -1.9324915659948707
v -0.3135756451988715 0.18889026561602407 -1.839278311049152
v -0.3520035916901427 0.3099569404374105 -1.8955791288265758
vt 0.3723958333333333 0.9143437499999998
vt 0.39027083333333334 0.9143437499999998
vt 0.39027083333333334 0.9374999999999998
vt 0.3723958333333333 0.9374999999999998
vt 0.4001796875000002 0.24129166666666746
vt 0.4001796875000002 0.35395833333333315
vt 0.3828125000000002 0.35395833333333315
vt 0.3828125000000002 0.24129166666666746
vt 0.37239583333333315 0.8310104166666663
vt 0.3902708333333331 0.8310104166666663
vt 0.3902708333333331 0.8541666666666663
vt 0.37239583333333315 0.8541666666666663
vt 0.42101302083333325 0.4183750000000007
vt 0.42101302083333325 0.5310416666666666
vt 0.40364583333333326 0.5310416666666666
vt 0.40364583333333326 0.4183750000000007
vt 0.3515625 0.6581666666666675
vt 0.3694375 0.6581666666666675
vt 0.3694375 0.7708333333333334
vt 0.3515625 0.7708333333333334
vt 0.36197916666666663 0.6060833333333342
vt 0.3798541666666666 0.6060833333333342
vt 0.3798541666666666 0.71875
vt 0.36197916666666663 0.71875
vn -0.15151107713194403 -0.455940212212834 -0.8770193363852558
vn 0.9489707358734429 0.18117394213625687 -0.258128931246818
vn 0.15151107713194514 0.45594021221283154 0.8770193363852568
vn -0.9489707358734434 -0.18117394213625612 0.2581289312468173
vn -0.2765844101935856 0.8713750774368787 -0.4052240595766002
vn 0.27658441019358637 -0.8713750774368786 0.40522405957660024
usemtl m_3722afce-2475-6df4-1e92-dcadf5eef328
f 25/73/19 26/74/19 27/75/19 28/76/19
f 29/77/20 25/78/20 28/79/20 30/80/20
f 31/81/21 29/82/21 30/83/21 32/84/21
f 26/85/22 31/86/22 32/87/22 27/88/22
f 32/89/23 30/90/23 28/91/23 27/92/23
f 26/93/24 25/94/24 29/95/24 31/96/24
o cube
v 0.36869494466021024 0.9345236215996354 -0.5541626138067766
v 0.14628695283507087 0.9080284190194162 -0.49226891430883274
v 0.11191722927216977 1.1364012990841066 -0.5180116876281234
v 0.33432522109730933 1.1628965016643258 -0.5799053871260673
v 0.6383204096023 1.0919095925441928 0.4820790700221409
v 0.6039506860393992 1.320282472608883 0.4563362967028499
v 0.4159124177771605 1.0654143899639734 0.5439727695200847
v 0.38154269421425957 1.293787270028664 0.5182299962007939
vt 0.3723958333333333 0.8987708333333331
vt 0.4014427083333333 0.8987708333333331
vt 0.4014427083333333 0.9374999999999998
vt 0.3723958333333333 0.9374999999999998
vt 0.38060937500000025 0.5173333333333339
vt 0.38060937500000025 0.6977083333333332
vt 0.3515625000000002 0.6977083333333332
vt 0.3515625000000002 0.5173333333333339
vt 0.37239583333333315 0.8154374999999996
vt 0.4014427083333332 0.8154374999999996
vt 0.4014427083333332 0.8541666666666663
vt 0.37239583333333315 0.8541666666666663
vt 0.42227604166666655 0.07983333333333409
vt 0.42227604166666655 0.26020833333333326
vt 0.3932291666666665 0.26020833333333326
vt 0.3932291666666665 0.07983333333333409
vt 0.3515625 0.5487916666666675
vt 0.380609375 0.5487916666666675
vt 0.380609375 0.7291666666666667
vt 0.3515625 0.7291666666666667
vt 0.38541666666666663 0.5592083333333342
vt 0.41446354166666666 0.5592083333333342
vt 0.41446354166666666 0.7395833333333333
vt 0.38541666666666663 0.7395833333333333
vn -0.24913417874067084 -0.1454247825775542 -0.9574882733461975
vn 0.9571080874669805 0.11401916118437583 -0.26635266056135043
vn 0.2491341787406704 0.14542478257755487 0.9574882733461975
vn -0.9571080874669806 -0.11401916118437586 0.2663526605613504
vn -0.14790628752189805 0.9827773214187853 -0.11078116544073466
vn 0.14790628752189722 -0.9827773214187855 0.11078116544073494
usemtl m_3722afce-2475-6df4-1e92-dcadf5eef328
f 33/97/25 34/98/25 35/99/25 36/100/25
f 37/101/26 33/102/26 36/103/26 38/104/26
f 39/105/27 37/106/27 38/107/27 40/108/27
f 34/109/28 39/110/28 40/111/28 35/112/28
f 40/113/29 38/114/29 36/115/29 35/116/29
f 34/117/30 33/118/30 37/119/30 39/120/30
o cube
v 0.5649089759895075 1.4655209276611452 -0.8035004903073263
v 0.5937182020300882 1.2582961731943694 -0.846843433160423
v 0.3823533354987322 1.232636151768663 -0.8646517896442211
v 0.3535441094581515 1.4398609062354393 -0.8213088467911244
v 0.5099346047398812 1.2592358482150232 0.14621826760280143
v 0.29856973820852517 1.2335758267893169 0.12840991111900335
v 0.538743830780462 1.0520110937482472 0.10287532474970468
v 0.32737896424910606 1.0263510723225409 0.0850669682659067
vt 0.3991033583333332 0.9018899666666667
vt 0.3723958333333333 0.9018899666666667
vt 0.3723958333333333 0.9374999999999998
vt 0.3991033583333332 0.9374999999999998
vt 0.3886866916666665 0.6041666666666656
vt 0.3886866916666665 0.4419304333333339
vt 0.3619791666666666 0.4419304333333339
vt 0.3619791666666666 0.6041666666666656
vt 0.399103358333333 0.8185566333333331
vt 0.37239583333333315 0.8185566333333331
vt 0.37239583333333315 0.8541666666666663
vt 0.399103358333333 0.8541666666666663
vt 0.3860825250000002 0.33333333333333304
vt 0.3860825250000002 0.17109710000000133
vt 0.3593750000000002 0.17109710000000133
vt 0.3593750000000002 0.33333333333333304
vt 0.3782700249999999 0.6085971000000017
vt 0.3515625 0.6085971000000017
vt 0.3515625 0.7708333333333334
vt 0.3782700249999999 0.7708333333333334
vt 0.40952002499999995 0.0877637666666683
vt 0.3828125 0.0877637666666683
vt 0.3828125 0.25
vt 0.40952002499999995 0.25
vn 0.05647564061380762 0.21191842209326056 -0.9756541827895593
vn -0.13483665203243475 0.9698799985527337 0.20285922625316707
vn -0.056475640613807346 -0.2119184220932601 0.9756541827895595
vn 0.13483665203243755 -0.9698799985527333 -0.20285922625316696
vn -0.9892570845265367 -0.12009733879171866 -0.08334896477583635
vn 0.9892570845265369 0.12009733879171836 0.08334896477583632
usemtl m_3722afce-2475-6df4-1e92-dcadf5eef328
f 41/121/31 42/122/31 43/123/31 44/124/31
f 45/125/32 41/126/32 44/127/32 46/128/32
f 47/129/33 45/130/33 46/131/33 48/132/33
f 42/133/34 47/134/34 48/135/34 43/136/34
f 48/137/35 46/138/35 44/139/35 43/140/35
f 42/141/36 41/142/36 45/143/36 47/144/36
o cube
v 0.6823672330645436 1.2661420689115923 -1.7685410406965396
v 0.5096437034479258 1.2603548130310076 -1.7915590295392834
v 0.5038825629056622 1.434605238692463 -1.792138892168368
v 0.6766060925222807 1.4403924945730477 -1.7691209033256245
v 0.5540785261622775 1.2651048951073358 -0.8056210910982337
v 0.5483173856200141 1.4393553207687917 -0.8062009537273187
v 0.3813549965456593 1.259317639226751 -0.8286390799409773
v 0.3755938560033962 1.4335680648882065 -0.8292189425700623
vt 0.39418915865333337 0.9501088995733331
vt 0.3723958333333333 0.9501088995733331
vt 0.3723958333333333 0.9791666666666665
vt 0.39418915865333337 0.9791666666666665
vt 0.4150224919866665 0.281249999999999
vt 0.4150224919866665 0.11934520138000071
vt 0.3932291666666665 0.11934520138000071
vt 0.3932291666666665 0.281249999999999
vt 0.39418915865333326 0.8667755662399995
vt 0.37239583333333315 0.8667755662399995
vt 0.37239583333333315 0.8958333333333329
vt 0.39418915865333326 0.8958333333333329
vt 0.3619791666666668 0.23392853471333463
vt 0.3619791666666668 0.39583333333333304
vt 0.38377249198666685 0.39583333333333304
vt 0.38377249198666685 0.23392853471333463
vt 0.37335582532000006 0.6505952013800016
vt 0.3515625 0.6505952013800016
vt 0.3515625 0.8125
vt 0.37335582532000006 0.8125
vt 0.3655433253199998 0.5464285347133351
vt 0.34374999999999967 0.5464285347133351
vt 0.34374999999999967 0.7083333333333333
vt 0.3655433253199998 0.7083333333333333
vn 0.13206187421635093 0.0010676786740304591 -0.9912408998022196
vn 0.9906905387340493 0.03319396991744206 0.1320243039139356
vn -0.13206187421634924 -0.001067678674028849 0.9912408998022197
vn -0.9906905387340492 -0.033193969917442834 -0.13202430391393594
vn -0.0330441801427172 0.999448358057268 -0.003325918719211036
vn 0.033044180142716005 -0.999448358057268 0.0033259187192106196
usemtl m_3722afce-2475-6df4-1e92-dcadf5eef328
f 49/145/37 50/146/37 51/147/37 52/148/37
f 53/149/38 49/150/38 52/151/38 54/152/38
f 55/153/39 53/154/39 54/155/39 56/156/39
f 50/157/40 55/158/40 56/159/40 51/160/40
f 56/161/41 54/162/41 52/163/41 51/164/41
f 50/165/42 49/166/42 53/167/42 55/168/42