# Made in Blockbench 4.12.3
mtllib beech_twig_branch_up_2.mtl

o cube
v 1.7256487122825048 1.9230293777385723 -0.14618618847081083
v 1.609676979474534 1.9491650684135218 -0.21572609528289477
v 1.5636313961354324 2.0244637494971216 -0.11063580310332374
v 1.679603128943403 1.998328058822172 -0.041095896291240025
v 1.4579087197276692 1.4068758314799839 0.10633415930931286
v 1.411863136388568 1.482174512563583 0.21142445148888378
v 1.3419369869196989 1.4330115221549333 0.036794252497228924
v 1.295891403580597 1.5083102032385323 0.14188454467680003
vt 0.7500000000000003 0.8124999999999991
vt 0.7916659412962198 0.812499999999999
vt 0.791666666666667 0.8541666666666657
vt 0.7500007253704474 0.8541666666666657
vt 0.16666666666666666 0.7291666666666667
vt 0.3779759586622638 0.7291666666666667
vt 0.3779769095377201 0.7708333333333333
vt 0.16666761754212298 0.7708333333333334
vt 0.8541666666666664 0.8749992746295527
vt 0.8541666666666664 0.8333333333333331
vt 0.895833333333333 0.8333340587037802
vt 0.895833333333333 0.8749999999999998
vt 0.3779759586622638 0.8958333333333334
vt 0.16666666666666666 0.8958333333333333
vt 0.16666761754212298 0.8541666666666666
vt 0.3779769095377201 0.8541666666666667
vt 0.4583333333333333 0.7708290052008279
vt 0.4583333333333334 0.7291666666666667
vt 0.6696447770872811 0.7291695826346114
vt 0.6696422752230898 0.7708333333333334
vt 0.6696447769485926 0.8541727890572404
vt 0.6696447769485926 0.8958333333333334
vt 0.4583333333333333 0.895825798763154
vt 0.45833583511272186 0.8541666666666666
vn 0.422350264023181 0.8142137618613949 -0.39834181863704105
vn 0.8420497684852287 -0.18976652110978828 0.5049166811067554
vn -0.4223502640231813 -0.8142137618613958 0.39834181863703855
vn -0.8420497684852297 0.18976652110978892 -0.5049166811067536
vn -0.33551816921520233 0.5486753297364474 0.7657564499663582
vn 0.33551816921520267 -0.548675329736448 -0.7657564499663578
usemtl m_c5a8b4fd-1f60-1153-4c0d-85d15bdb203f
f 1/1/1 2/2/1 3/3/1 4/4/1
f 5/5/2 1/6/2 4/7/2 6/8/2
f 7/9/3 5/10/3 6/11/3 8/12/3
f 2/13/4 7/14/4 8/15/4 3/16/4
f 8/17/5 6/18/5 4/19/5 3/20/5
f 2/21/6 1/22/6 5/23/6 7/24/6
o cube
v 0.43007342974490864 2.3644234385951406 0.3143441573415365
v 0.2771070598015377 2.3143033997126925 0.3280987355608894
v 0.2776222981759513 2.3621433070284783 0.5081516691437533
v 0.430588668119322 2.412263345910927 0.49439709092440043
v 0.699814058455845 1.5969263722852465 0.5174955699094336
v 0.7003292968302584 1.6447662796010323 0.6975485034922977
v 0.5468476885124739 1.5468063334027977 0.5312501481287867
v 0.5473629268868871 1.5946462407185835 0.7113030817116507
vt 0.7708333333333327 0.9166666666666656
vt 0.7708333333333327 0.8628156606343319
vt 0.8329337016536543 0.8628133479583072
vt 0.8329350300681743 0.9166659588559439
vt 0.041666666666666664 0.7503997260345595
vt 0.32116628600308256 0.7503997260345593
vt 0.32116737916447985 0.8124999999999999
vt 0.04166775982806407 0.8125
vt 0.7291689793426924 0.7712316365984928
vt 0.7830199853750263 0.7712316365984928
vt 0.7830192775643047 0.8333333333333343
vt 0.7291666666666679 0.8333320049188142
vt 0.32116628600308256 0.9166666666666666
vt 0.041666666666666664 0.9166666666666666
vt 0.04166775982806407 0.854566392701226
vt 0.3211673791644798 0.854566392701226
vt 0.3541666666666667 0.8541620367742474
vt 0.3541666666666667 0.8003104060312461
vt 0.63366614039826 0.8003150359236654
vt 0.63366614039826 0.8541666666666666
vt 0.6544994737315933 0.8836437393645798
vt 0.6544994737315936 0.9374953701075811
vt 0.375 0.9375
vt 0.37500000000000006 0.8836483692569987
vn -0.3216942501024844 0.9153214863564663 -0.24227956179832755
vn 0.946839564425333 0.3102357452949103 -0.08513883708482975
vn 0.3216942501024879 -0.915321486356465 0.24227956179832733
vn -0.9468395644253333 -0.31023574529491027 0.08513883708482847
vn 0.0027656264829185053 0.2567885491128911 0.9664636528885365
vn -0.0027656264829192187 -0.2567885491128912 -0.9664636528885363
usemtl m_c5a8b4fd-1f60-1153-4c0d-85d15bdb203f
f 9/25/7 10/26/7 11/27/7 12/28/7
f 13/29/8 9/30/8 12/31/8 14/32/8
f 15/33/9 13/34/9 14/35/9 16/36/9
f 10/37/10 15/38/10 16/39/10 11/40/10
f 16/41/11 14/42/11 12/43/11 11/44/11
f 10/45/12 9/46/12 13/47/12 15/48/12
o cube
v 0.7271696064096327 1.620903734703361 0.513665835389886
v 0.5119319945558665 1.6056559655087463 0.4724415576136449
v 0.4696111019991119 1.6889443591152393 0.662598573478981
v 0.6848487138528777 1.7041921283098542 0.7038228512552219
v 0.7153255666039684 0.6744694367815619 0.925566188555979
v 0.6730046740472138 0.757757830388055 1.115723204421315
v 0.5000879547502022 0.6592216675869471 0.8843419107797379
v 0.4577670621934474 0.7425100611934403 1.074498926645074
vt 0.8541666666666661 0.8333333333333334
vt 0.8541666666666661 0.760107675819025
vt 0.9247881992723891 0.7601069870709893
vt 0.9247902508761549 0.8333330068003791
vt 0.0833341675729337 0.8877107147697579
vt 0.427418302350397 0.8877107147697579
vt 0.42741746811079667 0.9583333333333334
vt 0.08333333333333333 0.9583333333333334
vt 0.8541673554147035 0.8668764157905116
vt 0.9273930129290117 0.8668764157905114
vt 0.9273926863960575 0.9375000000000003
vt 0.8541666666666679 0.9374979483962345
vt 0.8024183023503971 0.8333333333333334
vt 0.4583341675729337 0.8333333333333333
vt 0.4583333333333333 0.7627107147697578
vt 0.8024174681107966 0.7627107147697578
vt 0.08333333333333348 0.875
vt 0.08333333333333333 0.8017742852876197
vt 0.42741501307340135 0.8017660739000683
vt 0.42741724776859585 0.8749937086887343
vt 0.8024172478003667 0.8642700761890975
vt 0.8024172478003667 0.9374977110118617
vt 0.45833556796993163 0.9375
vt 0.4583333333333333 0.8642742853217171
vn 0.0114740032023868 0.916865389122596 -0.3990315845639069
vn 0.9797793064220681 0.0694090990757383 0.18765630197940544
vn -0.01147400320238669 -0.9168653891225956 0.3990315845639077
vn -0.9797793064220683 -0.06940909907573788 -0.1876563019794045
vn -0.1997519911229987 0.39311605817438366 0.8975293348118668
vn 0.1997519911229988 -0.3931160581743837 -0.8975293348118667
usemtl m_c5a8b4fd-1f60-1153-4c0d-85d15bdb203f
f 17/49/13 18/50/13 19/51/13 20/52/13
f 21/53/14 17/54/14 20/55/14 22/56/14
f 23/57/15 21/58/15 22/59/15 24/60/15
f 18/61/16 23/62/16 24/63/16 19/64/16
f 24/65/17 22/66/17 20/67/17 19/68/17
f 18/69/18 17/70/18 21/71/18 23/72/18
o cube
v 0.4418512555203306 2.9704909369515202 0.17095111772583327
v 0.29988406841058335 2.9665668131623444 0.15425024838818557
v 0.2832526789944079 3.0070452999444246 0.28611577800138843
v 0.42521986610415524 3.0109694237336004 0.3028166473390364
v 0.4364560229587298 2.3240828739223587 0.36869718599644724
v 0.41982463354255445 2.3645613607044385 0.5005627156096503
v 0.29448883584898267 2.320158750133183 0.35199631665879944
v 0.27785744643280735 2.3606372369152626 0.48386184627200257
vt 0.8333333333333345 0.8749999999999999
vt 0.8333333333333345 0.8333350107291536
vt 0.875000000000001 0.8333333333333333
vt 0.8750000000000012 0.8749983226041795
vt 0.3750002812965129 0.7500000000000001
vt 0.6003333861102532 0.75
vt 0.60033310481374 0.7916666666666665
vt 0.375 0.7916666666666666
vt 0.7291683440624882 0.7916666666666657
vt 0.7708333333333344 0.7916666666666657
vt 0.7708316559375139 0.8333333333333324
vt 0.7291666666666677 0.8333333333333323
vt 0.6003333861102531 0.8749999999999999
vt 0.375000281296513 0.875
vt 0.375 0.8333333333333334
vt 0.60033310481374 0.8333333333333334
vt 0.375 0.9583315504229438
vt 0.375 0.9166666666666666
vt 0.6003323339444525 0.9166702698137995
vt 0.6003322742135776 0.9583333333333334
vt 0.8711656672827749 0.9166666666666666
vt 0.8711656672827748 0.9583299769784848
vt 0.6458333333333334 0.9583333333333334
vt 0.645833393066818 0.916668202774055
vn 0.007981113256805032 0.956224945309418 -0.2925237696310893
vn 0.9927775322359961 0.02744142509913104 0.11678929606746782
vn -0.007981113256804855 -0.956224945309419 0.29252376963108595
vn -0.9927775322359961 -0.027441425099131084 -0.11678929606746748
vn -0.11970410735888601 0.2913431347338195 0.9490996283451406
vn 0.11970410735888584 -0.29134313473381984 -0.9490996283451405
usemtl m_c5a8b4fd-1f60-1153-4c0d-85d15bdb203f
f 25/73/19 26/74/19 27/75/19 28/76/19
f 29/77/20 25/78/20 28/79/20 30/80/20
f 31/81/21 29/82/21 30/83/21 32/84/21
f 26/85/22 31/86/22 32/87/22 27/88/22
f 32/89/23 30/90/23 28/91/23 27/92/23
f 26/93/24 25/94/24 29/95/24 31/96/24
o cube
v 0.7294179921713883 0.7519136304998266 0.8669058892395446
v 0.5007867025994025 0.7335311363693362 0.829650581386927
v 0.4598953736149787 0.8698922510719003 1.0133124615797473
v 0.6885266631869644 0.8882747452023907 1.050567769432365
v 0.6952655782564342 -0.12021492530850353 1.5068203032571081
v 0.6543742492720108 0.01614618939406054 1.6904821834499286
v 0.4666342886844488 -0.1385974194389939 1.4695649954044903
v 0.4257429597000249 -0.002236304736429773 1.6532268755973107
vt 0.8333333333333339 0.8333330550085014
vt 0.833333333333334 0.755876223253063
vt 0.9107925080717038 0.7558744369197967
vt 0.9107922297468711 0.8333333333333338
vt 0.04166772298974505 0.8600414500478498
vt 0.4024169257072073 0.8600414500478497
vt 0.4024187798851906 0.9374995422455618
vt 0.041666666666666664 0.9375
vt 0.729168452999933 0.7558741585949641
vt 0.8066252847553713 0.7558741585949641
vt 0.8066255630802037 0.8333330550085013
vt 0.7291666666666666 0.8333333333333338
vt 0.8399169257072073 0.35416666666666663
vt 0.47916772298974486 0.35416666666666663
vt 0.4791666666666667 0.27670811671451645
vt 0.8399187798851906 0.2767085744689547
vt 0.3541666666666667 0.8124960818172653
vt 0.3541666666666667 0.7350360385500982
vt 0.7149175770694852 0.7350420301024287
vt 0.7149173735595435 0.8125
vt 0.8399175770839821 0.8808703197055359
vt 0.8399175770839821 0.9583282896033744
vt 0.4791666666666667 0.9583333333333334
vt 0.4791668701820558 0.8808732900664337
vn 0.031556862014279076 0.8058475914144938 -0.5912815098337432
vn 0.9838893580289864 0.07910702154057177 0.16032407897845197
vn -0.03155686201428004 -0.8058475914144941 0.5912815098337426
vn -0.9838893580289864 -0.07910702154057209 -0.160324078978452
vn -0.1759712920254924 0.5868149099626202 0.7903685000228948
vn 0.17597129202549167 -0.5868149099626203 -0.790368500022895
usemtl m_c5a8b4fd-1f60-1153-4c0d-85d15bdb203f
f 33/97/25 34/98/25 35/99/25 36/100/25
f 37/101/26 33/102/26 36/103/26 38/104/26
f 39/105/27 37/106/27 38/107/27 40/108/27
f 34/109/28 39/110/28 40/111/28 35/112/28
f 40/113/29 38/114/29 36/115/29 35/116/29
f 34/117/30 33/118/30 37/119/30 39/120/30
o cube
v 0.8998253717058785 0.7371490070662157 0.5411796110509811
v 0.8813579236495054 0.9095092986263171 0.6660858331523707
v 1.074881171361479 0.8708909069911848 0.7479885405958074
v 1.0933486194178523 0.6985306154310837 0.6230823184944182
v 0.49595482585889217 0.18946773204912382 1.237222165652099
v 0.6894780735708659 0.15084934041399187 1.3191248730955363
v 0.477487377802519 0.36182802360922506 1.3621283877534884
v 0.6710106255144928 0.323209631974093 1.4440310951969255
vt 0.9045541959488719 0.7621124707177961
vt 0.9045541959488719 0.8333333333333345
vt 0.8333333333333335 0.8333333333333345
vt 0.8333353662675198 0.7621120152440076
vt 0.14583427908820182 0.3037786290467507
vt 0.4703059470994688 0.3037786290467507
vt 0.4703056385316103 0.375
vt 0.14583333333333334 0.37499801650044307
vt 0.8003879847559942 0.833333333333334
vt 0.7291671221404558 0.833333333333334
vt 0.7291666666666673 0.762114503651982
vt 0.8003879847559942 0.7621124707177956
vt 0.8453059470994688 0.3749999999999999
vt 0.5208342790882019 0.375
vt 0.5208333333333334 0.3037806125463076
vt 0.8453056385316101 0.30377862904675057
vt 0.3541666666666667 0.8333333333333334
vt 0.3541666666666667 0.762111425829343
vt 0.6786391313732443 0.7621096533834257
vt 0.6786396483290194 0.8333286603163891
vt 0.8453063150210577 0.8871137436035608
vt 0.8453063150210577 0.9583327505384003
vt 0.5208338503101625 0.9583333333333334
vt 0.5208333333333334 0.8871114258312195
vn 0.4148996574819711 0.562637646519466 -0.715050454821462
vn 0.08643373008343821 -0.8067028466700964 -0.5846021959231992
vn -0.4148996574819715 -0.5626376465194661 0.7150504548214616
vn -0.08643373008343795 0.8067028466700963 0.5846021959231994
vn 0.9057524410815612 -0.18074677284366603 0.38333160524719767
vn -0.9057524410815613 0.1807467728436663 -0.3833316052471976
usemtl m_c5a8b4fd-1f60-1153-4c0d-85d15bdb203f
f 41/121/31 42/122/31 43/123/31 44/124/31
f 45/125/32 41/126/32 44/127/32 46/128/32
f 47/129/33 45/130/33 46/131/33 48/132/33
f 42/133/34 47/134/34 48/135/34 43/136/34
f 48/137/35 46/138/35 44/139/35 43/140/35
f 42/141/36 41/142/36 45/143/36 47/144/36
o cube
v 1.4887504266294551 1.4141029689968374 0.09663756004867574
v 1.337504951200911 1.4414234364439724 0.014326345472056301
v 1.29367101220402 1.5601215330167904 0.13426835431892195
v 1.4449164876325649 1.5328010655696556 0.21657956889554117
v 1.0717883777095127 0.7190506221513546 0.6320988399631339
v 1.027954438712622 0.8377487187241731 0.7520408488099992
v 0.9205429022809681 0.7463710895984895 0.5497876253865144
v 0.8767089632840773 0.865069186171308 0.6697296342333798
vt 0.7291666666666657 0.8168838016669996
vt 0.7872828649996655 0.8168838016669996
vt 0.7872828649996655 0.8749999999999992
vt 0.7291666666666657 0.8749999999999993
vt 0.18750089144826676 0.23355107148155996
vt 0.5113097594673692 0.23355107148155974
vt 0.5113088680191025 0.2916666666666664
vt 0.1875 0.29166666666666663
vt 0.833333333333334 0.8750000000000001
vt 0.833333333333334 0.8168838016670005
vt 0.8914495316663338 0.8168838016670005
vt 0.8914495316663338 0.8750000000000002
vt 0.5113097594673692 0.375
vt 0.18750089144826676 0.375
vt 0.1875 0.3168844048148931
vt 0.5113088680191025 0.3168844048148932
vt 0.2916666666666667 0.7916638516352006
vt 0.2916666666666667 0.7335494923567893
vt 0.6154766602289644 0.7335502722934759
vt 0.6154762145081806 0.7916666666666666
vt 0.6154766602254226 0.8377169389584335
vt 0.6154766602254228 0.8958333333333334
vt 0.2916666666666667 0.895831629825448
vt 0.29166711237184256 0.8377172705487457
vn 0.42922554125833606 0.7154949006759829 -0.5512100160901957
vn 0.8674988397120876 -0.15670203517578102 0.4721125239494819
vn -0.4292255412583359 -0.7154949006759805 0.551210016090199
vn -0.8674988397120867 0.15670203517577905 -0.47211252394948416
vn -0.2514183721005144 0.6808168030229841 0.6879515120209351
vn 0.25141837210051493 -0.680816803022984 -0.6879515120209349
usemtl m_c5a8b4fd-1f60-1153-4c0d-85d15bdb203f
f 49/145/37 50/146/37 51/147/37 52/148/37
f 53/149/38 49/150/38 52/151/38 54/152/38
f 55/153/39 53/154/39 54/155/39 56/156/39
f 50/157/40 55/158/40 56/159/40 51/160/40
f 56/161/41 54/162/41 52/163/41 51/164/41
f 50/165/42 49/166/42 53/167/42 55/168/42