# Made in Blockbench 4.8.1
mtllib beech_twig_branch.mtl

o cube
v 1.0954532970906135 0.3719443782265778 -1.04819110263848
v 1.2634086434378708 0.15591709061288572 -1.8886988786115633
v 1.1264370559219232 0.24408193515007715 -1.009136538660026
v 1.2943924022691806 0.02805464753638509 -1.849644314633109
v 1.131815898409124 0.11890335438878197 -1.9054812671038255
v 0.9638605520618666 0.334930642002474 -1.0649734911307425
v 1.1627996572404338 -0.008959088687718608 -1.8664267031253714
v 0.9948443108931766 0.2070681989259735 -1.0259189271522882
vt 0.38179902193458337 0.9479166666666665
vt 0.3645833333333333 0.9479166666666665
vt 0.3645833333333333 0.9250437954066665
vt 0.38179902193458337 0.9250437954066665
vt 0.3854166666666665 0.6979166666666656
vt 0.3854166666666665 0.5505952013799995
vt 0.4025713201116665 0.5505952013799995
vt 0.4025713201116665 0.6979166666666656
vt 0.38179902193458315 0.8645833333333329
vt 0.36458333333333315 0.8645833333333329
vt 0.36458333333333315 0.8417104620733329
vt 0.38179902193458315 0.8417104620733329
vt 0.35048798677833354 0.2172618680466668
vt 0.35048798677833354 0.36458333333333304
vt 0.3333333333333335 0.36458333333333304
vt 0.3333333333333335 0.2172618680466668
vt 0.36096568860125017 0.625
vt 0.3437500000000001 0.625
vt 0.3437500000000001 0.47767853471333377
vt 0.36096568860125017 0.47767853471333377
vt 0.36096568860124967 0.6875
vt 0.34374999999999967 0.6875
vt 0.34374999999999967 0.5401785347133339
vt 0.36096568860124967 0.5401785347133339
vn 0.19001004144286393 -0.2443944462916909 -0.9508772469528647
vn 0.9554711118205842 0.26875004161477534 0.12185388630812426
vn -0.19001004144286393 0.2443944462916909 0.9508772469528647
vn -0.9554711118205842 -0.26875004161477534 -0.12185388630812426
vn -0.22576788661636066 0.9316892023383304 -0.28457703986609284
vn 0.22576788661636066 -0.9316892023383304 0.28457703986609284
usemtl m_3722afce-2475-6df4-1e92-dcadf5eef328
f 4/4/1 7/3/1 5/2/1 2/1/1
f 3/8/2 4/7/2 2/6/2 1/5/2
f 8/12/3 3/11/3 1/10/3 6/9/3
f 7/16/4 8/15/4 6/14/4 5/13/4
f 6/20/5 1/19/5 2/18/5 5/17/5
f 7/24/6 4/23/6 3/22/6 8/21/6
o cube
v 0.28354091853618524 0.5633053326288415 -1.5117377330746615
v -0.11344941320097823 0.2556593997053018 -2.1831801404804043
v 0.30160624998837615 0.390921104185772 -1.4434347120728732
v -0.09538408174878732 0.08327517126223216 -2.1148771194786162
v -0.25488492324715417 0.2711576268959802 -2.106657473870131
v 0.1421054084900093 0.57880355981952 -1.4352150664643881
v -0.23681959179496326 0.09877339845291055 -2.038354452868343
v 0.1601707399422002 0.40641933137645037 -1.3669120454625998
vt 0.3645833333333333 0.9479166666666665
vt 0.38477766927083346 0.9479166666666665
vt 0.38477766927083346 0.916866536458333
vt 0.3645833333333333 0.916866536458333
vt 0.35416666666666685 0.19337499999999996
vt 0.35416666666666685 0.3331249999999998
vt 0.37745426432291695 0.3331249999999998
vt 0.37745426432291695 0.19337499999999996
vt 0.36458333333333315 0.8645833333333329
vt 0.38477766927083323 0.8645833333333329
vt 0.38477766927083323 0.8335332031249995
vt 0.36458333333333315 0.8335332031249995
vt 0.4062499999999999 0.5683750000000001
vt 0.4062499999999999 0.7081249999999999
vt 0.42953759765625 0.7081249999999999
vt 0.42953759765625 0.5683750000000001
vt 0.38541666666666663 0.3437500000000001
vt 0.4056110026041667 0.3437500000000001
vt 0.4056110026041667 0.2040000000000003
vt 0.38541666666666663 0.2040000000000003
vt 0.35416666666666663 0.7604166666666666
vt 0.3743610026041667 0.7604166666666666
vt 0.3743610026041667 0.6206666666666669
vt 0.35416666666666663 0.6206666666666669
vn -0.4734529895493905 -0.3669003374162675 -0.8007661388261705
vn 0.8754652200740095 -0.09593177041475993 -0.4736641678086446
vn 0.4734529895493905 0.3669003374162675 0.8007661388261705
vn -0.8754652200740095 0.09593177041475993 0.4736641678086446
vn -0.09696862960520125 0.9253006202466953 -0.3666276681369949
vn 0.09696862960520125 -0.9253006202466953 0.3666276681369949
usemtl m_3722afce-2475-6df4-1e92-dcadf5eef328
f 12/28/7 15/27/7 13/26/7 10/25/7
f 11/32/8 12/31/8 10/30/8 9/29/8
f 16/36/9 11/35/9 9/34/9 14/33/9
f 15/40/10 16/39/10 14/38/10 13/37/10
f 14/44/11 9/43/11 10/42/11 13/41/11
f 15/48/12 12/47/12 11/46/12 16/45/12
o cube
v 0.530477183882911 0.9432583685946057 -0.5890563663844864
v 0.30853297683656433 0.5675442455293884 -1.524534708831762
v 0.5342941948139663 0.7463754370326279 -0.5108882985672899
v 0.31234998776761946 0.37066131396741087 -1.4463666410145652
v 0.09402770628549939 0.5813841911994326 -1.479201388748601
v 0.31597191333184615 0.9570983142646499 -0.5437230463013255
v 0.09784471721655463 0.3845012596374551 -1.4010333209314045
v 0.3197889242629014 0.7602153827026723 -0.46555497848412897
vt 0.3645833333333333 0.9479166666666665
vt 0.3920432942708333 0.9479166666666665
vt 0.3920432942708333 0.9126054687499999
vt 0.3645833333333333 0.9126054687499999
vt 0.34635416666666685 0.16108333333333313
vt 0.34635416666666685 0.3331249999999998
vt 0.37283756510416677 0.3331249999999998
vt 0.37283756510416677 0.16108333333333313
vt 0.36458333333333315 0.8645833333333329
vt 0.3920432942708332 0.8645833333333329
vt 0.3920432942708332 0.8292721354166663
vt 0.36458333333333315 0.8292721354166663
vt 0.4062499999999999 0.6194166666666667
vt 0.4062499999999999 0.7914583333333333
vt 0.4327333984374998 0.7914583333333333
vt 0.4327333984374998 0.6194166666666667
vt 0.34375 0.78125
vt 0.3712099609375 0.78125
vt 0.3712099609375 0.6092083333333334
vt 0.34375 0.6092083333333334
vt 0.35416666666666663 0.7604166666666666
vt 0.38162662760416666 0.7604166666666666
vt 0.38162662760416666 0.5883750000000001
vt 0.35416666666666663 0.5883750000000001
vn -0.21501013034279184 -0.3639759002811503 -0.906251724337395
vn 0.976445628597614 -0.06300057063784906 -0.20636100041411873
vn 0.21501013034279184 0.3639759002811503 0.906251724337395
vn -0.976445628597614 0.06300057063784906 0.20636100041411873
vn -0.01801605513385713 0.9292752402350078 -0.36894843764892443
vn 0.01801605513385713 -0.9292752402350078 0.36894843764892443
usemtl m_3722afce-2475-6df4-1e92-dcadf5eef328
f 20/52/13 23/51/13 21/50/13 18/49/13
f 19/56/14 20/55/14 18/54/14 17/53/14
f 24/60/15 19/59/15 17/58/15 22/57/15
f 23/64/16 24/63/16 22/62/16 21/61/16
f 22/68/17 17/67/17 18/66/17 21/65/17
f 23/72/18 20/71/18 19/70/18 24/69/18
o cube
v -0.08905075606120327 0.2696729991921857 -2.1053541825515074
v -0.2690743601586816 -0.0413786772859025 -2.677904928361796
v -0.06961568476540503 0.14631776463695767 -2.044449396058146
v -0.24963928886288334 -0.1647339118411305 -2.617000141868435
v -0.40545116798919434 -0.04162725603722195 -2.634889762494816
v -0.22542756389171603 0.26942442044086623 -2.0623390166845272
v -0.38601609669339587 -0.16498249059244996 -2.573984976001455
v -0.20599249259591756 0.14606918588563822 -2.001434230191166
vt 0.3645833333333333 0.9479166666666665
vt 0.38245833333333334 0.9479166666666665
vt 0.38245833333333334 0.9247604166666665
vt 0.3645833333333333 0.9247604166666665
vt 0.3750000000000002 0.2517083333333341
vt 0.3750000000000002 0.3643749999999998
vt 0.3923671875000002 0.3643749999999998
vt 0.3923671875000002 0.2517083333333341
vt 0.36458333333333315 0.8645833333333329
vt 0.3824583333333331 0.8645833333333329
vt 0.3824583333333331 0.8414270833333329
vt 0.36458333333333315 0.8414270833333329
vt 0.39583333333333326 0.42879166666666746
vt 0.39583333333333326 0.5414583333333332
vt 0.41320052083333325 0.5414583333333332
vt 0.41320052083333325 0.42879166666666746
vt 0.34375 0.78125
vt 0.361625 0.78125
vt 0.361625 0.6685833333333342
vt 0.34375 0.6685833333333342
vt 0.35416666666666663 0.7604166666666666
vt 0.3720416666666666 0.7604166666666666
vt 0.3720416666666666 0.6477500000000009
vt 0.35416666666666663 0.6477500000000009
vn -0.2663071066530764 -0.46013561609185005 -0.8469685588909666
vn 0.9536839708427458 0.001738312946289719 -0.3008053557131486
vn 0.2663071066530764 0.46013561609185005 0.8469685588909666
vn -0.9536839708427458 -0.001738312946289719 0.3008053557131486
vn -0.1398835540858182 0.8878469423678129 -0.4383610363894647
vn 0.1398835540858182 -0.8878469423678129 0.4383610363894647
usemtl m_3722afce-2475-6df4-1e92-dcadf5eef328
f 28/76/19 31/75/19 29/74/19 26/73/19
f 27/80/20 28/79/20 26/78/20 25/77/20
f 32/84/21 27/83/21 25/82/21 30/81/21
f 31/88/22 32/87/22 30/86/22 29/85/22
f 30/92/23 25/91/23 26/90/23 29/89/23
f 31/96/24 28/95/24 27/94/24 32/93/24
o cube
v 0.6246004598510262 1.1252766610352758 0.4717129722351745
v 0.5303659330978834 0.9521508765744748 -0.5924356918256471
v 0.6237170444368534 0.8959312349709068 0.5091032884354845
v 0.5294825176837108 0.7228054505101058 -0.5550453756253373
v 0.29887519012881403 0.9562751954334159 -0.5726072642889501
v 0.39310971688195673 1.1294009798942168 0.4915413997718716
v 0.29799177471464144 0.7269297693690471 -0.5352169480886403
v 0.39222630146778414 0.900055553829848 0.5289317159721816
vt 0.3645833333333333 0.9479166666666665
vt 0.3936302083333333 0.9479166666666665
vt 0.3936302083333333 0.9091874999999998
vt 0.3645833333333333 0.9091874999999998
vt 0.3437500000000002 0.5277500000000006
vt 0.3437500000000002 0.7081249999999997
vt 0.37279687500000025 0.7081249999999997
vt 0.37279687500000025 0.5277500000000006
vt 0.36458333333333315 0.8645833333333329
vt 0.3936302083333332 0.8645833333333329
vt 0.3936302083333332 0.8258541666666663
vt 0.36458333333333315 0.8258541666666663
vt 0.39583333333333326 0.09025000000000072
vt 0.39583333333333326 0.2706249999999999
vt 0.4248802083333333 0.2706249999999999
vt 0.4248802083333333 0.09025000000000072
vt 0.34375 0.7395833333333333
vt 0.372796875 0.7395833333333333
vt 0.372796875 0.5592083333333342
vt 0.34375 0.5592083333333342
vt 0.35416666666666663 0.7604166666666666
vt 0.38321354166666666 0.7604166666666666
vt 0.38321354166666666 0.5800416666666677
vt 0.35416666666666663 0.5800416666666677
vn -0.0870727897926941 -0.15996838481016576 -0.9832743488665532
vn 0.9961946980917455 -0.017748548075056117 -0.08532943533812612
vn 0.0870727897926941 0.15996838481016576 0.9832743488665532
vn -0.9961946980917455 0.017748548075056117 0.08532943533812612
vn 0.0038016801040239995 0.9869625650967996 -0.1609050724058521
vn -0.0038016801040239995 -0.9869625650967996 0.1609050724058521
usemtl m_3722afce-2475-6df4-1e92-dcadf5eef328
f 36/100/25 39/99/25 37/98/25 34/97/25
f 35/104/26 36/103/26 34/102/26 33/101/26
f 40/108/27 35/107/27 33/106/27 38/105/27
f 39/112/28 40/111/28 38/110/28 37/109/28
f 38/116/29 33/115/29 34/114/29 37/113/29
f 39/120/30 36/119/30 35/118/30 40/117/30
o cube
v 0.5723645693720099 1.032367718198877 -0.12264981984921158
v 0.9060208342550293 0.6920339653417635 -0.5805343502640884
v 0.5801127083293032 0.8637420844780928 0.008331259162231874
v 0.9137689732123224 0.523408331620979 -0.4495532712526449
v 0.721749166894792 0.6205418082865006 -0.6616731520293556
v 0.3880929020117725 0.9608755611436142 -0.20378862161447886
v 0.7294973058520853 0.4519161745657161 -0.5306920730179121
v 0.3958410409690658 0.7922499274228296 -0.07280754260303535
vt 0.3912908583333332 0.9479166666666665
vt 0.3645833333333333 0.9479166666666665
vt 0.3645833333333333 0.9123066333333333
vt 0.3912908583333332 0.9123066333333333
vt 0.3541666666666666 0.6145833333333324
vt 0.3541666666666666 0.504430433333334
vt 0.3808741916666665 0.504430433333334
vt 0.3808741916666665 0.6145833333333324
vt 0.391290858333333 0.8645833333333329
vt 0.36458333333333315 0.8645833333333329
vt 0.36458333333333315 0.8289732999999998
vt 0.391290858333333 0.8289732999999998
vt 0.32291666666666685 0.30208333333333304
vt 0.32291666666666685 0.1919304333333347
vt 0.34962419166666675 0.1919304333333347
vt 0.34962419166666675 0.30208333333333304
vt 0.3704575249999999 0.78125
vt 0.34375 0.78125
vt 0.34375 0.6710971000000017
vt 0.3704575249999999 0.6710971000000017
vt 0.3808741916666665 0.65625
vt 0.35416666666666663 0.65625
vt 0.35416666666666663 0.5460971000000017
vt 0.3808741916666665 0.5460971000000017
vn 0.5048380703595101 -0.5149414327072018 -0.6928014460125937
vn 0.8624520025734227 0.33460680583123686 0.37975627545639074
vn -0.5048380703595101 0.5149414327072018 0.6928014460125937
vn -0.8624520025734227 -0.33460680583123686 -0.37975627545639074
vn -0.036263838362471434 0.7892234198076433 -0.6130345240313543
vn 0.036263838362471434 -0.7892234198076433 0.6130345240313543
usemtl m_3722afce-2475-6df4-1e92-dcadf5eef328
f 44/124/31 47/123/31 45/122/31 42/121/31
f 43/128/32 44/127/32 42/126/32 41/125/32
f 48/132/33 43/131/33 41/130/33 46/129/33
f 47/136/34 48/135/34 46/134/34 45/133/34
f 46/140/35 41/139/35 42/138/35 45/137/35
f 47/144/36 44/143/36 43/142/36 48/141/36
o cube
v 0.8641391144528785 0.7155842832920332 -0.507261597463735
v 1.123378007395095 0.37901131367530627 -1.0903339206210223
v 0.880365269282751 0.5684648805904935 -0.4151240314420849
v 1.1396041622249677 0.2318919109737667 -0.998196354599372
v 0.961487786954331 0.3327882313848096 -1.1356298477383855
v 0.7022488940121145 0.6693612010015364 -0.5525575245810984
v 0.9777139417842038 0.18566882868327006 -1.0434922817167354
v 0.7184750488419871 0.522241798299997 -0.4604199585594483
vt 0.38637665865333337 0.9479166666666665
vt 0.3645833333333333 0.9479166666666665
vt 0.3645833333333333 0.9188588995733331
vt 0.38637665865333337 0.9188588995733331
vt 0.3854166666666665 0.249999999999999
vt 0.3854166666666665 0.12976186804666734
vt 0.4072099919866665 0.12976186804666734
vt 0.4072099919866665 0.249999999999999
vt 0.38637665865333315 0.8645833333333329
vt 0.36458333333333315 0.8645833333333329
vt 0.36458333333333315 0.8355255662399995
vt 0.38637665865333315 0.8355255662399995
vt 0.35512665865333354 0.2443452013800015
vt 0.35512665865333354 0.36458333333333304
vt 0.3333333333333335 0.36458333333333304
vt 0.3333333333333335 0.2443452013800015
vt 0.36554332532 0.78125
vt 0.34375 0.78125
vt 0.34375 0.6610118680466683
vt 0.36554332532 0.6610118680466683
vt 0.36554332531999967 0.6875
vt 0.34374999999999967 0.6875
vt 0.34374999999999967 0.5672618680466683
vt 0.36554332531999967 0.5672618680466683
vn 0.35934092999553563 -0.4665366471087031 -0.8082188150089757
vn 0.9285539153827245 0.2651217839165483 0.2598038989705872
vn -0.35934092999553563 0.4665366471087031 0.8082188150089757
vn -0.9285539153827245 -0.2651217839165483 -0.2598038989705872
vn -0.09306837409859238 0.8438329198351274 -0.5284735387369626
vn 0.09306837409859238 -0.8438329198351274 0.5284735387369626
usemtl m_3722afce-2475-6df4-1e92-dcadf5eef328
f 52/148/37 55/147/37 53/146/37 50/145/37
f 51/152/38 52/151/38 50/150/38 49/149/38
f 56/156/39 51/155/39 49/154/39 54/153/39
f 55/160/40 56/159/40 54/158/40 53/157/40
f 54/164/41 49/163/41 50/162/41 53/161/41
f 55/168/42 52/167/42 51/166/42 56/165/42