# Made in Blockbench 4.9.4
mtllib beech_twig_branch_3.mtl

o cube
v 0.9341869354608651 0.15810721915775294 -2.0837308357741167
v 0.9315348283190826 0.28513326569575836 -2.1368878259598527
v 1.0603247847933255 0.30569627738061 -2.0941752248898333
v 1.0629768919351077 0.17867023084260447 -2.041018234704096
v 0.6077785340552977 0.4952375725621938 -1.2618256477494691
v 0.7365684905295404 0.5158005842470454 -1.219113046679449
v 0.6051264269135155 0.6222636191001993 -1.3149826379352059
v 0.733916383387758 0.6428266307850508 -1.2722700368651858
vt 0.38179902193458337 0.9250437954066665
vt 0.3645833333333333 0.9250437954066665
vt 0.3645833333333333 0.9479166666666665
vt 0.38179902193458337 0.9479166666666665
vt 0.41298798677833326 0.6458333333333324
vt 0.41298798677833326 0.4880952013799996
vt 0.39583333333333326 0.4880952013799996
vt 0.39583333333333326 0.6458333333333324
vt 0.3817990219345832 0.8417104620733329
vt 0.36458333333333315 0.8417104620733329
vt 0.36458333333333315 0.8645833333333329
vt 0.3817990219345832 0.8645833333333329
vt 0.3750000000000001 0.1443452013800003
vt 0.3750000000000001 0.30208333333333304
vt 0.39215465344500017 0.30208333333333304
vt 0.39215465344500017 0.1443452013800003
vt 0.36096568860125017 0.46726186804666725
vt 0.3437500000000001 0.46726186804666725
vt 0.3437500000000001 0.625
vt 0.36096568860125017 0.625
vt 0.3713823552679164 0.3005952013800006
vt 0.35416666666666635 0.3005952013800006
vt 0.35416666666666635 0.45833333333333337
vt 0.3713823552679164 0.45833333333333337
vn 0.34488426837941644 -0.3562131206847112 -0.8684279210599196
vn 0.019256470095462996 -0.9223131403583671 0.3859632877382898
vn -0.34488426837941777 0.35621312068471217 0.8684279210599188
vn -0.019256470095462636 0.922313140358367 -0.3859632877382899
vn 0.9384476702426493 0.1498355224048915 0.3112318853231414
vn -0.9384476702426493 -0.14983552240489134 -0.3112318853231414
usemtl m_3722afce-2475-6df4-1e92-dcadf5eef328
f 1/1/1 2/2/1 3/3/1 4/4/1
f 5/5/2 1/6/2 4/7/2 6/8/2
f 7/9/3 5/10/3 6/11/3 8/12/3
f 2/13/4 7/14/4 8/15/4 3/16/4
f 8/17/5 6/18/5 4/19/5 3/20/5
f 2/21/6 1/22/6 5/23/6 7/24/6
o cube
v -0.3304244949187909 0.2713030267873535 -2.4613215690178167
v -0.4763443755423197 0.2826622253383687 -2.3929236589597105
v -0.5035903312570739 0.4460517448319181 -2.4781850447754303
v -0.3576704506335452 0.4346925462809029 -2.5465829548335366
v 0.15920480099885487 0.8480566033880126 -1.512532491057106
v 0.1319588452841005 1.0114461228815619 -1.5977938768728257
v 0.013284920375326137 0.8594158019390277 -1.444134580999
v -0.013961035339428163 1.022805321432577 -1.5293959668147197
vt 0.3645833333333333 0.9168665364583332
vt 0.38477766927083346 0.9168665364583332
vt 0.38477766927083346 0.9479166666666665
vt 0.3645833333333333 0.9479166666666665
vt 0.3750000000000002 0.037124999999999964
vt 0.3750000000000002 0.23937499999999978
vt 0.3982875976562502 0.23937499999999978
vt 0.3982875976562502 0.037124999999999964
vt 0.36458333333333315 0.8335332031249996
vt 0.3847776692708333 0.8335332031249996
vt 0.3847776692708333 0.8645833333333329
vt 0.36458333333333315 0.8645833333333329
vt 0.35662093098958325 0.49545833333333344
vt 0.35662093098958325 0.6977083333333332
vt 0.33333333333333326 0.6977083333333332
vt 0.33333333333333326 0.49545833333333344
vt 0.34375 0.2040000000000003
vt 0.36394433593750014 0.2040000000000003
vt 0.36394433593750014 0.4062500000000001
vt 0.34375 0.4062500000000001
vt 0.36979166666666663 0.5790000000000002
vt 0.3899860026041668 0.5790000000000002
vt 0.3899860026041668 0.78125
vt 0.36979166666666663 0.78125
vn -0.40348520471169763 -0.47528106848014734 -0.7818616217228781
vn 0.9032228212104811 -0.07031178560520053 -0.42337310737644585
vn 0.40348520471169785 0.475281068480148 0.7818616217228778
vn -0.9032228212104809 0.07031178560520011 0.4233731073764463
vn -0.14624713612012502 0.8770200446679526 -0.4576544727491302
vn 0.14624713612012424 -0.8770200446679524 0.45765447274913057
usemtl m_3722afce-2475-6df4-1e92-dcadf5eef328
f 9/25/7 10/26/7 11/27/7 12/28/7
f 13/29/8 9/30/8 12/31/8 14/32/8
f 15/33/9 13/34/9 14/35/9 16/36/9
f 10/37/10 15/38/10 16/39/10 11/40/10
f 16/41/11 14/42/11 12/43/11 11/44/11
f 10/45/12 9/46/12 13/47/12 15/48/12
o cube
v 0.1493457436202964 0.8029354883533584 -1.5805976559450257
v -0.0667975032588648 0.8010290872446677 -1.5413850614957367
v -0.07782326756399083 1.0064228089085072 -1.5921743985826213
v 0.13831997931517037 1.0083292100171979 -1.6313869930319105
v 0.2787419784205465 0.9884815937970464 -0.8583335970997936
v 0.26771621411542057 1.193875315460886 -0.9091229341866783
v 0.06259873154138546 0.9865751926883557 -0.8191210026505045
v 0.051572967236259426 1.1919689143521954 -0.8699103397373892
vt 0.3645833333333333 0.9126054687499998
vt 0.3920432942708333 0.9126054687499998
vt 0.3920432942708333 0.9479166666666665
vt 0.3645833333333333 0.9479166666666665
vt 0.4119000651041669 0.24864843749999987
vt 0.4119000651041669 0.3747916666666664
vt 0.38541666666666685 0.3747916666666664
vt 0.38541666666666685 0.24864843749999987
vt 0.36458333333333315 0.8292721354166663
vt 0.3920432942708332 0.8292721354166663
vt 0.3920432942708332 0.8645833333333329
vt 0.36458333333333315 0.8645833333333329
vt 0.3702333984374999 0.12364843749999999
vt 0.3702333984374999 0.24979166666666652
vt 0.3437499999999999 0.24979166666666652
vt 0.3437499999999999 0.12364843749999999
vt 0.34375 0.6551067708333334
vt 0.3712099609375 0.6551067708333334
vt 0.3712099609375 0.78125
vt 0.34375 0.78125
vt 0.35416666666666663 0.4467734375000001
vt 0.38162662760416666 0.4467734375000001
vt 0.38162662760416666 0.5729166666666667
vt 0.35416666666666663 0.5729166666666667
vn -0.17096469842928297 -0.24515268169029153 -0.9542909590638712
vn 0.9839018315207737 0.008678094594843743 -0.17849895407052124
vn 0.17096469842928344 0.24515268169029175 0.9542909590638711
vn -0.9839018315207737 -0.008678094594843732 0.1784989540705213
vn -0.05204092448306101 0.9694456422792675 -0.23972252469195918
vn 0.05204092448306086 -0.9694456422792675 0.23972252469195887
usemtl m_3722afce-2475-6df4-1e92-dcadf5eef328
f 17/49/13 18/50/13 19/51/13 20/52/13
f 21/53/14 17/54/14 20/55/14 22/56/14
f 23/57/15 21/58/15 22/59/15 24/60/15
f 18/61/16 23/62/16 24/63/16 19/64/16
f 24/65/17 22/66/17 20/67/17 19/68/17
f 18/69/18 17/70/18 21/71/18 23/72/18
o cube
v 0.278129057677738 0.9905374868565402 -0.9149517389547963
v 0.05113077768791524 0.9813075271577045 -0.8661180482216569
v 0.04499444617234599 1.2130979910807478 -0.8508318814401646
v 0.27199272616216874 1.2223279507795834 -0.899665572173304
v 0.6006726123376456 0.9013117537080304 0.5674937023318123
v 0.5945362808220762 1.1331022176310737 0.5827798691133046
v 0.3736743323478229 0.8920817940091947 0.616327393064952
v 0.36753800083225363 1.123872257932238 0.6316135598464443
vt 0.3645833333333333 0.9091874999999997
vt 0.3936302083333333 0.9091874999999997
vt 0.3936302083333333 0.9479166666666665
vt 0.3645833333333333 0.9479166666666665
vt 0.3727968750000003 0.45483333333333376
vt 0.3727968750000003 0.7081249999999997
vt 0.3437500000000002 0.7081249999999997
vt 0.3437500000000002 0.45483333333333376
vt 0.36458333333333315 0.8258541666666662
vt 0.3936302083333331 0.8258541666666662
vt 0.3936302083333331 0.8645833333333329
vt 0.36458333333333315 0.8645833333333329
vt 0.4144635416666666 0.017333333333333978
vt 0.4144635416666666 0.2706249999999999
vt 0.3854166666666665 0.2706249999999999
vt 0.3854166666666665 0.017333333333333978
vt 0.34375 0.48629166666666734
vt 0.37279687499999997 0.48629166666666734
vt 0.37279687499999997 0.7395833333333333
vt 0.34375 0.7395833333333333
vt 0.35416666666666663 0.5383750000000007
vt 0.3832135416666666 0.5383750000000007
vt 0.3832135416666666 0.7916666666666666
vt 0.35416666666666663 0.7916666666666666
vn -0.2122346140219834 0.058710796610304504 -0.975453489907296
vn 0.9768618826888553 0.039720106288696495 -0.2101503635638059
vn 0.21223461402198418 -0.058710796610304615 0.9754534899072959
vn -0.9768618826888554 -0.039720106288696495 0.2101503635638059
vn -0.026407021046020794 0.9974845139237994 0.06578232073799786
vn 0.026407021046020836 -0.9974845139237994 -0.06578232073799786
usemtl m_3722afce-2475-6df4-1e92-dcadf5eef328
f 25/73/19 26/74/19 27/75/19 28/76/19
f 29/77/20 25/78/20 28/79/20 30/80/20
f 31/81/21 29/82/21 30/83/21 32/84/21
f 26/85/22 31/86/22 32/87/22 27/88/22
f 32/89/23 30/90/23 28/91/23 27/92/23
f 26/93/24 25/94/24 29/95/24 31/96/24
o cube
v 0.6635243273930826 0.667517227174651 -0.6704839763907445
v 0.45380135785630044 0.6361471864614172 -0.6966159043403586
v 0.4309291504901624 0.8396964416142982 -0.7574044223429188
v 0.6406521200269443 0.871066482327532 -0.7312724943933047
v 0.509441523173379 0.9266162539638605 0.25507942953205687
v 0.4865693158072408 1.1301655091167415 0.1942909115294968
v 0.29971855363659705 0.8952462132506267 0.22894750158244262
v 0.2768463462704588 1.0987954684035077 0.1681589835798826
vt 0.3912908583333332 0.9123066333333332
vt 0.3645833333333333 0.9123066333333332
vt 0.3645833333333333 0.9479166666666665
vt 0.3912908583333332 0.9479166666666665
vt 0.38087419166666653 0.6145833333333324
vt 0.38087419166666653 0.45234710000000067
vt 0.3541666666666666 0.45234710000000067
vt 0.3541666666666666 0.6145833333333324
vt 0.3912908583333331 0.8289732999999997
vt 0.36458333333333315 0.8289732999999997
vt 0.36458333333333315 0.8645833333333329
vt 0.3912908583333331 0.8645833333333329
vt 0.36004085833333355 0.18749999999999967
vt 0.36004085833333355 0.025263766666668075
vt 0.3333333333333336 0.025263766666668075
vt 0.3333333333333336 0.18749999999999967
vt 0.37045752499999995 0.6190137666666684
vt 0.34375 0.6190137666666684
vt 0.34375 0.78125
vt 0.37045752499999995 0.78125
vt 0.36264502499999995 0.2127637666666683
vt 0.3359375 0.2127637666666683
vt 0.3359375 0.375
vt 0.36264502499999995 0.375
vn 0.15829057937499874 -0.2661746407956266 -0.9508391836049073
vn 0.9815724666399384 0.1468221068464502 0.1223060165141387
vn -0.15829057937499963 0.26617464079562564 0.9508391836049073
vn -0.9815724666399384 -0.14682210684644983 -0.1223060165141387
vn -0.10704945219623611 0.9526774530440453 -0.28451025508054484
vn 0.10704945219623622 -0.9526774530440454 0.28451025508054495
usemtl m_3722afce-2475-6df4-1e92-dcadf5eef328
f 33/97/25 34/98/25 35/99/25 36/100/25
f 37/101/26 33/102/26 36/103/26 38/104/26
f 39/105/27 37/106/27 38/107/27 40/108/27
f 34/109/28 39/110/28 40/111/28 35/112/28
f 40/113/29 38/114/29 36/115/29 35/116/29
f 34/117/30 33/118/30 37/119/30 39/120/30
o cube
v 0.6066102377370652 0.4580168139333819 -1.30507645676873
v 0.6026231745557394 0.6221437386704776 -1.3637551899498965
v 0.7731897609546493 0.6379022360303648 -1.3312675432300067
v 0.7771768241359751 0.473775311293269 -1.2725888100488403
v 0.47097803268775373 0.6721721639391076 -0.6968589433946462
v 0.6415446190866637 0.6879306612989948 -0.6643712966747564
v 0.46699096950642793 0.8362990886762032 -0.7555376765758125
v 0.6375575559053378 0.8520575860360906 -0.7230500298559228
vt 0.38637665865333337 0.9605255662399997
vt 0.3645833333333333 0.9605255662399997
vt 0.3645833333333333 0.9895833333333331
vt 0.38637665865333337 0.9895833333333331
vt 0.36554332532 0.23958333333333226
vt 0.36554332532 0.12976186804666723
vt 0.34375 0.12976186804666723
vt 0.34375 0.23958333333333226
vt 0.38637665865333315 0.8771922329066663
vt 0.36458333333333315 0.8771922329066663
vt 0.36458333333333315 0.9062499999999997
vt 0.38637665865333315 0.9062499999999997
vt 0.3541666666666668 0.29642853471333463
vt 0.3541666666666668 0.40624999999999967
vt 0.37595999198666685 0.40624999999999967
vt 0.37595999198666685 0.29642853471333463
vt 0.36554332532 0.7130952013800016
vt 0.34375 0.7130952013800016
vt 0.34375 0.8229166666666666
vt 0.36554332532 0.8229166666666666
vt 0.36554332531999967 0.5360118680466683
vt 0.34374999999999967 0.5360118680466683
vt 0.34374999999999967 0.6458333333333333
vt 0.36554332531999967 0.6458333333333333
vn 0.20583742394268856 -0.32500530056778965 -0.9230398201093377
vn 0.022868602672963617 -0.9413829826744835 0.3365636744253296
vn -0.20583742394268872 0.3250053005677898 0.9230398201093377
vn -0.022868602672965394 0.9413829826744835 -0.3365636744253298
vn 0.9783189571486509 0.09038603063380111 0.18633943101190814
vn -0.9783189571486509 -0.09038603063380066 -0.18633943101190853
usemtl m_3722afce-2475-6df4-1e92-dcadf5eef328
f 41/121/31 42/122/31 43/123/31 44/124/31
f 45/125/32 41/126/32 44/127/32 46/128/32
f 47/129/33 45/130/33 46/131/33 48/132/33
f 42/133/34 47/134/34 48/135/34 43/136/34
f 48/137/35 46/138/35 44/139/35 43/140/35
f 42/141/36 41/142/36 45/143/36 47/144/36