# Made in Blockbench 4.9.4
mtllib beech_twig_branch_up_3.mtl

o cube
v 0.30802211490351716 2.586887874326259 0.36968064520298294
v 0.4265926447907367 2.605431285705541 0.4372490336228365
v 0.49637338926245406 2.5785200885053454 0.3221816977078152
v 0.37780285937523467 2.5599766771260635 0.25461330928796144
v 0.3238148024138991 1.6676235383526516 0.5942494084466184
v 0.3935955468856164 1.6407123411524558 0.47918207253159706
v 0.4423853323011186 1.686166949731934 0.6618177968664721
v 0.5121660767728358 1.6592557525317382 0.5467504609514509
vt 0.3567708333333333 0.9583333333333331
vt 0.37398652193458337 0.9583333333333331
vt 0.37398652193458337 0.9354604620733331
vt 0.3567708333333333 0.9354604620733331
vt 0.36350882011166685 0.2291666666666664
vt 0.36350882011166685 0.07142853471333355
vt 0.3463541666666668 0.07142853471333355
vt 0.3463541666666668 0.2291666666666664
vt 0.35677083333333315 0.8749999999999997
vt 0.37398652193458315 0.8749999999999997
vt 0.37398652193458315 0.8521271287399996
vt 0.35677083333333315 0.8521271287399996
vt 0.3671875 0.5401785347133328
vt 0.3671875 0.6979166666666656
vt 0.384342153445 0.6979166666666656
vt 0.384342153445 0.5401785347133328
vt 0.34635416666666635 0.46875
vt 0.3635698552679164 0.46875
vt 0.3635698552679164 0.31101186804666714
vt 0.34635416666666635 0.31101186804666714
vt 0.3359375000000001 0.6354166666666665
vt 0.35315318860125017 0.6354166666666665
vt 0.35315318860125017 0.47767853471333377
vt 0.3359375000000001 0.47767853471333377
vn -0.01668660933452839 0.9712979402316978 -0.23728014744301365
vn -0.8609191638623286 -0.13464035485876427 -0.4906018427789435
vn 0.016686609334531012 -0.9712979402316972 0.23728014744301512
vn 0.8609191638623294 0.13464035485876416 0.4906018427789421
vn 0.5084680426177298 -0.19609254484851835 -0.8384557015676657
vn -0.5084680426177284 0.19609254484851857 0.8384557015676666
usemtl m_3722afce-2475-6df4-1e92-dcadf5eef328
f 1/1/1 2/2/1 3/3/1 4/4/1
f 5/5/2 1/6/2 4/7/2 6/8/2
f 7/9/3 5/10/3 6/11/3 8/12/3
f 2/13/4 7/14/4 8/15/4 3/16/4
f 8/17/5 6/18/5 4/19/5 3/20/5
f 2/21/6 1/22/6 5/23/6 7/24/6
o cube
v 0.8436474523373305 1.9898039562284822 -1.033738819434241
v 0.7725209947513316 2.120887874779991 -0.9716264182435648
v 0.9171028676707955 2.144835639996904 -0.8566022135796072
v 0.9882293252567947 2.013751721445395 -0.9187146147702829
v 0.2957026263751332 1.2978724574509455 -0.20093060699831267
v 0.4402844992945973 1.321820222667858 -0.08590640233435481
v 0.22457616878913408 1.4289563760024537 -0.13881820580763674
v 0.3691580417085982 1.452904141219366 -0.02379400114367869
vt 0.37696516927083346 0.9583333333333331
vt 0.3567708333333333 0.9583333333333331
vt 0.3567708333333333 0.9272832031249998
vt 0.37696516927083346 0.9272832031249998
vt 0.32552083333333326 0.7081249999999999
vt 0.32552083333333326 0.5058750000000001
vt 0.34880843098958325 0.5058750000000001
vt 0.34880843098958325 0.7081249999999999
vt 0.37696516927083323 0.8749999999999997
vt 0.35677083333333315 0.8749999999999997
vt 0.35677083333333315 0.8439498697916663
vt 0.37696516927083323 0.8439498697916663
vt 0.3904750976562502 0.2497916666666664
vt 0.3904750976562502 0.04754166666666659
vt 0.3671875000000002 0.04754166666666659
vt 0.3671875000000002 0.2497916666666664
vt 0.3561318359375001 0.33333333333333337
vt 0.3359375 0.33333333333333337
vt 0.3359375 0.13108333333333355
vt 0.3561318359375001 0.13108333333333355
vt 0.37696516927083346 0.2708333333333335
vt 0.3567708333333333 0.2708333333333335
vt 0.3567708333333333 0.06858333333333366
vt 0.37696516927083346 0.06858333333333366
vn 0.4515408536977312 0.5701948898043168 -0.6862861247926897
vn 0.44026241941137584 -0.8113903754820353 -0.3844667223950129
vn -0.45154085369773156 -0.5701948898043171 0.6862861247926891
vn -0.4402624194113762 0.811390375482035 0.38446672239501306
vn 0.7760669168931026 0.12854355766107328 0.6174112845485322
vn -0.7760669168931034 -0.12854355766107214 -0.6174112845485316
usemtl m_3722afce-2475-6df4-1e92-dcadf5eef328
f 9/25/7 10/26/7 11/27/7 12/28/7
f 13/29/8 9/30/8 12/31/8 14/32/8
f 15/33/9 13/34/9 14/35/9 16/36/9
f 10/37/10 15/38/10 16/39/10 11/40/10
f 16/41/11 14/42/11 12/43/11 11/44/11
f 10/45/12 9/46/12 13/47/12 15/48/12
o cube
v 0.32780540021206667 1.3176438466176232 -0.28379262239677355
v 0.21796745913821197 1.4581888044290636 -0.15556662411820849
v 0.39991824515618796 1.5173731775721209 -0.06457856675756024
v 0.5097561862300426 1.3768282197606803 -0.19280456503612528
v 0.24326268814079935 0.7757319958963463 0.2377629253724594
v 0.42521347415877536 0.8349163690394035 0.32875098273310743
v 0.13342474706694468 0.9162769537077866 0.3659889236510244
v 0.3153755330849208 0.9754613268508441 0.4569769810116727
vt 0.3842307942708333 0.9583333333333331
vt 0.3567708333333333 0.9583333333333331
vt 0.3567708333333333 0.9230221354166663
vt 0.3842307942708333 0.9230221354166663
vt 0.3359374999999999 0.26020833333333326
vt 0.3359374999999999 0.13406510416666684
vt 0.3624208984375 0.13406510416666684
vt 0.3624208984375 0.26020833333333326
vt 0.3842307942708332 0.8749999999999997
vt 0.35677083333333315 0.8749999999999997
vt 0.35677083333333315 0.8396888020833329
vt 0.3842307942708332 0.8396888020833329
vt 0.37760416666666685 0.38520833333333304
vt 0.37760416666666685 0.2590651041666666
vt 0.404087565104167 0.2590651041666666
vt 0.404087565104167 0.38520833333333304
vt 0.3633974609375 0.33333333333333337
vt 0.3359375 0.33333333333333337
vt 0.3359375 0.20719010416666694
vt 0.3633974609375 0.20719010416666694
vt 0.39725162760416666 0.7395833333333333
vt 0.36979166666666663 0.7395833333333333
vt 0.36979166666666663 0.6134401041666668
vt 0.39725162760416666 0.6134401041666668
vn 0.11170200814552443 0.7160007111245438 -0.6891049579312318
vn 0.4999913388617441 -0.6397722038431083 -0.5836952871601525
vn -0.11170200814552508 -0.7160007111245434 0.6891049579312323
vn -0.4999913388617446 0.6397722038431084 0.5836952871601521
vn 0.8587964383015909 0.2793465748114341 0.429457994106085
vn -0.8587964383015901 -0.2793465748114348 -0.4294579941060857
usemtl m_3722afce-2475-6df4-1e92-dcadf5eef328
f 17/49/13 18/50/13 19/51/13 20/52/13
f 21/53/14 17/54/14 20/55/14 22/56/14
f 23/57/15 21/58/15 22/59/15 24/60/15
f 18/61/16 23/62/16 24/63/16 19/64/16
f 24/65/17 22/66/17 20/67/17 19/68/17
f 18/69/18 17/70/18 21/71/18 23/72/18
o cube
v 0.2316685115720032 0.7490502526479866 0.24046454209055462
v 0.10862502092631272 0.8990575378263493 0.3683561150269339
v 0.30321340244549805 1.0155952464710065 0.418878039639888
v 0.4262568930911885 0.865587961292644 0.2909864667035088
v 0.4378419156473435 -0.1263167170847798 1.4655626027586968
v 0.6324302971665289 -0.0097790084401225 1.516084527371651
v 0.314798425001653 0.02369056809358308 1.5934541756950766
v 0.5093868065208385 0.1402282767382403 1.6439761003080302
vt 0.3858177083333333 0.9583333333333331
vt 0.3567708333333333 0.9583333333333331
vt 0.3567708333333333 0.9196041666666664
vt 0.3858177083333333 0.9196041666666664
vt 0.3776041666666665 0.2810416666666665
vt 0.3776041666666665 0.02775000000000072
vt 0.40665104166666655 0.02775000000000072
vt 0.40665104166666655 0.2810416666666665
vt 0.39883854166666655 0.8437499999999997
vt 0.3697916666666665 0.8437499999999997
vt 0.3697916666666665 0.805020833333333
vt 0.39883854166666655 0.805020833333333
vt 0.3359375000000002 0.7185416666666664
vt 0.3359375000000002 0.4652500000000007
vt 0.36498437500000025 0.4652500000000007
vt 0.36498437500000025 0.7185416666666664
vt 0.364984375 0.33333333333333337
vt 0.3359375 0.33333333333333337
vt 0.3359375 0.08004166666666757
vt 0.364984375 0.08004166666666757
vt 0.39883854166666666 0.7083333333333333
vt 0.36979166666666663 0.7083333333333333
vt 0.36979166666666663 0.45504166666666757
vt 0.39883854166666666 0.45504166666666757
vn -0.13566271036377048 0.5759940580574235 -0.8061181514513225
vn 0.5295039941718798 -0.6455396887718674 -0.5503671777789321
vn 0.1356627103637709 -0.5759940580574248 0.8061181514513216
vn -0.5295039941718787 0.6455396887718682 0.5503671777789323
vn 0.8373894847517385 0.5015070840006765 0.21741549053449838
vn -0.8373894847517384 -0.5015070840006765 -0.21741549053449838
usemtl m_3722afce-2475-6df4-1e92-dcadf5eef328
f 25/73/19 26/74/19 27/75/19 28/76/19
f 29/77/20 25/78/20 28/79/20 30/80/20
f 31/81/21 29/82/21 30/83/21 32/84/21
f 26/85/22 31/86/22 32/87/22 27/88/22
f 32/89/23 30/90/23 28/91/23 27/92/23
f 26/93/24 25/94/24 29/95/24 31/96/24
o cube
v 0.39202475976125517 1.0466957328448139 0.6680113732116412
v 0.27203508522526293 1.123170170556696 0.8274002669446666
v 0.4487522566124385 1.1804159732855755 0.9329684461980843
v 0.5687419311484307 1.1039415355736935 0.7735795524650586
v 0.4144370788930519 0.17598854508859607 1.1026469858385077
v 0.5911542502802273 0.2332343478174756 1.2082151650919255
v 0.29444740435705974 0.2524629828004784 1.2620358795715334
v 0.47116457574423526 0.3097087855293579 1.3676040588249507
vt 0.3567708333333333 0.9583333333333331
vt 0.3834783583333332 0.9583333333333331
vt 0.3834783583333332 0.9227232999999999
vt 0.3567708333333333 0.9227232999999999
vt 0.3255208333333336 0.035680433333334816
vt 0.3255208333333336 0.1979166666666664
vt 0.35222835833333355 0.1979166666666664
vt 0.35222835833333355 0.035680433333334816
vt 0.35677083333333315 0.8749999999999997
vt 0.383478358333333 0.8749999999999997
vt 0.383478358333333 0.8393899666666663
vt 0.35677083333333315 0.8393899666666663
vt 0.3463541666666666 0.4627637666666674
vt 0.3463541666666666 0.6249999999999989
vt 0.3730616916666665 0.6249999999999989
vt 0.3730616916666665 0.4627637666666674
vt 0.3359375 0.38541666666666663
vt 0.3626450249999999 0.38541666666666663
vt 0.3626450249999999 0.22318043333333515
vt 0.3359375 0.22318043333333515
vt 0.36979166666666663 0.7395833333333333
vt 0.3964991916666665 0.7395833333333333
vt 0.3964991916666665 0.5773471000000019
vt 0.36979166666666663 0.5773471000000019
vn -0.023024366660999843 0.8944849226613658 -0.4465048730656257
vn 0.5615911364680581 -0.35792551777019116 -0.745992439083303
vn 0.023024366660999693 -0.8944849226613656 0.44650487306562625
vn -0.5615911364680586 0.3579255177701913 0.7459924390833027
vn 0.8270944770583194 0.2679291825472384 0.49409379591247055
vn -0.8270944770583188 -0.2679291825472387 -0.4940937959124711
usemtl m_3722afce-2475-6df4-1e92-dcadf5eef328
f 33/97/25 34/98/25 35/99/25 36/100/25
f 37/101/26 33/102/26 36/103/26 38/104/26
f 39/105/27 37/106/27 38/107/27 40/108/27
f 34/109/28 39/110/28 40/111/28 35/112/28
f 40/113/29 38/114/29 36/115/29 35/116/29
f 34/117/30 33/118/30 37/119/30 39/120/30
o cube
v 0.29863194386516495 1.733376972592268 0.5847777434133805
v 0.44968641239891466 1.7649367848807218 0.6659150567070717
v 0.5367248022596786 1.7066477677095875 0.5265470295563525
v 0.38567033372592885 1.6750879554211338 0.44540971626266146
v 0.2914569681048804 1.1239276294738827 0.8351917415304437
v 0.3784953579656444 1.0656386123027484 0.6958237143797247
v 0.4425114366386301 1.1554874417623364 0.9163290548241347
v 0.5295498264993941 1.097198424591202 0.7769610276734155
vt 0.3567708333333333 0.9999999999999998
vt 0.37856415865333337 0.9999999999999998
vt 0.37856415865333337 0.9709422329066664
vt 0.3567708333333333 0.9709422329066664
vt 0.37595999198666674 0.3541666666666664
vt 0.37595999198666674 0.2443452013800016
vt 0.35416666666666674 0.2443452013800016
vt 0.35416666666666674 0.3541666666666664
vt 0.35677083333333315 0.9166666666666663
vt 0.37856415865333315 0.9166666666666663
vt 0.37856415865333315 0.8876088995733329
vt 0.35677083333333315 0.8876088995733329
vt 0.38802083333333326 0.1401785347133342
vt 0.38802083333333326 0.249999999999999
vt 0.40981415865333326 0.249999999999999
vt 0.40981415865333326 0.1401785347133342
vt 0.33593749999999967 0.65625
vt 0.35773082531999967 0.65625
vt 0.35773082531999967 0.5464285347133351
vt 0.33593749999999967 0.5464285347133351
vt 0.3359375 0.8333333333333334
vt 0.35773082532 0.8333333333333334
vt 0.35773082532 0.7235118680466686
vt 0.3359375 0.7235118680466686
vn 0.010888848461994779 0.9249092629987405 -0.38003195681192187
vn -0.8664032812555982 -0.1810176500433533 -0.4653793770702725
vn -0.010888848461994659 -0.9249092629987405 0.38003195681192237
vn 0.8664032812555986 0.18101765004335288 0.465379377070272
vn 0.4992261884243483 -0.33432837987809183 -0.799373346565538
vn -0.49922618842435 0.3343283798780915 0.799373346565537
usemtl m_3722afce-2475-6df4-1e92-dcadf5eef328
f 41/121/31 42/122/31 43/123/31 44/124/31
f 45/125/32 41/126/32 44/127/32 46/128/32
f 47/129/33 45/130/33 46/131/33 48/132/33
f 42/133/34 47/134/34 48/135/34 43/136/34
f 48/137/35 46/138/35 44/139/35 43/140/35
f 42/141/36 41/142/36 45/143/36 47/144/36