# Made in Blockbench 4.9.4
mtllib beech_twig_branch_up.mtl

o cube
v 0.9060208359521629 0.7774590701794462 0.722015064751274
v 0.7217491703017982 0.8799424971849024 0.6874928763545742
v 0.7294973064988715 0.9604860401289896 0.8852386351953778
v 0.9137689721492364 0.8580026131235339 0.9197608235920774
v 0.5723645614199484 0.2537791327480927 0.9483878175726416
v 0.5801126976170219 0.3343226756921802 1.146133576413445
v 0.3880928957695836 0.3562625597535485 0.9138656291759418
v 0.3958410319666571 0.43680610269763603 1.1116113880167455
vt 0.3912908583333332 0.9374999999999998
vt 0.3645833333333333 0.9374999999999998
vt 0.3645833333333333 0.9018899666666667
vt 0.3912908583333332 0.9018899666666667
vt 0.3541666666666666 0.6041666666666656
vt 0.3541666666666666 0.4940137666666673
vt 0.3808741916666665 0.4940137666666673
vt 0.3808741916666665 0.6041666666666656
vt 0.391290858333333 0.8541666666666663
vt 0.36458333333333315 0.8541666666666663
vt 0.36458333333333315 0.8185566333333331
vt 0.391290858333333 0.8185566333333331
vt 0.32291666666666685 0.2916666666666664
vt 0.32291666666666685 0.18151376666666807
vt 0.34962419166666675 0.18151376666666807
vt 0.34962419166666675 0.2916666666666664
vt 0.3704575249999999 0.17708333333333337
vt 0.34375 0.17708333333333337
vt 0.34375 0.06693043333333504
vt 0.3704575249999999 0.06693043333333504
vt 0.3756658583333332 0.7708333333333334
vt 0.34895833333333326 0.7708333333333334
vt 0.34895833333333326 0.6606804333333349
vt 0.3756658583333332 0.6606804333333349
vn 0.5048380849592102 0.7923530798725548 -0.34251292645854126
vn 0.8624519945706571 -0.47965614094462217 0.16157519461602993
vn -0.504838084959209 -0.7923530798725552 0.3425129264585424
vn -0.8624519945706572 0.479656140944622 -0.16157519461602984
vn 0.03626382544373514 0.37697026841727044 0.925515181773696
vn -0.036263825443735416 -0.3769702684172704 -0.925515181773696
usemtl m_3722afce-2475-6df4-1e92-dcadf5eef328
f 1/1/1 2/2/1 3/3/1 4/4/1
f 5/5/2 1/6/2 4/7/2 6/8/2
f 7/9/3 5/10/3 6/11/3 8/12/3
f 2/13/4 7/14/4 8/15/4 3/16/4
f 8/17/5 6/18/5 4/19/5 3/20/5
f 2/21/6 1/22/6 5/23/6 7/24/6
o cube
v 1.1233780198354522 1.3034444213708023 0.4370270157838013
v 0.9614878003492286 1.3661227501400635 0.4209111304029283
v 0.977713953237447 1.4474631070873945 0.5742643048674424
v 1.1396041727236708 1.3847847783181333 0.5903801902483155
v 0.8641391146059045 0.7204275206084307 0.7736959703421168
v 0.8803652674941231 0.8017678775557615 0.9270491448066307
v 0.702248895119681 0.7831058493776917 0.7575800849612435
v 0.7184750480078996 0.8644462063250227 0.9109332594257578
vt 0.38637665865333337 0.9374999999999998
vt 0.3645833333333333 0.9374999999999998
vt 0.3645833333333333 0.9084422329066665
vt 0.38637665865333337 0.9084422329066665
vt 0.3854166666666665 0.23958333333333226
vt 0.3854166666666665 0.11934520138000071
vt 0.4072099919866665 0.11934520138000071
vt 0.4072099919866665 0.23958333333333226
vt 0.38637665865333315 0.8541666666666663
vt 0.36458333333333315 0.8541666666666663
vt 0.36458333333333315 0.8251088995733329
vt 0.38637665865333315 0.8251088995733329
vt 0.35512665865333354 0.23392853471333475
vt 0.35512665865333354 0.3541666666666664
vt 0.3333333333333335 0.3541666666666664
vt 0.3333333333333335 0.23392853471333475
vt 0.3551266586533331 0.20833333333333337
vt 0.33333333333333304 0.20833333333333337
vt 0.33333333333333304 0.08809520138000171
vt 0.3551266586533331 0.08809520138000171
vt 0.39158499198666663 0.75
vt 0.36979166666666663 0.75
vt 0.36979166666666663 0.6297618680466683
vt 0.39158499198666663 0.6297618680466683
vn 0.35934094702747427 0.8081419919107686 -0.4666696955019613
vn 0.9285539099077665 -0.35950415923757856 0.09243590149872193
vn -0.3593409470274746 -0.8081419919107682 0.4666696955019616
vn -0.9285539099077663 0.35950415923757856 -0.09243590149872187
vn 0.09306836296184468 0.4665439747777017 0.8795879713901423
vn -0.09306836296184469 -0.4665439747777017 -0.8795879713901423
usemtl m_3722afce-2475-6df4-1e92-dcadf5eef328
f 9/25/7 10/26/7 11/27/7 12/28/7
f 13/29/8 9/30/8 12/31/8 14/32/8
f 15/33/9 13/34/9 14/35/9 16/36/9
f 10/37/10 15/38/10 16/39/10 11/40/10
f 16/41/11 14/42/11 12/43/11 11/44/11
f 10/45/12 9/46/12 13/47/12 15/48/12
o cube
v 0.5303659350458199 0.5581418918369223 0.5816497381477452
v 0.29887519165889764 0.5446559156025748 0.5967594964574189
v 0.2979917754567829 0.7245797227252373 0.7438131731584818
v 0.5294825188437051 0.7380656989595851 0.7287034148488084
v 0.6246004393737055 -0.12386376857957312 1.416666624117081
v 0.6237170231715907 0.05606003854308933 1.5637203008181444
v 0.39310969598678325 -0.13734974481392065 1.4317763824267549
v 0.3922262797846685 0.042574062308741834 1.578830059127818
vt 0.3645833333333333 0.9374999999999998
vt 0.3936302083333333 0.9374999999999998
vt 0.3936302083333333 0.8987708333333332
vt 0.3645833333333333 0.8987708333333332
vt 0.3437500000000002 0.5173333333333339
vt 0.3437500000000002 0.6977083333333332
vt 0.37279687500000025 0.6977083333333332
vt 0.37279687500000025 0.5173333333333339
vt 0.36458333333333315 0.8541666666666663
vt 0.3936302083333332 0.8541666666666663
vt 0.3936302083333332 0.8154374999999996
vt 0.36458333333333315 0.8154374999999996
vt 0.39583333333333326 0.07983333333333409
vt 0.39583333333333326 0.26020833333333326
vt 0.4248802083333333 0.26020833333333326
vt 0.4248802083333333 0.07983333333333409
vt 0.34375 0.28125
vt 0.372796875 0.28125
vt 0.372796875 0.10087500000000083
vt 0.34375 0.10087500000000083
vt 0.36979166666666663 0.7291666666666667
vt 0.39883854166666666 0.7291666666666667
vt 0.39883854166666666 0.5487916666666675
vt 0.36979166666666663 0.5487916666666675
vn -0.0870727690717355 0.6301738603987053 -0.7715563741920439
vn 0.9961946998899288 0.0580354006857343 -0.06502316647519621
vn 0.08707276907173583 -0.6301738603987053 0.7715563741920439
vn -0.9961946998899289 -0.05803540068573434 0.0650231664751962
vn -0.0038016834948456646 0.7742821177952126 0.6328291627802606
vn 0.003801683494845361 -0.7742821177952128 -0.6328291627802604
usemtl m_3722afce-2475-6df4-1e92-dcadf5eef328
f 17/49/13 18/50/13 19/51/13 20/52/13
f 21/53/14 17/54/14 20/55/14 22/56/14
f 23/57/15 21/58/15 22/59/15 24/60/15
f 18/61/16 23/62/16 24/63/16 19/64/16
f 24/65/17 22/66/17 20/67/17 19/68/17
f 18/69/18 17/70/18 21/71/18 23/72/18
o cube
v 1.263408672702512 1.8958321635002167 -0.14283020524051748
v 1.1318159280274283 1.9362781949919525 -0.13885731430052797
v 1.1627996860357244 2.02748303657045 -0.041103847657754544
v 1.2943924307108083 1.9870370050787138 -0.04507673859774383
v 1.0954533086428768 1.288493158299268 0.47705723395848065
v 1.1264370666511732 1.379697999877765 0.5748107006012544
v 0.9638605639677928 1.328939189791004 0.4810301248984702
v 0.9948443219760892 1.4201440313695008 0.5787835915412437
vt 0.38179902193458337 0.9374999999999998
vt 0.3645833333333333 0.9374999999999998
vt 0.3645833333333333 0.9146271287399997
vt 0.38179902193458337 0.9146271287399997
vt 0.34375 0.6041666666666656
vt 0.34375 0.4568452013799994
vt 0.36090465344500006 0.4568452013799994
vt 0.36090465344500006 0.6041666666666656
vt 0.38179902193458315 0.8541666666666663
vt 0.36458333333333315 0.8541666666666663
vt 0.36458333333333315 0.8312937954066663
vt 0.38179902193458315 0.8312937954066663
vt 0.37132132011166685 0.19642853471333355
vt 0.37132132011166685 0.34374999999999967
vt 0.3541666666666668 0.34374999999999967
vt 0.3541666666666668 0.19642853471333355
vt 0.35054902193458304 0.20833333333333337
vt 0.33333333333333304 0.20833333333333337
vt 0.33333333333333304 0.06101186804666714
vt 0.35054902193458304 0.06101186804666714
vt 0.38700735526791674 0.39583333333333326
vt 0.36979166666666674 0.39583333333333326
vt 0.36979166666666674 0.24851186804666714
vt 0.38700735526791674 0.24851186804666714
vn 0.19001006148110333 0.6870904205067861 -0.7012866251282389
vn 0.9554711092527055 -0.2936713165281068 -0.028846442277226575
vn -0.19001006148110347 -0.6870904205067876 0.7012866251282376
vn -0.9554711092527052 0.2936713165281073 0.02884644227722688
vn 0.22576788061934605 0.664577995344757 0.7122955511472698
vn -0.22576788061934766 -0.6645779953447567 -0.7122955511472695
usemtl m_3722afce-2475-6df4-1e92-dcadf5eef328
f 25/73/19 26/74/19 27/75/19 28/76/19
f 29/77/20 25/78/20 28/79/20 30/80/20
f 31/81/21 29/82/21 30/83/21 32/84/21
f 26/85/22 31/86/22 32/87/22 27/88/22
f 32/89/23 30/90/23 28/91/23 27/92/23
f 26/93/24 25/94/24 29/95/24 31/96/24
o cube
v -0.11344937773060737 1.956693435436047 -0.44772963863146364
v -0.2548848893893779 1.9050102451604254 -0.38920818155819414
v -0.23681955937656574 2.0201478555126604 -0.24386391566419424
v -0.09538404771779518 2.0718310457882816 -0.3023853727374637
v 0.2835409398569647 1.3545430342674531 -0.020066415856558356
v 0.3016062698697769 1.469680644619688 0.12527785003744157
v 0.14210542819819416 1.3028598439918313 0.03845504121671131
v 0.16017075821100635 1.4179974543440663 0.18379930711071127
vt 0.3645833333333333 0.9374999999999998
vt 0.38477766927083346 0.9374999999999998
vt 0.38477766927083346 0.9064498697916664
vt 0.3645833333333333 0.9064498697916664
vt 0.32291666666666685 0.037124999999999964
vt 0.32291666666666685 0.17687499999999978
vt 0.34620426432291695 0.17687499999999978
vt 0.34620426432291695 0.037124999999999964
vt 0.36458333333333315 0.8541666666666663
vt 0.38477766927083323 0.8541666666666663
vt 0.38477766927083323 0.8231165364583328
vt 0.36458333333333315 0.8231165364583328
vt 0.36458333333333326 0.5683750000000001
vt 0.36458333333333326 0.7081249999999999
vt 0.38787093098958336 0.7081249999999999
vt 0.38787093098958336 0.5683750000000001
vt 0.34375 0.28125
vt 0.3639443359375001 0.28125
vt 0.3639443359375001 0.14150000000000018
vt 0.34375 0.14150000000000018
vt 0.36979166666666663 0.38541666666666685
vt 0.3899860026041667 0.38541666666666685
vt 0.3899860026041667 0.24566666666666703
vt 0.36979166666666663 0.24566666666666703
vn -0.47345297267450537 0.7181280872612934 -0.5100336586462804
vn 0.8754652300557358 0.3199114248889963 -0.3622393009999738
vn 0.4734529726745058 -0.7181280872612932 0.5100336586462801
vn -0.8754652300557357 -0.3199114248889964 0.3622393009999739
vn 0.0969686218791009 0.6180200081809071 0.7801591862299256
vn -0.0969686218790999 -0.6180200081809067 -0.780159186229926
usemtl m_3722afce-2475-6df4-1e92-dcadf5eef328
f 33/97/25 34/98/25 35/99/25 36/100/25
f 37/101/26 33/102/26 36/103/26 38/104/26
f 39/105/27 37/106/27 38/107/27 40/108/27
f 34/109/28 39/110/28 40/111/28 35/112/28
f 40/113/29 38/114/29 36/115/29 35/116/29
f 34/117/30 33/118/30 37/119/30 39/120/30
o cube
v -0.26907431426276607 2.4612983515821765 -0.7276548371631903
v -0.4054511229997554 2.4400060455991324 -0.6902783238876181
v -0.3860160529874296 2.5163824189622854 -0.5758556139399935
v -0.24963924425044026 2.537674724945329 -0.6132321272155656
v -0.08905072223089283 1.9056443230604114 -0.3873371812893451
v -0.06961565221856703 1.9820206964235643 -0.2729144713417204
v -0.22542753096788215 1.8843520170773682 -0.3499606680137729
v -0.20599246095555634 1.9607283904405213 -0.2355379580661482
vt 0.3645833333333333 0.9374999999999998
vt 0.38245833333333334 0.9374999999999998
vt 0.38245833333333334 0.9143437499999998
vt 0.3645833333333333 0.9143437499999998
vt 0.3750000000000002 0.24129166666666746
vt 0.3750000000000002 0.35395833333333315
vt 0.3923671875000002 0.35395833333333315
vt 0.3923671875000002 0.24129166666666746
vt 0.36458333333333315 0.8541666666666663
vt 0.3824583333333331 0.8541666666666663
vt 0.3824583333333331 0.8310104166666663
vt 0.36458333333333315 0.8310104166666663
vt 0.33333333333333326 0.4808750000000007
vt 0.33333333333333326 0.5935416666666666
vt 0.35070052083333325 0.5935416666666666
vt 0.35070052083333325 0.4808750000000007
vt 0.34375 0.28125
vt 0.361625 0.28125
vt 0.361625 0.1685833333333342
vt 0.34375 0.1685833333333342
vt 0.38020833333333326 0.7291666666666667
vt 0.39808333333333323 0.7291666666666667
vt 0.39808333333333323 0.6165000000000009
vt 0.38020833333333326 0.6165000000000009
vn -0.2663070888045488 0.8219734149730304 -0.5034284850204848
vn 0.9536839771817448 0.14889724463666676 -0.26137421871029703
vn 0.26630708880454623 -0.8219734149730308 0.5034284850204855
vn -0.9536839771817447 -0.14889724463666693 0.26137421871029703
vn 0.13988354484804827 0.5497174870942186 0.82355526727935
vn -0.13988354484804696 -0.5497174870942184 -0.8235552672793505
usemtl m_3722afce-2475-6df4-1e92-dcadf5eef328
f 41/121/31 42/122/31 43/123/31 44/124/31
f 45/125/32 41/126/32 44/127/32 46/128/32
f 47/129/33 45/130/33 46/131/33 48/132/33
f 42/133/34 47/134/34 48/135/34 43/136/34
f 48/137/35 46/138/35 44/139/35 43/140/35
f 42/141/36 41/142/36 45/143/36 47/144/36
o cube
v 0.30853299842701953 1.3572705156263634 -0.03326837794798865
v 0.09402772692062633 1.3226181133077086 -0.0009285478678495995
v 0.09784473620441259 1.4540396996631173 0.16520845047723726
v 0.3123500077108057 1.4886921019817725 0.13286862039709793
v 0.5304771857596335 0.5641533669290925 0.5890225738194104
v 0.5342941950434197 0.695574953284501 0.7551595721644973
v 0.31597191425324034 0.5295009646104377 0.6213624038995497
v 0.3197889235370266 0.6609225509658461 0.7874994022446363
vt 0.3645833333333333 0.9374999999999998
vt 0.3920432942708333 0.9374999999999998
vt 0.3920432942708333 0.9021888020833333
vt 0.3645833333333333 0.9021888020833333
vt 0.38541666666666685 0.19233333333333313
vt 0.38541666666666685 0.3643749999999998
vt 0.41190006510416677 0.3643749999999998
vt 0.41190006510416677 0.19233333333333313
vt 0.36458333333333315 0.8541666666666663
vt 0.3920432942708332 0.8541666666666663
vt 0.3920432942708332 0.8188554687499997
vt 0.36458333333333315 0.8188554687499997
vt 0.36458333333333326 0.5985833333333332
vt 0.36458333333333326 0.7706249999999999
vt 0.3910667317708332 0.7706249999999999
vt 0.3910667317708332 0.5985833333333332
vt 0.34375 0.28125
vt 0.3712099609375 0.28125
vt 0.3712099609375 0.10920833333333346
vt 0.34375 0.10920833333333346
vt 0.36979166666666663 0.38541666666666663
vt 0.39725162760416666 0.38541666666666663
vt 0.39725162760416666 0.2133750000000001
vt 0.36979166666666663 0.2133750000000001
vn -0.2150101112449629 0.7683382404429854 -0.6028490692830221
vn 0.976445632946347 0.15774058454382597 -0.14721356556982174
vn 0.2150101112449634 -0.7683382404429853 0.6028490692830221
vn -0.9764456329463468 -0.15774058454382595 0.14721356556982176
vn 0.018016047358849076 0.6203017461371116 0.7841563401368468
vn -0.01801604735884957 -0.6203017461371118 -0.7841563401368467
usemtl m_3722afce-2475-6df4-1e92-dcadf5eef328
f 49/145/37 50/146/37 51/147/37 52/148/37
f 53/149/38 49/150/38 52/151/38 54/152/38
f 55/153/39 53/154/39 54/155/39 56/156/39
f 50/157/40 55/158/40 56/159/40 51/160/40
f 56/161/41 54/162/41 52/163/41 51/164/41
f 50/165/42 49/166/42 53/167/42 55/168/42