# Made in Blockbench 4.12.3
mtllib beech_twig_branch_2.mtl

o cube
v 0.7699863258908921 1.1864339479573236 -2.33789098268472
v 0.6346636190751516 1.1827650266565266 -2.363240929696957
v 0.635452808131817 1.3179249303994136 -2.3870155848827173
v 0.7707755149475576 1.3215938517002102 -2.36166563787048
v 0.6521451554433297 1.295009308380919 -1.7245472270076847
v 0.6529343444999948 1.4301692121238059 -1.7483218821934445
v 0.5168224486275892 1.2913403870801226 -1.7498971740199223
v 0.5176116376842549 1.426500290823009 -1.7736718292056821
vt 0.3125 0.8333333333333334
vt 0.3125 0.7916668753473298
vt 0.3541666666666666 0.7916666666666666
vt 0.3541666666666667 0.8333331246526702
vt 0.6279766508053756 0.8333333333333334
vt 0.4166666666666667 0.8333333333333334
vt 0.4166667770889614 0.7916685361141856
vt 0.6279771181693808 0.7916666666666666
vt 0.312500208680663 0.8541666666666666
vt 0.3541666666666667 0.8541666666666666
vt 0.3541664579860036 0.8958333333333334
vt 0.3125 0.8958333333333333
vt 0.4375 0.8333333333333334
vt 0.6488099841387088 0.8333333333333334
vt 0.6488104515027143 0.875
vt 0.4375001104222947 0.8749981305524811
vt 0.8571440071436583 0.875
vt 0.8571440071436585 0.916660350728281
vt 0.6458357120369679 0.9166666666666666
vt 0.6458333333333334 0.8750078935074679
vt 0.6666666666666666 0.8333333333333334
vt 0.6666666666666666 0.7916702865160494
vt 0.8779749618503407 0.7916666666666666
vt 0.8779773406440509 0.8333312911030123
vn 0.18589023244681913 -0.17127374847418775 -0.967527841751579
vn 0.9825536894724797 0.02663937372602501 0.1840613785439613
vn -0.18589023244682323 0.17127374847418422 0.9675278417515789
vn -0.9825536894724797 -0.0266393737260236 -0.18406137854396173
vn 0.00575054648579475 0.9848632630223784 -0.17323765284726197
vn -0.005750546485792274 -0.9848632630223783 0.17323765284726209
usemtl m_5a627fba-2ad4-9dc0-cb5a-175a14284314
f 1/1/1 2/2/1 3/3/1 4/4/1
f 5/5/2 1/6/2 4/7/2 6/8/2
f 7/9/3 5/10/3 6/11/3 8/12/3
f 2/13/4 7/14/4 8/15/4 3/16/4
f 8/17/5 6/18/5 4/19/5 3/20/5
f 2/21/6 1/22/6 5/23/6 7/24/6
o cube
v -0.15605183081564689 0.19243451393614092 -1.9224987077310636
v -0.2872524864188932 0.17459864486866028 -1.8299342069918019
v -0.36109028342796223 0.32830230491864737 -1.9049751672364992
v -0.22988962782471556 0.3461381739861281 -1.9975396679757607
v 0.2030278311120916 0.657131239383659 -1.3239997522196831
v 0.12919003410302277 0.8108348994336461 -1.3990407124643802
v 0.0718271755088451 0.6392953703161781 -1.2314352514804219
v -0.002010621500223797 0.7929990303661653 -1.306476211725119
vt 0.7291666666666666 0.9375
vt 0.7291666666666666 0.8836493358650259
vt 0.7912675150183478 0.8836476255668166
vt 0.7912675150183478 0.9374982897017906
vt 0.42533374545892527 0.7916666666666665
vt 0.14583421168589675 0.7916666666666666
vt 0.14583333333333334 0.7295681754444501
vt 0.4253322993908701 0.729565284379823
vt 0.6041683769648759 0.8962324849816522
vt 0.65801904109985 0.8962324849816522
vt 0.6580173308016407 0.9583333333333334
vt 0.6041666666666666 0.9583333333333333
vt 0.18750087835256335 0.8337319510464898
vt 0.4670004121255919 0.8337319510464899
vt 0.46699896605753666 0.8958333333333334
vt 0.1875 0.8958304422687065
vt 0.7794986676011151 0.7169789279486274
vt 0.7794986676011151 0.7708312087424933
vt 0.5 0.7708333333333334
vt 0.5000000000000001 0.7169810525394673
vt 0.5416666666666666 0.8541645420758263
vt 0.5416666666666666 0.8003122612819603
vt 0.8211653342677817 0.8003143858728007
vt 0.8211653342677817 0.8541666666666666
vn -0.4282405031934877 -0.5542000303488614 -0.7137733518322952
vn 0.8121129608402505 0.11040143336899755 -0.5729607860450424
vn 0.4282405031934855 0.5542000303488601 0.7137733518322976
vn -0.8121129608402499 -0.11040143336899826 0.5729607860450427
vn -0.3963364861577494 0.8250296054514613 -0.40279466216514626
vn 0.3963364861577502 -0.8250296054514613 0.40279466216514587
usemtl m_5a627fba-2ad4-9dc0-cb5a-175a14284314
f 9/25/7 10/26/7 11/27/7 12/28/7
f 13/29/8 9/30/8 12/31/8 14/32/8
f 15/33/9 13/34/9 14/35/9 16/36/9
f 10/37/10 15/38/10 16/39/10 11/40/10
f 16/41/11 14/42/11 12/43/11 11/44/11
f 10/45/12 9/46/12 13/47/12 15/48/12
o cube
v 0.18932165943761659 0.6078694743712029 -1.35858105858339
v -0.022705150512018546 0.5856538321968789 -1.3055691523220476
v -0.06052023357295411 0.782447276041579 -1.3743446210009127
v 0.15150657637668086 0.804662918215903 -1.4273565272622555
v 0.3868098090353738 0.9757411305667704 -0.4145424270452612
v 0.34899472597443837 1.1725345744114704 -0.4833178957241267
v 0.17478299908573877 0.9535254883924466 -0.3615305207839186
v 0.1369679160248033 1.1503189322371465 -0.4303059894627841
vt 0.06250000000000007 0.7916666666666666
vt 0.0625 0.7184407219769977
vt 0.13312320428382352 0.718440283479753
vt 0.1331232042838236 0.7916662281694217
vt 0.48991680269659194 0.8958333333333334
vt 0.1458337428103277 0.8958333333333333
vt 0.14583333333333334 0.8252113554616192
vt 0.489917139491483 0.8252094103765181
vt 0.041667105163911554 0.8252101290495099
vt 0.11489304985358036 0.8252101290495097
vt 0.11489261135633555 0.8958333333333333
vt 0.041666666666666664 0.8958333333333334
vt 0.16666707614366105 0.7418760770431847
vt 0.5107501360299254 0.7418760770431849
vt 0.5107504728248163 0.8125
vt 0.16666666666666666 0.8124980549148989
vt 0.9065839056055167 0.7601032708355625
vt 0.9065839056055167 0.8333303073444097
vt 0.5625 0.8333333333333334
vt 0.5625 0.760106296824486
vt 0.5416666666666669 0.9374969740110765
vt 0.5416666666666666 0.8642699375022292
vt 0.8857505722721836 0.8642729634911527
vt 0.8857505722721836 0.9375
vn -0.1913181395957923 -0.3563784511461042 -0.9145445691820104
vn 0.965163472155955 0.10112742979172312 -0.24131455604580004
vn 0.19131813959579302 0.35637845114610617 0.9145445691820093
vn -0.9651634721559552 -0.10112742979172203 0.24131455604579974
vn -0.17848484943396728 0.9288528637531475 -0.32461595157988005
vn 0.1784848494339673 -0.9288528637531474 0.3246159515798802
usemtl m_5a627fba-2ad4-9dc0-cb5a-175a14284314
f 17/49/13 18/50/13 19/51/13 20/52/13
f 21/53/14 17/54/14 20/55/14 22/56/14
f 23/57/15 21/58/15 22/59/15 24/60/15
f 18/61/16 23/62/16 24/63/16 19/64/16
f 24/65/17 22/66/17 20/67/17 19/68/17
f 18/69/18 17/70/18 21/71/18 23/72/18
o cube
v -0.28029431811016303 -0.09341744411436298 -2.469055819613875
v -0.41599713334006494 -0.11932531783984757 -2.43214338244558
v -0.4544250798313366 0.0017413569815385443 -2.4884442002230043
v -0.3187222646014347 0.02764923070702313 -2.5253566373912992
v -0.17787282996896936 0.21479813934150876 -1.8761907482174467
v -0.2163007764602406 0.335864814162895 -1.9324915659948707
v -0.3135756451988715 0.18889026561602407 -1.839278311049152
v -0.3520035916901427 0.3099569404374105 -1.8955791288265758
vt 0.1875 0.791665696698885
vt 0.18750000000000008 0.75
vt 0.22916666666666666 0.750001340699703
vt 0.22916483160890336 0.7916666666666666
vt 0.537832637520442 0.7916666666666666
vt 0.31250123974422267 0.7916666666666666
vt 0.3125 0.75
vt 0.5378332436878159 0.7500008689419272
vt 0.22916666666666666 0.8333333333333334
vt 0.27083236336555166 0.8333333333333334
vt 0.2708333333333333 0.8749981649422367
vt 0.22916800736636975 0.875
vt 0.3541679064108895 0.8541666666666666
vt 0.5794993041871087 0.8541666666666667
vt 0.5794999103544827 0.8958324643914063
vt 0.3541666666666667 0.8958333333333334
vt 0.8294996446774757 0.7708333333333334
vt 0.8294996446774756 0.8124988659987846
vt 0.6041666666666666 0.8125
vt 0.6041666666666669 0.7708344673345486
vt 0.6041666666666666 0.8958321993321177
vt 0.6041666666666669 0.8541666666666666
vt 0.8294996446774757 0.8541678006678824
vt 0.8294996446774757 0.8958333333333334
vn -0.15151107713194456 -0.45594021221283504 -0.8770193363852551
vn 0.9489707358734426 0.181173942136258 -0.25812893124681846
vn 0.15151107713194334 0.4559402122128328 0.8770193363852565
vn -0.9489707358734435 -0.1811739421362558 0.25812893124681713
vn -0.2765844101935854 0.8713750774368788 -0.4052240595766001
vn 0.27658441019358654 -0.8713750774368786 0.40522405957660007
usemtl m_5a627fba-2ad4-9dc0-cb5a-175a14284314
f 25/73/19 26/74/19 27/75/19 28/76/19
f 29/77/20 25/78/20 28/79/20 30/80/20
f 31/81/21 29/82/21 30/83/21 32/84/21
f 26/85/22 31/86/22 32/87/22 27/88/22
f 32/89/23 30/90/23 28/91/23 27/92/23
f 26/93/24 25/94/24 29/95/24 31/96/24
o cube
v 0.36869494466021024 0.9345236215996354 -0.5541626138067766
v 0.14628695283507087 0.9080284190194162 -0.49226891430883274
v 0.11191722927216977 1.1364012990841066 -0.5180116876281234
v 0.33432522109730933 1.1628965016643258 -0.5799053871260673
v 0.6383204096023 1.0919095925441928 0.4820790700221409
v 0.6039506860393992 1.320282472608883 0.4563362967028499
v 0.4159124177771605 1.0654143899639734 0.5439727695200847
v 0.38154269421425957 1.293787270028664 0.5182299962007939
vt 0.08333333333333333 0.8124979305491408
vt 0.08333333333333333 0.7350401169582272
vt 0.1607911469242469 0.735040116958227
vt 0.16079090681818897 0.8125
vt 0.5690827342317734 0.8125
vt 0.2083344231542128 0.8125
vt 0.20833333333333334 0.7350404829992729
vt 0.5690837053035408 0.7350407879570995
vt 0.08333333333333333 0.839208853075753
vt 0.16079114692424698 0.839208853075753
vt 0.16079321637510616 0.9166664265606087
vt 0.08333333333333333 0.9166666666666666
vt 0.18750108982087946 0.8392071496659398
vt 0.5482494008984401 0.8392071496659393
vt 0.5482503719702075 0.9166663617088399
vt 0.1875 0.9166666666666666
vt 0.944084094745179 0.7350409336931758
vt 0.944084094745179 0.8125
vt 0.5833333333333334 0.8124938783190901
vt 0.5833349728081367 0.7350360974694403
vt 0.5833333333333334 0.916663867258588
vt 0.5833333333333334 0.8392060863915874
vt 0.9440840947939423 0.8392076003771932
vt 0.9440824552919311 0.9166666666666666
vn -0.24913417874067112 -0.14542478257755428 -0.9574882733461973
vn 0.9571080874669807 0.11401916118437588 -0.26635266056135054
vn 0.24913417874067056 0.14542478257755515 0.9574882733461975
vn -0.9571080874669808 -0.11401916118437573 0.2663526605613504
vn -0.14790628752189683 0.9827773214187854 -0.11078116544073485
vn 0.1479062875218969 -0.9827773214187854 0.11078116544073491
usemtl m_5a627fba-2ad4-9dc0-cb5a-175a14284314
f 33/97/25 34/98/25 35/99/25 36/100/25
f 37/101/26 33/102/26 36/103/26 38/104/26
f 39/105/27 37/106/27 38/107/27 40/108/27
f 34/109/28 39/110/28 40/111/28 35/112/28
f 40/113/29 38/114/29 36/115/29 35/116/29
f 34/117/30 33/118/30 37/119/30 39/120/30
o cube
v 0.5649089759895075 1.4655209276611452 -0.8035004903073263
v 0.5937182020300882 1.2582961731943694 -0.846843433160423
v 0.3823533354987322 1.232636151768663 -0.8646517896442211
v 0.3535441094581515 1.4398609062354393 -0.8213088467911244
v 0.5099346047398812 1.2592358482150232 0.14621826760280143
v 0.29856973820852517 1.2335758267893169 0.12840991111900335
v 0.538743830780462 1.0520110937482472 0.10287532474970468
v 0.32737896424910606 1.0263510723225409 0.0850669682659067
vt 0.19622130672288693 0.7916666666666666
vt 0.1250002560128889 0.7916666666666666
vt 0.125 0.72044768349994
vt 0.19622105070999796 0.7204476834999398
vt 0.25000054990555426 0.7412793192345382
vt 0.57447230343243 0.7412793192345382
vt 0.574472780703901 0.8125
vt 0.25 0.8124981874920313
vt 0.19621898316672678 0.8246122826233352
vt 0.19621898316672684 0.8958333333333334
vt 0.125 0.8958330773204444
vt 0.125 0.8246120266104464
vt 0.5744723034324299 0.8958333333333334
vt 0.25000054990555415 0.8958333333333333
vt 0.25 0.8246144650758401
vt 0.5744727807039008 0.8246126525678715
vt 0.6041666666666666 0.8125
vt 0.6041666666666666 0.7412815061739775
vt 0.9286395007064977 0.7412778233807586
vt 0.9286390560044936 0.8124983525244236
vt 0.9286395006771772 0.82461280418828
vt 0.9286395006771772 0.8958333333333334
vt 0.6041666666666666 0.8958276245270907
vt 0.6041671113559623 0.8246091307024564
vn 0.05647564061380743 0.21191842209326026 -0.9756541827895594
vn -0.13483665203243533 0.9698799985527337 0.20285922625316724
vn -0.05647564061380743 -0.2119184220932603 0.9756541827895594
vn 0.1348366520324372 -0.9698799985527332 -0.20285922625316724
vn -0.9892570845265368 -0.12009733879171904 -0.08334896477583655
vn 0.989257084526537 0.12009733879171815 0.08334896477583628
usemtl m_5a627fba-2ad4-9dc0-cb5a-175a14284314
f 41/121/31 42/122/31 43/123/31 44/124/31
f 45/125/32 41/126/32 44/127/32 46/128/32
f 47/129/33 45/130/33 46/131/33 48/132/33
f 42/133/34 47/134/34 48/135/34 43/136/34
f 48/137/35 46/138/35 44/139/35 43/140/35
f 42/141/36 41/142/36 45/143/36 47/144/36
o cube
v 0.6823672330645436 1.2661420689115923 -1.7685410406965396
v 0.5096437034479258 1.2603548130310076 -1.7915590295392834
v 0.5038825629056622 1.434605238692463 -1.792138892168368
v 0.6766060925222807 1.4403924945730477 -1.7691209033256245
v 0.5540785261622775 1.2651048951073358 -0.8056210910982337
v 0.5483173856200141 1.4393553207687917 -0.8062009537273187
v 0.3813549965456593 1.259317639226751 -0.8286390799409773
v 0.3755938560033962 1.4335680648882065 -0.8292189425700623
vt 0.7291666666666666 0.7916666666666666
vt 0.7291666666666666 0.733551304711854
vt 0.7872820286214793 0.733551304711854
vt 0.7872820286214793 0.7916666666666666
vt 0.2500000564033611 0.7543832997264016
vt 0.5738085766466031 0.7543832997264017
vt 0.5738085180048006 0.8124979166678693
vt 0.25 0.8125
vt 0.625 0.733551304711854
vt 0.6831153619548127 0.733551304711854
vt 0.6831153619548127 0.7916666666666666
vt 0.625 0.7916666666666666
vt 0.5738085766466031 0.8958333333333331
vt 0.2500000564033611 0.8958333333333334
vt 0.25 0.8377166330597349
vt 0.5738085180048007 0.8377187163918657
vt 0.6041666666666666 0.8749980062441977
vt 0.6041666666666666 0.8168825362219843
vt 0.9279778055814069 0.8168845299777867
vt 0.9279778055814066 0.875
vt 0.9279778055814066 0.9002158695553181
vt 0.9279778055814066 0.9583313395775314
vt 0.6041666666666666 0.9583333333333334
vt 0.6041666666666666 0.90021786331112
vn 0.13206187421635068 0.001067678674030712 -0.9912408998022195
vn 0.9906905387340494 0.033193969917441335 0.13202430391393552
vn -0.13206187421634985 -0.0010676786740286815 0.9912408998022196
vn -0.9906905387340492 -0.0331939699174424 -0.13202430391393583
vn -0.0330441801427169 0.999448358057268 -0.003325918719211276
vn 0.03304418014271445 -0.9994483580572681 0.0033259187192104726
usemtl m_5a627fba-2ad4-9dc0-cb5a-175a14284314
f 49/145/37 50/146/37 51/147/37 52/148/37
f 53/149/38 49/150/38 52/151/38 54/152/38
f 55/153/39 53/154/39 54/155/39 56/156/39
f 50/157/40 55/158/40 56/159/40 51/160/40
f 56/161/41 54/162/41 52/163/41 51/164/41
f 50/165/42 49/166/42 53/167/42 55/168/42