# Made in Blockbench 4.8.1
mtllib beech_twig_branch_up.mtl

o cube
v 0.5801126976170219 0.36936204735095846 1.1799661106140171
v 0.9137689721492364 0.9181094037699766 1.023883956249178
v 0.5723645614199484 0.3153185665113568 0.9733990521844338
v 0.9060208359521629 0.8640659229303749 0.8173168978195946
v 0.7294973064988715 1.0242221206490383 1.0030338814525752
v 0.3958410319666571 0.4754747642300201 1.1591160358174144
v 0.7217491703017982 0.9701786398094367 0.7964668230229919
v 0.3880928957695836 0.42143128339041835 0.9525489773878311
vt 0.3912908583333332 0.9018899666666667
vt 0.3645833333333333 0.9018899666666667
vt 0.3645833333333333 0.9374999999999998
vt 0.3912908583333332 0.9374999999999998
vt 0.3808741916666665 0.6041666666666656
vt 0.3808741916666665 0.4940137666666673
vt 0.3541666666666666 0.4940137666666673
vt 0.3541666666666666 0.6041666666666656
vt 0.391290858333333 0.8185566333333331
vt 0.36458333333333315 0.8185566333333331
vt 0.36458333333333315 0.8541666666666663
vt 0.391290858333333 0.8541666666666663
vt 0.34962419166666675 0.2916666666666664
vt 0.34962419166666675 0.18151376666666807
vt 0.32291666666666685 0.18151376666666807
vt 0.32291666666666685 0.2916666666666664
vt 0.3704575249999999 0.06693043333333504
vt 0.34375 0.06693043333333504
vt 0.34375 0.17708333333333337
vt 0.3704575249999999 0.17708333333333337
vt 0.3756658583333332 0.6606804333333349
vt 0.34895833333333326 0.6606804333333349
vt 0.34895833333333326 0.7708333333333334
vt 0.3756658583333332 0.7708333333333334
vn 0.5048380849592092 0.8302812975101372 -0.23615985048183258
vn 0.8624519945706571 -0.49664241107638196 0.09758520677507027
vn -0.5048380849592092 -0.8302812975101372 0.23615985048183258
vn -0.8624519945706571 0.49664241107638196 -0.09758520677507027
vn 0.03626382544373477 0.2529412629942396 0.966801764809656
vn -0.03626382544373477 -0.2529412629942396 -0.966801764809656
usemtl m_3722afce-2475-6df4-1e92-dcadf5eef328
f 4/4/1 7/3/1 5/2/1 2/1/1
f 3/8/2 4/7/2 2/6/2 1/5/2
f 8/12/3 3/11/3 1/10/3 6/9/3
f 7/16/4 8/15/4 6/14/4 5/13/4
f 6/20/5 1/19/5 2/18/5 5/17/5
f 7/24/6 4/23/6 3/22/6 8/21/6
o cube
v 0.8803652674941231 0.8614044473447815 1.0237698189612257
v 1.1396041727236708 1.4833776743769223 0.766080090036739
v 0.8641391146059045 0.800776574354749 0.8611115550968669
v 1.1233780198354522 1.4227498013868898 0.6034218261723803
v 0.977713953237447 1.5476233265077246 0.7582832418783514
v 0.7184750480078996 0.9256500994755839 1.015972970802838
v 0.9614878003492286 1.4869954535176921 0.5956249780139926
v 0.702248895119681 0.8650222264855514 0.853314706938479
vt 0.38637665865333337 0.9084422329066665
vt 0.3645833333333333 0.9084422329066665
vt 0.3645833333333333 0.9374999999999998
vt 0.38637665865333337 0.9374999999999998
vt 0.4072099919866665 0.23958333333333226
vt 0.4072099919866665 0.11934520138000071
vt 0.3854166666666665 0.11934520138000071
vt 0.3854166666666665 0.23958333333333226
vt 0.38637665865333315 0.8251088995733329
vt 0.36458333333333315 0.8251088995733329
vt 0.36458333333333315 0.8541666666666663
vt 0.38637665865333315 0.8541666666666663
vt 0.3333333333333335 0.23392853471333475
vt 0.3333333333333335 0.3541666666666664
vt 0.35512665865333354 0.3541666666666664
vt 0.35512665865333354 0.23392853471333475
vt 0.3551266586533331 0.08809520138000171
vt 0.33333333333333304 0.08809520138000171
vt 0.33333333333333304 0.20833333333333337
vt 0.3551266586533331 0.20833333333333337
vt 0.39158499198666663 0.6297618680466683
vt 0.36979166666666663 0.6297618680466683
vt 0.36979166666666663 0.75
vt 0.39158499198666663 0.75
vn 0.35934094702747404 0.862140843518689 -0.35719357458705964
vn 0.9285539099077665 -0.36849385756566516 0.04472039055481137
vn -0.35934094702747404 -0.862140843518689 0.35719357458705964
vn -0.9285539099077665 0.36849385756566516 -0.04472039055481137
vn 0.09306836296184448 0.3477433577701502 0.9329591828919118
vn -0.09306836296184448 -0.3477433577701502 -0.9329591828919118
usemtl m_3722afce-2475-6df4-1e92-dcadf5eef328
f 12/28/7 15/27/7 13/26/7 10/25/7
f 11/32/8 12/31/8 10/30/8 9/29/8
f 16/36/9 11/35/9 9/34/9 14/33/9
f 15/40/10 16/39/10 14/38/10 13/37/10
f 14/44/11 9/43/11 10/42/11 13/41/11
f 15/48/12 12/47/12 11/46/12 16/45/12
o cube
v 0.6237170231715907 0.03897398057897772 1.557659760238797
v 0.5294825188437051 0.8241365625917867 0.8188061614108246
v 0.6246004393737055 -0.12021619695985031 1.3883793786939462
v 0.5303659350458199 0.6649463850529584 0.6495257798659737
v 0.2979917754567829 0.8087937415361064 0.8320263805173111
v 0.3922262797846685 0.02363115952329753 1.5708799793452837
v 0.29887519165889764 0.6496035639972784 0.6627459989724604
v 0.39310969598678325 -0.1355590180155305 1.401599597800433
vt 0.3645833333333333 0.8987708333333332
vt 0.3936302083333333 0.8987708333333332
vt 0.3936302083333333 0.9374999999999998
vt 0.3645833333333333 0.9374999999999998
vt 0.37279687500000025 0.5173333333333339
vt 0.37279687500000025 0.6977083333333332
vt 0.3437500000000002 0.6977083333333332
vt 0.3437500000000002 0.5173333333333339
vt 0.36458333333333315 0.8154374999999996
vt 0.3936302083333332 0.8154374999999996
vt 0.3936302083333332 0.8541666666666663
vt 0.36458333333333315 0.8541666666666663
vt 0.4248802083333333 0.07983333333333409
vt 0.4248802083333333 0.26020833333333326
vt 0.39583333333333326 0.26020833333333326
vt 0.39583333333333326 0.07983333333333409
vt 0.34375 0.10087500000000083
vt 0.372796875 0.10087500000000083
vt 0.372796875 0.28125
vt 0.34375 0.28125
vt 0.36979166666666663 0.5487916666666675
vt 0.39883854166666666 0.5487916666666675
vt 0.39883854166666666 0.7291666666666667
vt 0.36979166666666663 0.7291666666666667
vn -0.0870727690717357 0.72549095127079 -0.6827014080184576
vn 0.9961946998899289 0.06602612611373934 -0.05689174440661304
vn 0.0870727690717357 -0.72549095127079 0.6827014080184576
vn -0.9961946998899289 -0.06602612611373934 0.05689174440661304
vn -0.003801683494845748 0.6850572459981845 0.7284793181058664
vn 0.003801683494845748 -0.6850572459981845 -0.7284793181058664
usemtl m_3722afce-2475-6df4-1e92-dcadf5eef328
f 20/52/13 23/51/13 21/50/13 18/49/13
f 19/56/14 20/55/14 18/54/14 17/53/14
f 24/60/15 19/59/15 17/58/15 22/57/15
f 23/64/16 24/63/16 22/62/16 21/61/16
f 22/68/17 17/67/17 18/66/17 21/65/17
f 23/72/18 20/71/18 19/70/18 24/69/18
o cube
v 1.1264370666511732 1.4803666402297124 0.7499798417114594
v 1.2943924307108083 2.163421323091759 0.2146692732230362
v 1.0954533086428768 1.4027014564914901 0.641158048843731
v 1.263408672702512 2.0857561393535367 0.10584748035530778
v 1.1627996860357244 2.2030027668507017 0.22388744201131572
v 0.9948443219760892 1.519948083988655 0.7591980104997389
v 1.1318159280274283 2.1253375831124792 0.11506564914358752
v 0.9638605639677928 1.4422829002504327 0.6503762176320107
vt 0.38179902193458337 0.9146271287399997
vt 0.3645833333333333 0.9146271287399997
vt 0.3645833333333333 0.9374999999999998
vt 0.38179902193458337 0.9374999999999998
vt 0.36090465344500006 0.6041666666666656
vt 0.36090465344500006 0.4568452013799994
vt 0.34375 0.4568452013799994
vt 0.34375 0.6041666666666656
vt 0.38179902193458315 0.8312937954066663
vt 0.36458333333333315 0.8312937954066663
vt 0.36458333333333315 0.8541666666666663
vt 0.38179902193458315 0.8541666666666663
vt 0.3541666666666668 0.19642853471333355
vt 0.3541666666666668 0.34374999999999967
vt 0.37132132011166685 0.34374999999999967
vt 0.37132132011166685 0.19642853471333355
vt 0.35054902193458304 0.06101186804666714
vt 0.33333333333333304 0.06101186804666714
vt 0.33333333333333304 0.20833333333333337
vt 0.35054902193458304 0.20833333333333337
vt 0.38700735526791674 0.24851186804666714
vt 0.36979166666666674 0.24851186804666714
vt 0.36979166666666674 0.39583333333333326
vt 0.38700735526791674 0.39583333333333326
vn 0.19001006148110458 0.7727485395434638 -0.6056037245339485
vn 0.9554711092527054 -0.2873937014351315 -0.06693145567533602
vn -0.19001006148110458 -0.7727485395434638 0.6056037245339485
vn -0.9554711092527054 0.2873937014351315 0.06693145567533602
vn 0.22576788061934713 0.5659192124401312 0.7929465991299728
vn -0.22576788061934713 -0.5659192124401312 -0.7929465991299728
usemtl m_3722afce-2475-6df4-1e92-dcadf5eef328
f 28/76/19 31/75/19 29/74/19 26/73/19
f 27/80/20 28/79/20 26/78/20 25/77/20
f 32/84/21 27/83/21 25/82/21 30/81/21
f 31/88/22 32/87/22 30/86/22 29/85/22
f 30/92/23 25/91/23 26/90/23 29/89/23
f 31/96/24 28/95/24 27/94/24 32/93/24
o cube
v 0.3016062698697769 1.628255282233837 0.316037898985299
v -0.09538404771779518 2.281075455267982 -0.0293702066251309
v 0.2835409398569647 1.5330739236874162 0.15690859957395076
v -0.11344937773060737 2.185894096721561 -0.18849950603647914
v -0.23681955937656574 2.222195838894869 0.02190458124180883
v 0.16017075821100635 1.5693756658607239 0.36731268685223895
v -0.2548848893893779 2.127014480348448 -0.1372247181695394
v 0.14210542819819416 1.4741943073143031 0.2081833874408907
vt 0.3645833333333333 0.9064498697916664
vt 0.38477766927083346 0.9064498697916664
vt 0.38477766927083346 0.9374999999999998
vt 0.3645833333333333 0.9374999999999998
vt 0.34620426432291695 0.037124999999999964
vt 0.34620426432291695 0.17687499999999978
vt 0.32291666666666685 0.17687499999999978
vt 0.32291666666666685 0.037124999999999964
vt 0.36458333333333315 0.8231165364583328
vt 0.38477766927083323 0.8231165364583328
vt 0.38477766927083323 0.8541666666666663
vt 0.36458333333333315 0.8541666666666663
vt 0.38787093098958336 0.5683750000000001
vt 0.38787093098958336 0.7081249999999999
vt 0.36458333333333326 0.7081249999999999
vt 0.36458333333333326 0.5683750000000001
vt 0.34375 0.14150000000000018
vt 0.3639443359375001 0.14150000000000018
vt 0.3639443359375001 0.28125
vt 0.34375 0.28125
vt 0.36979166666666663 0.24566666666666703
vt 0.3899860026041667 0.24566666666666703
vt 0.3899860026041667 0.38541666666666685
vt 0.36979166666666663 0.38541666666666685
vn -0.47345297267450526 0.7785571532905735 -0.411935725236053
vn 0.8754652300557358 0.36445625493294875 -0.31738347342561346
vn 0.47345297267450526 -0.7785571532905735 0.411935725236053
vn -0.8754652300557358 -0.36445625493294875 0.31738347342561346
vn 0.09696862187909984 0.5109015534330739 0.8541526146248924
vn -0.09696862187909984 -0.5109015534330739 -0.8541526146248924
usemtl m_3722afce-2475-6df4-1e92-dcadf5eef328
f 36/100/25 39/99/25 37/98/25 34/97/25
f 35/104/26 36/103/26 34/102/26 33/101/26
f 40/108/27 35/107/27 33/106/27 38/105/27
f 39/112/28 40/111/28 38/110/28 37/109/28
f 38/116/29 33/115/29 34/114/29 37/113/29
f 39/120/30 36/119/30 35/118/30 40/117/30
o cube
v -0.06961565221856703 2.1881867213516673 -0.011874035800796046
v -0.24963924425044026 2.7835074203976946 -0.2767528224170228
v -0.08905072223089283 2.1273989190833644 -0.13528696079350389
v -0.26907431426276607 2.722719618129392 -0.40016574740973065
v -0.3860160529874296 2.7575186590876846 -0.24247527401743763
v -0.20599246095555634 2.1621979600416577 0.022403512598789144
v -0.4054511229997554 2.6967308568193817 -0.36588819901014547
v -0.22542753096788215 2.101410157773355 -0.1010094123939187
vt 0.3645833333333333 0.9143437499999998
vt 0.38245833333333334 0.9143437499999998
vt 0.38245833333333334 0.9374999999999998
vt 0.3645833333333333 0.9374999999999998
vt 0.3923671875000002 0.24129166666666746
vt 0.3923671875000002 0.35395833333333315
vt 0.3750000000000002 0.35395833333333315
vt 0.3750000000000002 0.24129166666666746
vt 0.36458333333333315 0.8310104166666663
vt 0.3824583333333331 0.8310104166666663
vt 0.3824583333333331 0.8541666666666663
vt 0.36458333333333315 0.8541666666666663
vt 0.35070052083333325 0.4808750000000007
vt 0.35070052083333325 0.5935416666666666
vt 0.33333333333333326 0.5935416666666666
vt 0.33333333333333326 0.4808750000000007
vt 0.34375 0.1685833333333342
vt 0.361625 0.1685833333333342
vt 0.361625 0.28125
vt 0.34375 0.28125
vt 0.38020833333333326 0.6165000000000009
vt 0.39808333333333323 0.6165000000000009
vt 0.39808333333333323 0.7291666666666667
vt 0.38020833333333326 0.7291666666666667
vn -0.26630708880454834 0.8806519216657269 -0.3918325245802202
vn 0.9536839771817448 0.1817395895804887 -0.23970313566143675
vn 0.26630708880454834 -0.8806519216657269 0.3918325245802202
vn -0.9536839771817448 -0.1817395895804887 0.23970313566143675
vn 0.1398835448480488 0.43751904466614694 0.88826216818863
vn -0.1398835448480488 -0.43751904466614694 -0.88826216818863
usemtl m_3722afce-2475-6df4-1e92-dcadf5eef328
f 44/124/31 47/123/31 45/122/31 42/121/31
f 43/128/32 44/127/32 42/126/32 41/125/32
f 48/132/33 43/131/33 41/130/33 46/129/33
f 47/136/34 48/135/34 46/134/34 45/133/34
f 46/140/35 41/139/35 42/138/35 45/137/35
f 47/144/36 44/143/36 43/142/36 48/141/36
o cube
v 0.5342941950434197 0.7785561096610918 0.8394898273956022
v 0.3123500077108057 1.64611329959164 0.32604522239027567
v 0.5304771857596335 0.6699440829762806 0.6576201948598064
v 0.30853299842701953 1.5375012729068285 0.1441755898544801
v 0.09784473620441259 1.6075361585011474 0.35358533461500063
v 0.3197889235370266 0.7399789685705993 0.8670299396203269
v 0.09402772692062633 1.4989241318163362 0.17171570207920483
v 0.31597191425324034 0.6313669418857883 0.6851603070845314
vt 0.3645833333333333 0.9021888020833333
vt 0.3920432942708333 0.9021888020833333
vt 0.3920432942708333 0.9374999999999998
vt 0.3645833333333333 0.9374999999999998
vt 0.41190006510416677 0.19233333333333313
vt 0.41190006510416677 0.3643749999999998
vt 0.38541666666666685 0.3643749999999998
vt 0.38541666666666685 0.19233333333333313
vt 0.36458333333333315 0.8188554687499997
vt 0.3920432942708332 0.8188554687499997
vt 0.3920432942708332 0.8541666666666663
vt 0.36458333333333315 0.8541666666666663
vt 0.3910667317708332 0.5985833333333332
vt 0.3910667317708332 0.7706249999999999
vt 0.36458333333333326 0.7706249999999999
vt 0.36458333333333326 0.5985833333333332
vt 0.34375 0.10920833333333346
vt 0.3712099609375 0.10920833333333346
vt 0.3712099609375 0.28125
vt 0.34375 0.28125
vt 0.36979166666666663 0.2133750000000001
vt 0.39725162760416666 0.2133750000000001
vt 0.39725162760416666 0.38541666666666663
vt 0.36979166666666663 0.38541666666666663
vn -0.21501011124496408 0.8404525937811077 -0.49740334706255923
vn 0.976445632946347 0.1756063181330433 -0.12536485524964536
vn 0.21501011124496408 -0.8404525937811077 0.49740334706255923
vn -0.976445632946347 -0.1756063181330433 0.12536485524964536
vn 0.01801604735884922 0.512642037525567 0.8584133988930968
vn -0.01801604735884922 -0.512642037525567 -0.8584133988930968
usemtl m_3722afce-2475-6df4-1e92-dcadf5eef328
f 52/148/37 55/147/37 53/146/37 50/145/37
f 51/152/38 52/151/38 50/150/38 49/149/38
f 56/156/39 51/155/39 49/154/39 54/153/39
f 55/160/40 56/159/40 54/158/40 53/157/40
f 54/164/41 49/163/41 50/162/41 53/161/41
f 55/168/42 52/167/42 51/166/42 56/165/42