# Made in Blockbench 4.12.3
mtllib beech_twig_branch_up_3.mtl

o cube
v 0.30802211490351716 2.586887874326259 0.36968064520298294
v 0.4265926447907367 2.605431285705541 0.4372490336228365
v 0.49637338926245406 2.5785200885053454 0.3221816977078152
v 0.37780285937523467 2.5599766771260635 0.25461330928796144
v 0.3238148024138991 1.6676235383526516 0.5942494084466184
v 0.3935955468856164 1.6407123411524558 0.47918207253159706
v 0.4423853323011186 1.686166949731934 0.6618177968664721
v 0.5121660767728358 1.6592557525317382 0.5467504609514509
vt 0.2708333333333333 0.8750000885538365
vt 0.2708333333333333 0.9166666666666666
vt 0.22916666666666666 0.9166665781128301
vt 0.22916666666666674 0.875
vt 0.14583333333333334 0.7916666666666666
vt 0.4613095325258308 0.7916666666666666
vt 0.4613101166020724 0.8333333333333334
vt 0.1458335051415046 0.8333314733116726
vt 0.3333333333333333 0.9583333333333334
vt 0.29166675522050317 0.9583333333333334
vt 0.2916666666666667 0.9166666666666666
vt 0.33333324477949683 0.9166666666666666
vt 0.7529761991924975 0.8958333333333334
vt 0.4375 0.8958333333333333
vt 0.4375001718081713 0.8541685266883273
vt 0.7529767832687391 0.8541666666666666
vt 0.5208333333333334 0.8333333333333334
vt 0.5208333333333334 0.7916748285218034
vt 0.8363088017717889 0.7916666666666666
vt 0.836310865381364 0.8333254310027809
vt 0.8988108654540863 0.9166666666666666
vt 0.8988108654540863 0.9583286263839029
vt 0.5833353969300505 0.9583333333333334
vt 0.5833333333333334 0.9166716332447696
vn -0.016686609334527872 0.9712979402316981 -0.23728014744301254
vn -0.8609191638623284 -0.13464035485876455 -0.4906018427789441
vn 0.016686609334528847 -0.971297940231697 0.23728014744301648
vn 0.8609191638623291 0.13464035485876427 0.4906018427789426
vn 0.50846804261773 -0.19609254484851849 -0.8384557015676655
vn -0.5084680426177279 0.19609254484851874 0.8384557015676669
usemtl m_f932eba6-603b-1ce8-9d3b-86d8ee41d61b
f 1/1/1 2/2/1 3/3/1 4/4/1
f 5/5/2 1/6/2 4/7/2 6/8/2
f 7/9/3 5/10/3 6/11/3 8/12/3
f 2/13/4 7/14/4 8/15/4 3/16/4
f 8/17/5 6/18/5 4/19/5 3/20/5
f 2/21/6 1/22/6 5/23/6 7/24/6
o cube
v 0.8436474523373305 1.9898039562284822 -1.033738819434241
v 0.7725209947513316 2.120887874779991 -0.9716264182435648
v 0.9171028676707955 2.144835639996904 -0.8566022135796072
v 0.9882293252567947 2.013751721445395 -0.9187146147702829
v 0.2957026263751332 1.2978724574509455 -0.20093060699831267
v 0.4402844992945973 1.321820222667858 -0.08590640233435481
v 0.22457616878913408 1.4289563760024537 -0.13881820580763674
v 0.3691580417085982 1.452904141219366 -0.02379400114367869
vt 0.18750136412055474 0.27123303585478753
vt 0.24135232409117124 0.2712330358547873
vt 0.2413509599706166 0.33333333333333337
vt 0.1875 0.33333333333333337
vt 0.041666666666666664 0.8545648315918295
vt 0.44616726030249326 0.8545648315918293
vt 0.44616684572878146 0.9166641761770856
vt 0.04166782626486539 0.9166666666666666
vt 0.08333333333333333 0.33333333333333337
vt 0.08333333333333333 0.27948237336271686
vt 0.14543363081187932 0.2794810092421619
vt 0.14543363081187932 0.3333319692127784
vt 0.4461672603024933 0.8333333333333334
vt 0.041666666666666664 0.8333333333333331
vt 0.04166782626486546 0.7712314982584959
vt 0.4461668457287815 0.7712339887480769
vt 0.47916666666666674 0.8124971080997427
vt 0.4791666666666667 0.7586454904537493
vt 0.8836668669960933 0.7586500868995474
vt 0.883665669163769 0.8125
vt 0.8836668669982646 0.8419834202195583
vt 0.8836668669982647 0.8958333333333334
vt 0.4791666666666667 0.8958289321153066
vt 0.4791678645369064 0.8419773144826358
vn 0.45154085369773 0.5701948898043159 -0.6862861247926912
vn 0.4402624194113765 -0.8113903754820353 -0.38446672239501184
vn -0.4515408536977316 -0.5701948898043172 0.6862861247926891
vn -0.44026241941137495 0.8113903754820354 0.38446672239501345
vn 0.7760669168931026 0.1285435576610733 0.6174112845485324
vn -0.7760669168931035 -0.128543557661072 -0.6174112845485316
usemtl m_f932eba6-603b-1ce8-9d3b-86d8ee41d61b
f 9/25/7 10/26/7 11/27/7 12/28/7
f 13/29/8 9/30/8 12/31/8 14/32/8
f 15/33/9 13/34/9 14/35/9 16/36/9
f 10/37/10 15/38/10 16/39/10 11/40/10
f 16/41/11 14/42/11 12/43/11 11/44/11
f 10/45/12 9/46/12 13/47/12 15/48/12
o cube
v 0.32780540021206667 1.3176438466176232 -0.28379262239677355
v 0.21796745913821197 1.4581888044290636 -0.15556662411820849
v 0.39991824515618796 1.5173731775721209 -0.06457856675756024
v 0.5097561862300426 1.3768282197606803 -0.19280456503612528
v 0.24326268814079935 0.7757319958963463 0.2377629253724594
v 0.42521347415877536 0.8349163690394035 0.32875098273310743
v 0.13342474706694468 0.9162769537077866 0.3659889236510244
v 0.3153755330849208 0.9754613268508441 0.4569769810116727
vt 0.1875 0.762711541958527
vt 0.2607266378475168 0.762711541958527
vt 0.26072737815283514 0.8333333333333334
vt 0.1875007403053183 0.8333333333333334
vt 0.3125000014623234 0.7418763335343641
vt 0.5647859431982224 0.7418763335343641
vt 0.5647851845104862 0.8125
vt 0.3125 0.8124980591529036
vt 0.1875 0.9374992596946816
vt 0.1875 0.8642726218471648
vt 0.25812179137480634 0.8642733621524832
vt 0.25812179137480634 0.9375
vt 0.5856192765315557 0.9166666666666666
vt 0.33333333479565663 0.9166666666666665
vt 0.3333333333333333 0.846044941048127
vt 0.5856185178438195 0.8460430002010306
vt 0.6458333333333334 0.8124911063923544
vt 0.6458333333333334 0.7392653305995955
vt 0.8981202910170452 0.7392726707332213
vt 0.8981189028541413 0.8125
vt 0.9189536244441934 0.8434367798308567
vt 0.918953624444193 0.9166641091107931
vt 0.6666666666666666 0.9166666666666666
vt 0.666668054800121 0.8434408908870651
vn 0.11170200814552551 0.7160007111245436 -0.689104957931232
vn 0.49999133886174385 -0.6397722038431085 -0.5836952871601525
vn -0.11170200814552508 -0.7160007111245436 0.689104957931232
vn -0.49999133886174485 0.639772203843108 0.5836952871601522
vn 0.858796438301591 0.27934657481143393 0.4294579941060848
vn -0.8587964383015902 -0.27934657481143454 -0.4294579941060854
usemtl m_f932eba6-603b-1ce8-9d3b-86d8ee41d61b
f 17/49/13 18/50/13 19/51/13 20/52/13
f 21/53/14 17/54/14 20/55/14 22/56/14
f 23/57/15 21/58/15 22/59/15 24/60/15
f 18/61/16 23/62/16 24/63/16 19/64/16
f 24/65/17 22/66/17 20/67/17 19/68/17
f 18/69/18 17/70/18 21/71/18 23/72/18
o cube
v 0.2316685115720032 0.7490502526479866 0.24046454209055462
v 0.10862502092631272 0.8990575378263493 0.3683561150269339
v 0.30321340244549805 1.0155952464710065 0.418878039639888
v 0.4262568930911885 0.865587961292644 0.2909864667035088
v 0.4378419156473435 -0.1263167170847798 1.4655626027586968
v 0.6324302971665289 -0.0097790084401225 1.516084527371651
v 0.314798425001653 0.02369056809358308 1.5934541756950766
v 0.5093868065208385 0.1402282767382403 1.6439761003080302
vt 0.16666666666666674 0.7350413298767857
vt 0.2441253367898811 0.7350413298767857
vt 0.2441253367898811 0.8125
vt 0.16666666666666666 0.8125
vt 0.3958333333333333 0.2142072825433231
vt 0.902416183895319 0.214207282543323
vt 0.9024166651118493 0.2916637274040501
vt 0.3958340177513103 0.29166666666666663
vt 0.14583333333333334 0.9166666666666666
vt 0.14583333333333334 0.8392079965434524
vt 0.22329200345654768 0.8392079965434522
vt 0.22329200345654768 0.9166666666666666
vt 0.9024161838953187 0.39583333333333315
vt 0.3958333333333333 0.39583333333333337
vt 0.39583401775131016 0.31837394920998996
vt 0.9024166651118491 0.3183768884726059
vt 0.375 0.8124964091621215
vt 0.37500000000000006 0.735038715372176
vt 0.8815829989470387 0.7350423062100546
vt 0.8815829989470387 0.8125
vt 0.8607496656137054 0.8392053820388427
vt 0.8607496656137054 0.916663075828788
vt 0.3541666666666668 0.9166666666666666
vt 0.3541666666666667 0.8392089728767212
vn -0.1356627103637707 0.5759940580574238 -0.8061181514513224
vn 0.5295039941718794 -0.6455396887718675 -0.5503671777789321
vn 0.1356627103637715 -0.5759940580574249 0.8061181514513214
vn -0.529503994171878 0.6455396887718686 0.5503671777789323
vn 0.8373894847517385 0.5015070840006763 0.21741549053449838
vn -0.8373894847517384 -0.5015070840006766 -0.2174154905344985
usemtl m_f932eba6-603b-1ce8-9d3b-86d8ee41d61b
f 25/73/19 26/74/19 27/75/19 28/76/19
f 29/77/20 25/78/20 28/79/20 30/80/20
f 31/81/21 29/82/21 30/83/21 32/84/21
f 26/85/22 31/86/22 32/87/22 27/88/22
f 32/89/23 30/90/23 28/91/23 27/92/23
f 26/93/24 25/94/24 29/95/24 31/96/24
o cube
v 0.39202475976125517 1.0466957328448139 0.6680113732116412
v 0.27203508522526293 1.123170170556696 0.8274002669446666
v 0.4487522566124385 1.1804159732855755 0.9329684461980843
v 0.5687419311484307 1.1039415355736935 0.7735795524650586
v 0.4144370788930519 0.17598854508859607 1.1026469858385077
v 0.5911542502802273 0.2332343478174756 1.2082151650919255
v 0.29444740435705974 0.2524629828004784 1.2620358795715334
v 0.47116457574423526 0.3097087855293579 1.3676040588249507
vt 0.10416833445155087 0.7412791355245241
vt 0.17538877964979505 0.7412791355245241
vt 0.17538586335725856 0.8125
vt 0.10416666666666667 0.8124983322151159
vt 0.20833366691309718 0.7412802212919121
vt 0.5328073279418298 0.7412802212919121
vt 0.5328069943620659 0.8125
vt 0.20833333333333334 0.8125
vt 0.10416666666666667 0.9375
vt 0.10416666666666667 0.8662795548017558
vt 0.17538586335725856 0.8662778870168716
vt 0.17538753114214267 0.9374970837074635
vt 0.5328073279418298 0.9375
vt 0.2083336669130972 0.9375
vt 0.20833333333333334 0.8662802212919122
vt 0.532806994362066 0.8662802212919122
vt 0.5833333333333334 0.8333333333333334
vt 0.5833333333333334 0.7621133676545665
vt 0.9078065378044317 0.7621095881617702
vt 0.9078065378044317 0.833329553840537
vt 0.9078065378044317 0.8662800343212332
vt 0.9078065378044317 0.9375
vt 0.5833333333333334 0.9374962205072037
vt 0.5833333333333334 0.8662762548284368
vn -0.023024366660999225 0.8944849226613658 -0.4465048730656258
vn 0.5615911364680586 -0.357925517770191 -0.7459924390833028
vn 0.023024366660999614 -0.8944849226613655 0.446504873065626
vn -0.5615911364680584 0.35792551777019127 0.7459924390833028
vn 0.8270944770583191 0.2679291825472385 0.49409379591247093
vn -0.8270944770583187 -0.26792918254723863 -0.4940937959124712
usemtl m_f932eba6-603b-1ce8-9d3b-86d8ee41d61b
f 33/97/25 34/98/25 35/99/25 36/100/25
f 37/101/26 33/102/26 36/103/26 38/104/26
f 39/105/27 37/106/27 38/107/27 40/108/27
f 34/109/28 39/110/28 40/111/28 35/112/28
f 40/113/29 38/114/29 36/115/29 35/116/29
f 34/117/30 33/118/30 37/119/30 39/120/30
o cube
v 0.29863194386516495 1.733376972592268 0.5847777434133805
v 0.44968641239891466 1.7649367848807218 0.6659150567070717
v 0.5367248022596786 1.7066477677095875 0.5265470295563525
v 0.38567033372592885 1.6750879554211338 0.44540971626266146
v 0.2914569681048804 1.1239276294738827 0.8351917415304437
v 0.3784953579656444 1.0656386123027484 0.6958237143797247
v 0.4425114366386301 1.1554874417623364 0.9163290548241347
v 0.5295498264993941 1.097198424591202 0.7769610276734155
vt 0.30811646760104766 0.7543835323989524
vt 0.30811646760104766 0.8125
vt 0.25000000000000006 0.8125
vt 0.25 0.7543835323989524
vt 0.39583358804714225 0.7543847064188315
vt 0.6154768841373283 0.7543847064188316
vt 0.6154766294235192 0.8125
vt 0.3958333333333333 0.8125
vt 0.30811646760104766 0.8958333333333334
vt 0.25000000000000006 0.8958333333333334
vt 0.25 0.8377168657322857
vt 0.30811646760104766 0.8377168657322858
vt 0.6154768841373283 0.8958333333333334
vt 0.39583358804714225 0.8958333333333334
vt 0.3958333333333333 0.8377180397521649
vt 0.6154766294235193 0.837718039752165
vt 0.6666666666666666 0.8125
vt 0.6666666666666666 0.7543825313645692
vt 0.8863100324795572 0.7543835735396297
vt 0.8863104326210101 0.8124989976299778
vt 0.8863104326227055 0.8377153547586382
vt 0.8863104326227053 0.8958307788503638
vt 0.6666670668221967 0.8958333333333334
vt 0.6666666666666666 0.8377158646992802
vn 0.010888848461994526 0.9249092629987404 -0.380031956811922
vn -0.8664032812555982 -0.18101765004335313 -0.4653793770702723
vn -0.01088884846199435 -0.9249092629987402 0.38003195681192253
vn 0.8664032812555983 0.18101765004335293 0.4653793770702724
vn 0.49922618842434846 -0.33432837987809183 -0.7993733465655379
vn -0.49922618842435007 0.33432837987809144 0.7993733465655369
usemtl m_f932eba6-603b-1ce8-9d3b-86d8ee41d61b
f 41/121/31 42/122/31 43/123/31 44/124/31
f 45/125/32 41/126/32 44/127/32 46/128/32
f 47/129/33 45/130/33 46/131/33 48/132/33
f 42/133/34 47/134/34 48/135/34 43/136/34
f 48/137/35 46/138/35 44/139/35 43/140/35
f 42/141/36 41/142/36 45/143/36 47/144/36