# Made in Blockbench 4.12.3
mtllib birch_twig_branch_down.mtl

o cube
v 0.5638579152725043 0.619242015791369 -0.15093499525197385
v 0.4823756208541312 0.9057434398054891 0.7590561144486592
v 0.4869159624738353 1.0106701175440405 0.7264275702573684
v 0.5683982568922084 0.7241686935299203 -0.18356353944326465
v 0.6759507759808878 0.6176669466592908 -0.14040209781426982
v 0.6804911176005919 0.7225936243978421 -0.17303064200556062
v 0.5944684815625148 0.9041683706734109 0.7695890118863633
v 0.5990088231822188 1.0090950484119623 0.7369604676950725
vt 0.125 0.8175074074771346
vt 0.4441674582847559 0.8175074074771346
vt 0.44416682825476933 0.8541666666666666
vt 0.12500135783496988 0.8541660432320727
vt 0.916666989991556 0.9216752259057367
vt 0.9542001866405818 0.9216752259057367
vt 0.9541998633156922 0.9583333333333337
vt 0.9166666666666662 0.9583333333333337
vt 0.4583333333333333 0.7341740741438014
vt 0.7775007916180892 0.7341740741438012
vt 0.7774994337831194 0.7708327098987394
vt 0.4583339633633199 0.7708333333333334
vt 0.9166666666666662 0.9166666666666669
vt 0.9166666666666662 0.8791334700176411
vt 0.9533247740942631 0.8791331466927513
vt 0.9533247740942631 0.9166663433417771
vt 0.8191669305169166 0.8333333333333334
vt 0.5 0.8333333333333334
vt 0.5000015013314395 0.79580065200246
vt 0.8191663507877397 0.7958007492880627
vt 0.7983330060139711 0.8958333333333334
vt 0.47916815655765604 0.8958333333333334
vt 0.4791666666666667 0.8583006520020041
vt 0.7983335971835684 0.8583007492882412
vn -0.9955168201681273 0.0139884717367567 -0.09354455313277524
vn 0.085099002003523 -0.2992181974037818 -0.9503823600006662
vn 0.9955168201681273 -0.013988471736756571 0.09354455313277524
vn -0.08509900200352394 0.2992181974037818 0.9503823600006662
vn 0.04128462934731303 0.9540821730862082 -0.29668634343149985
vn -0.041284629347313036 -0.9540821730862081 0.2966863434314999
usemtl m_b7a113dc-eb57-371d-4122-893a741f1434
f 1/1/1 2/2/1 3/3/1 4/4/1
f 5/5/2 1/6/2 4/7/2 6/8/2
f 7/9/3 5/10/3 6/11/3 8/12/3
f 2/13/4 7/14/4 8/15/4 3/16/4
f 8/17/5 6/18/5 4/19/5 3/20/5
f 2/21/6 1/22/6 5/23/6 7/24/6
o cube
v 0.623669895861109 1.0254332872999512 0.6900609660936281
v 0.6236699021796306 0.8568088703383268 0.7751713193378271
v 0.46213490217963077 0.8568088673805403 0.7751713254699528
v 0.46213489586110906 1.0254332843421647 0.6900609722257538
v 0.6232660898542565 1.0842876833702144 1.5480545030762631
v 0.46253876485425655 1.0842876804272168 1.5480545091777285
v 0.4625387701557618 0.9395208617886888 1.617881733259278
v 0.6232660951557617 0.9395208647316863 1.6178817271578128
vt 0.25 0.8125
vt 0.25 0.75
vt 0.30384375 0.75
vt 0.30384375 0.8125
vt 0.6408375 0.4373645833333334
vt 0.3541666666666667 0.4375
vt 0.3541666666666667 0.3836562499999999
vt 0.6408375 0.38378958333333335
vt 0.10416666666666667 0.8422583333333334
vt 0.15774375 0.8422583333333334
vt 0.15774375 0.8958333333333334
vt 0.10416666666666667 0.8958333333333334
vt 0.557379917525839 0.2205343180152176
vt 0.5758298591813161 0.27083333333333304
vt 0.29357796588084367 0.27083333333333337
vt 0.2708333333333333 0.21212249438158937
vt 0.5783366924615451 0.20833333333333337
vt 0.2916666666666667 0.20833333333333337
vt 0.3161242707304554 0.1503151764891365
vt 0.598256703348237 0.15859721528172488
vt 0.9072541666666667 0.36295624999999987
vt 0.9072541666666667 0.4165333333333333
vt 0.625 0.41666666666666663
vt 0.625 0.36282291666666655
vn -2.5638931091651228e-8 -0.4505908288435042 -0.8927305892385021
vn -2.0865457219274392e-8 0.9976556067673434 -0.0684345693760371
vn 2.623703076562813e-8 0.43444525740442697 0.9006982393225829
vn 0.9999998709832696 0.00022071483326004934 0.0004575132858715631
vn -0.999999870146304 0.0002295979493629459 0.0004549639073485567
vn 2.1931045615451652e-8 -0.9952178164560227 0.09768059074609396
usemtl m_b7a113dc-eb57-371d-4122-893a741f1434
f 9/25/7 10/26/7 11/27/7 12/28/7
f 13/29/8 9/30/8 12/31/8 14/32/8
f 15/33/9 16/34/9 13/35/9 14/36/9
f 13/37/10 16/38/10 10/39/10 9/40/10
f 14/41/11 12/42/11 11/43/11 15/44/11
f 16/45/12 15/46/12 11/47/12 10/48/12
o cube
v 0.6405801178336581 0.36183085993542063 -0.7408985096351424
v 0.5789174298396897 0.6652584169533067 -0.10474940718233305
v 0.5789174298396897 0.7260842033814474 -0.13376181906568002
v 0.6405801178336581 0.42265664636356126 -0.7699109215184894
v 0.7114772709763673 0.3645011898999371 -0.7353000464405821
v 0.7114772709763673 0.4253269763280777 -0.7643124583239291
v 0.6498145829823991 0.667928746917823 -0.0991509439877728
v 0.6498145829823991 0.7287545333459637 -0.12816335587111977
vt 0.3541674973192947 0.7916666666666666
vt 0.5899990478499529 0.7916666666666666
vt 0.5900000989106077 0.8124991707915864
vt 0.3541666666666667 0.8125
vt 0.8958333333333323 0.9583333333333336
vt 0.8958333333333323 0.9375001275766119
vt 0.9166666666666656 0.9375000000000002
vt 0.9166666666666656 0.9583332057567218
vt 0.5899990478499529 0.875
vt 0.3541674973192947 0.875
vt 0.3541666666666667 0.8541666666666666
vt 0.5900000989106076 0.8541674958750802
vt 0.9166667942432789 0.8958333333333334
vt 0.9375000000000004 0.8958333333333334
vt 0.9374998724233886 0.9166666666666666
vt 0.9166666666666671 0.9166666666666666
vt 0.8608328301397017 0.7916666666666666
vt 0.625 0.7916666666666666
vt 0.6250007948706595 0.7708333333333335
vt 0.8608336250103612 0.7708333333333334
vt 0.8608336250103612 0.875
vt 0.6250007948706594 0.8749999999999999
vt 0.625 0.8541666666666666
vt 0.8608328301397017 0.8541666666666667
vn -0.9961946980917457 -0.03752151440343603 -0.07866549085061868
vn 0.08715574274765868 -0.4288728721100873 -0.8991506748449609
vn 0.9961946980917457 0.03752151440343608 0.07866549085061837
vn -0.08715574274765775 0.4288728721100861 0.8991506748449617
vn 0 0.9025852843498603 -0.4305110968082961
vn 5.512380957169511e-16 -0.9025852843498602 0.43051109680829613
usemtl m_b7a113dc-eb57-371d-4122-893a741f1434
f 17/49/13 18/50/13 19/51/13 20/52/13
f 21/53/14 17/54/14 20/55/14 22/56/14
f 23/57/15 21/58/15 22/59/15 24/60/15
f 18/61/16 23/62/16 24/63/16 19/64/16
f 24/65/17 22/66/17 20/67/17 19/68/17
f 18/69/18 17/70/18 21/71/18 23/72/18
o cube
v 0.999792419607088 0.5808582815046632 0.292203347190819
v 1.2470781536932043 0.3532427776340905 -0.14983043289951437
v 1.2741983285807046 0.31536863535853166 -0.1151562178877471
v 1.026912594494588 0.5429841392291044 0.3268775622025861
v 1.0440740179446912 0.6178209218807811 0.2979425862537374
v 1.0711941928321913 0.5799467796052222 0.33261680126550464
v 1.2913597520308076 0.39020541801020825 -0.14409119383659597
v 1.3184799269183076 0.3523312757346494 -0.1094169788248287
vt 0.5600981148308944 0.875
vt 0.37500048545608683 0.875
vt 0.375 0.8556426127381661
vt 0.5600987379536327 0.8556443766346388
vt 0.9359891931985986 0.9374999999999988
vt 0.9166677599671313 0.9374999999999988
vt 0.9166666666666657 0.9181446701860311
vt 0.9359881329195363 0.9181417240928311
vt 0.52083381878942 0.7723092794048326
vt 0.7059314481642277 0.7723092794048328
vt 0.7059320712869659 0.791664902770194
vt 0.5208333333333334 0.7916666666666666
vt 0.9360249425738338 0.8973452334351989
vt 0.9360249425738338 0.9166666666666664
vt 0.9166666666666661 0.9166656063876041
vt 0.916669612759866 0.8973441401347335
vt 0.6250004787222917 0.8348442212605537
vt 0.8100996743153613 0.8348442212605537
vt 0.8100991955930695 0.8541666666666666
vt 0.625 0.8541666666666666
vt 0.5833333333333334 0.8765108879272204
vt 0.7684325289264029 0.8765108879272203
vt 0.7684330076486946 0.8958333333333333
vt 0.5833338120556251 0.8958333333333334
vn -0.7639261011646882 -0.6376627495693186 -0.0990107558349846
vn -0.44532290525996004 0.4098998991610011 0.7960336567750322
vn 0.7639261011646897 0.6376627495693168 0.09901075583498631
vn 0.4453229052599602 -0.4098998991610026 -0.7960336567750315
vn 0.46701651149626977 -0.652202645256442 0.5970990600481251
vn -0.4670165114962708 0.652202645256441 -0.5970990600481253
usemtl m_b7a113dc-eb57-371d-4122-893a741f1434
f 25/73/19 26/74/19 27/75/19 28/76/19
f 29/77/20 25/78/20 28/79/20 30/80/20
f 31/81/21 29/82/21 30/83/21 32/84/21
f 26/85/22 31/86/22 32/87/22 27/88/22
f 32/89/23 30/90/23 28/91/23 27/92/23
f 26/93/24 25/94/24 29/95/24 31/96/24
o cube
v 0.5284748653907867 0.9535243903290405 0.7998444621179175
v 0.9950444904906852 0.5662450566559931 0.25624689842498083
v 1.0269986095655015 0.5138143322103099 0.321026727725955
v 0.560428984465603 0.9010936658833573 0.8646242914188917
v 0.5929902984635236 1.0108229534997297 0.8143963891041195
v 0.6249444175383398 0.9583922290540463 0.8791762184050937
v 1.059559923563422 0.6235436198266824 0.27079882541118283
v 1.0915140426382384 0.571112895380999 0.335578654712157
vt 0.4797854877142768 0.875
vt 0.20833333333333334 0.875
vt 0.2083341264890183 0.8452487164102294
vt 0.479784969986964 0.8452470971932754
vt 0.9458371555612325 0.9375000000000004
vt 0.9166688605918036 0.9375000000000003
vt 0.9166666666666661 0.9077476025205203
vt 0.9458349616360949 0.9077476025205203
vt 0.2916666666666667 0.7827470971932754
vt 0.5631188210476101 0.7827470971932754
vt 0.5631183033202973 0.8125
vt 0.29166745982235165 0.812498380783046
vt 0.9464190641461463 0.8874983716972368
vt 0.9464190641461463 0.9166666666666656
vt 0.9166666666666662 0.916664472741528
vt 0.9166666666666664 0.8874961777720991
vt 0.6041671595981809 0.8041649131723355
vt 0.8756174924378824 0.8041649131723355
vt 0.8756186851693767 0.8333333333333334
vt 0.6041666666666666 0.8333321090711068
vt 0.5208333333333334 0.8874982465113447
vt 0.7922853518388041 0.8874982465113448
vt 0.792284027556271 0.9166666666666666
vt 0.5208336947193303 0.9166654424120424
vn -0.7372771049967072 -0.654803304619041 -0.16629823422892373
vn -0.5729328990006795 0.4755669024035629 0.6675207971149343
vn 0.7372771049967074 0.6548033046190403 0.16629823422892479
vn 0.5729328990006787 -0.4755669024035618 -0.6675207971149358
vn 0.35800888772536327 -0.5874255302574656 0.7257829446269619
vn -0.3580088877253642 0.5874255302574647 -0.7257829446269622
usemtl m_b7a113dc-eb57-371d-4122-893a741f1434
f 33/97/25 34/98/25 35/99/25 36/100/25
f 37/101/26 33/102/26 36/103/26 38/104/26
f 39/105/27 37/106/27 38/107/27 40/108/27
f 34/109/28 39/110/28 40/111/28 35/112/28
f 40/113/29 38/114/29 36/115/29 35/116/29
f 34/117/30 33/118/30 37/119/30 39/120/30
o cube
v -0.20211887505043163 0.5229462807239424 0.513518510851092
v -0.07401672138880777 0.7222602524823281 0.7913893035770436
v -0.08749024692100421 0.7638598265924452 0.7677618160068382
v -0.21559240058262807 0.5645458548340594 0.48989102328088685
v -0.15899079251957704 0.5248474925467042 0.49227216726409295
v -0.17246431805177348 0.5664470666568211 0.4686446796938877
v -0.030888638857953177 0.72416146430509 0.7701429599900445
v -0.04436216439014962 0.7657610384152069 0.7465154724198393
vt 0.4791666666666667 0.8167660178720095
vt 0.6008909093575973 0.8167660178720094
vt 0.6008904141224927 0.8333333333333334
vt 0.47916791650329166 0.8333321953515952
vt 0.9166666666666666 0.9166666666666675
vt 0.9166666666666666 0.9006279941917729
vt 0.9332330150136984 0.900627874851316
vt 0.9332330150136984 0.9166665473262107
vt 0.8717242426909305 0.7916666666666666
vt 0.75 0.7916666666666666
vt 0.750001249836625 0.7751004891870811
vt 0.871723747455826 0.7750993512053428
vt 0.9166667860071227 0.900100318319635
vt 0.9327054584820175 0.900100318319635
vt 0.9327053391415605 0.9166666666666669
vt 0.9166666666666657 0.9166666666666667
vt 0.8300576066179466 0.8541666666666666
vt 0.7083335978348141 0.8541666666666666
vt 0.7083333333333334 0.8381289479988222
vt 0.8300573421164659 0.8381289479988222
vt 0.6842240087831325 0.9166666666666666
vt 0.5625 0.9166666666666666
vt 0.5625002645014807 0.9006289479988222
vt 0.6842242732846132 0.9006289479988222
vn -0.8963542041121124 -0.03951391089601537 0.441574219827475
vn -0.35080237824575755 -0.545812957174315 -0.7609375185898971
vn 0.8963542041121121 0.03951391089601596 -0.441574219827476
vn 0.3508023782457569 0.545812957174315 0.7609375185898976
vn -0.27108454804297105 0.8369748303421858 -0.47538016490594925
vn 0.27108454804296944 -0.8369748303421863 0.47538016490594953
usemtl m_b7a113dc-eb57-371d-4122-893a741f1434
f 41/121/31 42/122/31 43/123/31 44/124/31
f 45/125/32 41/126/32 44/127/32 46/128/32
f 47/129/33 45/130/33 46/131/33 48/132/33
f 42/133/34 47/134/34 48/135/34 43/136/34
f 48/137/35 46/138/35 44/139/35 43/140/35
f 42/141/36 41/142/36 45/143/36 47/144/36
o cube
v -0.08616240283083293 0.6896614063671047 0.7911751739686177
v 0.16778179455481257 0.8335087384679731 1.1849846941971414
v 0.15338275072326646 0.9108771867666039 1.1660092990790067
v -0.10056144666237904 0.7670298546657355 0.7721997788504831
v -0.01976275197689409 0.6913650785973595 0.7477357092803083
v -0.0341617958084402 0.7687335268959903 0.7287603141621735
v 0.2341814454087514 0.8352124106982282 1.1415452295088317
v 0.2197824015772053 0.9125808589968587 1.1225698343906971
vt 0.4166666666666667 0.7916666666666667
vt 0.5800558900045337 0.7916666666666666
vt 0.5800573358586381 0.8124979902911414
vt 0.41666673249235653 0.8125
vt 0.9166666666666669 0.9583333333333341
vt 0.9166666666666669 0.9375005258916601
vt 0.9375000000000001 0.9375000000000008
vt 0.9375000000000001 0.9583328074416749
vt 0.538389223337867 0.875
vt 0.375 0.875
vt 0.37500006582568973 0.8541666666666666
vt 0.5383906691919713 0.854168676375525
vt 0.9166671925583268 0.8958333333333343
vt 0.9375000000000009 0.8958333333333343
vt 0.9374994741083417 0.9166666666666675
vt 0.9166666666666675 0.9166666666666675
vt 0.830056130940194 0.8124999999999999
vt 0.6666666666666666 0.8125
vt 0.6666672212167369 0.7916683028699453
vt 0.83005683746291 0.7916666666666666
vt 0.7883905072151257 0.8958333333333333
vt 0.6250008909557413 0.8958333333333334
vt 0.625 0.8750016362017572
vt 0.7883894642603161 0.875
vn -0.8366364373960655 -0.021466291567503615 0.5473378024105027
vn -0.5180747811176276 -0.2934647684795832 -0.8034158019550941
vn 0.8366364373960657 0.021466291567502207 -0.5473378024105024
vn 0.5180747811176286 0.293464768479584 0.8034158019550931
vn -0.17787071931922896 0.955728846476637 -0.2344021740967794
vn 0.17787071931922857 -0.9557288464766371 0.23440217409678
usemtl m_b7a113dc-eb57-371d-4122-893a741f1434
f 49/145/37 50/146/37 51/147/37 52/148/37
f 53/149/38 49/150/38 52/151/38 54/152/38
f 55/153/39 53/154/39 54/155/39 56/156/39
f 50/157/40 55/158/40 56/159/40 51/160/40
f 56/161/41 54/162/41 52/163/41 51/164/41
f 50/165/42 49/166/42 53/167/42 55/168/42
o cube
v 0.14562475003817088 0.8238940393868384 1.19174388923711
v 0.47557606770180283 0.9811135456756332 1.563102553218898
v 0.4699677248664854 1.0782420470979512 1.5269649422422944
v 0.14001640720285358 0.9210225408091566 1.1556062782605068
v 0.22418227787871814 0.8053776092213716 1.1297848775155772
v 0.21857393504340072 0.90250611064369 1.0936472665389738
v 0.5541335955423499 0.9625971155101665 1.501143541497365
v 0.5485252527070326 1.0597256169324847 1.4650059305207617
vt 0.2916666666666667 0.9029062866437256
vt 0.4653500376843193 0.9029062866437256
vt 0.46535078882168307 0.9375
vt 0.29166741780403044 0.9375
vt 0.9166666666666666 0.923738775724977
vt 0.9505838074547123 0.923738775724977
vt 0.9505818022104258 0.9583333333333334
vt 0.9166667064644313 0.9583329357395874
vt 0.5278500376843193 0.875
vt 0.3541666666666667 0.875
vt 0.35416741780403044 0.8404062866437257
vt 0.5278507888216831 0.8404062866437257
vt 0.916666666666666 0.9166666666666661
vt 0.916666666666666 0.8827495258786204
vt 0.9512608266812763 0.8827495656763852
vt 0.9512612242750222 0.9166646614223797
vt 0.7986849303116453 0.875
vt 0.625 0.875
vt 0.6250000855636185 0.8410828505742849
vt 0.7986850158752637 0.8410828505742849
vt 0.7153516825419306 0.9375
vt 0.5416667522302852 0.9375
vt 0.5416666666666666 0.9035828505742848
vt 0.7153515969783121 0.9035828505742849
vn -0.7720641556810538 0.1819796576458654 0.6089337761330005
vn -0.6332431007842491 -0.301735929927636 -0.7127121465920546
vn 0.7720641556810537 -0.1819796576458636 -0.6089337761330011
vn 0.6332431007842512 0.30173592992763687 0.7127121465920523
vn -0.054038086768968936 0.935862614272949 -0.34819685866554106
vn 0.0540380867689671 -0.9358626142729484 0.3481968586655431
usemtl m_b7a113dc-eb57-371d-4122-893a741f1434
f 57/169/43 58/170/43 59/171/43 60/172/43
f 61/173/44 57/174/44 60/175/44 62/176/44
f 63/177/45 61/178/45 62/179/45 64/180/45
f 58/181/46 63/182/46 64/183/46 59/184/46
f 64/185/47 62/186/47 60/187/47 59/188/47
f 58/189/48 57/190/48 61/191/48 63/192/48