# Made in Blockbench 4.8.1
mtllib birch_twig_branch_down_9.mtl

o cube
v -0.44666049502758876 1.0698660583862578 0.5939008971543144
v -0.5104976215792808 0.9394689360997148 0.5568294596844682
v -0.40763646423756983 1.089487076311772 0.45768534656967025
v 0.2871253232724055 0.899611297654246 0.7683372000835006
v 0.2233852346733909 0.7424004942996653 0.7390685436136182
v 0.2626053661206461 0.7621201103052072 0.6021684927747799
v 0.3263454547196607 0.919330913659788 0.6314371492446623
v -0.47147359078926193 0.959089954025229 0.4206139090998241
vt 0.37655625 0.46875
vt 0.375 0.43832812500000007
vt 0.3951921875 0.43832812500000007
vt 0.3967484375 0.46875
vt 0.3515625 0.33333333333333337
vt 0.35156250000000006 0.1932356192277389
vt 0.3717526148091518 0.1928498731317917
vt 0.3716510627343553 0.3329495274599533
vt 0.359375 0.035712499999999925
vt 0.37946562500000003 0.035712499999999925
vt 0.37946562500000003 0.0625
vt 0.359375 0.0625
vt 0.4141731866479985 0.8850547469683184
vt 0.39554537122936395 0.8950895815805116
vt 0.392118012540416 0.7540370297317198
vt 0.4138984219401892 0.744973079366806
vt 0.4004312972714556 0.5666181819336209
vt 0.4040983636175972 0.7066329028581091
vt 0.3820298653718557 0.698634465885478
vt 0.3815823936790532 0.5575211060345582
vt 0.35607890625 0.7916666666666666
vt 0.33598828125 0.7916666666666666
vt 0.3359375 0.6505395833333334
vt 0.3561296875 0.6505395833333334
vn 0.8947959912585333 -0.3997932153016265 0.1987599532764246
vn 0.17874847622874623 0.9653241885580969 0.19025822776046597
vn -0.8625997039961637 0.4731731750973746 -0.17896618963927313
vn -0.2732135399413274 -0.1369404196485931 0.952156333308347
vn 0.2470684160566975 0.07962051044331199 -0.9657213739500546
vn -0.20815709745563366 -0.9579237806025274 -0.19761744187952351
usemtl m_890a103a-2c95-a057-8483-4c3958a0f191
f 4/1/1 5/2/1 6/3/1 7/4/1
f 1/5/2 4/6/2 7/7/2 3/8/2
f 8/9/3 2/10/3 1/11/3 3/12/3
f 1/13/4 2/14/4 5/15/4 4/16/4
f 3/17/5 7/18/5 6/19/5 8/20/5
f 2/21/6 8/22/6 6/23/6 5/24/6
o cube
v 0.9151109554980337 0.6464932998858477 1.0309505707033226
v 0.9616079150253545 0.6471699628349215 0.9273326280165421
v 0.8808642230577566 0.5359788083175512 1.0148611758478578
v 0.9273611825850774 0.5366554712666249 0.9112432331610774
v 0.286649536802859 0.9001833499630267 0.6261076972678423
v 0.24015257727553807 0.899506687013953 0.7297256399546228
v 0.2524028043625818 0.7896688583947304 0.6100183024123771
v 0.20590584483526087 0.7889921954456567 0.7136362450991576
vt 0.41303906250000005 0.7194990885416674
vt 0.41303906250000005 0.8497041666666667
vt 0.3984375 0.8497041666666667
vt 0.3984375 0.7194990885416674
vt 0.35835156250000005 0.6328584635416667
vt 0.35835156250000005 0.6517875
vt 0.34375 0.6517875
vt 0.34375 0.6328584635416667
vt 0.37397656250000005 0.7403324218750009
vt 0.37397656250000005 0.8705375000000001
vt 0.359375 0.8705375000000001
vt 0.359375 0.7403324218750009
vt 0.35835156250000005 0.5391084635416667
vt 0.35835156250000005 0.5580375
vt 0.34375 0.5580375
vt 0.34375 0.5391084635416667
vt 0.38138427734375 0.3653324218750008
vt 0.38138427734375 0.4955375000000001
vt 0.3671875 0.4955375000000001
vt 0.3671875 0.3653324218750008
vt 0.36575927734375 0.22991575520833418
vt 0.36575927734375 0.36012083333333333
vt 0.3515625 0.36012083333333333
vt 0.3515625 0.22991575520833418
vn 0.4093971328974762 0.005957892174132701 -0.9123368298474899
vn 0.863968323332883 -0.32386523215478097 0.3855775507971084
vn -0.4093971328974762 -0.005957892174132701 0.9123368298474899
vn -0.863968323332883 0.32386523215478097 -0.3855775507971084
vn 0.2931769497294988 0.9460844650041409 0.13773692760162634
vn -0.2931769497294988 -0.9460844650041409 -0.13773692760162634
usemtl m_890a103a-2c95-a057-8483-4c3958a0f191
f 12/28/7 15/27/7 13/26/7 10/25/7
f 11/32/8 12/31/8 10/30/8 9/29/8
f 16/36/9 11/35/9 9/34/9 14/33/9
f 15/40/10 16/39/10 14/38/10 13/37/10
f 14/44/11 9/43/11 10/42/11 13/41/11
f 15/48/12 12/47/12 11/46/12 16/45/12
o cube
v 1.3264067707449108 0.40247068539250497 0.8112954857679298
v 1.3044010692134966 0.417600633212039 0.7442755844820377
v 1.288908480576902 0.3412764881968464 0.8097931136796226
v 1.2669027790454879 0.35640643601638056 0.7427732123937303
v 0.9400941141078689 0.6366879004997816 0.9133538556290275
v 0.962099815639283 0.6215579526802475 0.9803737569149196
v 0.9025958239398602 0.575493703304123 0.9118514835407203
v 0.9246015254712743 0.5603637554845888 0.9788713848266124
vt 0.36834814453125014 0.8151208333333334
vt 0.36834814453125014 0.8913708333333333
vt 0.359375 0.8913708333333333
vt 0.359375 0.8151208333333334
vt 0.38397314453125014 0.8793467447916667
vt 0.38397314453125014 0.8913708333333333
vt 0.375 0.8913708333333333
vt 0.375 0.8793467447916667
vt 0.42303564453125014 0.6901208333333335
vt 0.42303564453125014 0.7663708333333333
vt 0.4140625 0.7663708333333333
vt 0.4140625 0.6901208333333335
vt 0.38397314453125014 0.8793467447916667
vt 0.38397314453125014 0.8913708333333333
vt 0.375 0.8913708333333333
vt 0.375 0.8793467447916667
vt 0.40745556640625 0.7005375
vt 0.40745556640625 0.7767875000000001
vt 0.3984375 0.7767875000000001
vt 0.3984375 0.7005375
vt 0.36839306640625 0.5859541666666668
vt 0.36839306640625 0.6622041666666667
vt 0.359375 0.6622041666666667
vt 0.359375 0.5859541666666668
vn -0.3050224479962099 0.20971718240298443 -0.9289671735983747
vn 0.796299355422138 -0.4788792727600934 -0.36956999157812037
vn 0.3050224479962099 -0.20971718240298443 0.9289671735983747
vn -0.796299355422138 0.4788792727600934 0.36956999157812037
vn 0.5223683018452471 0.852463105081808 0.020928729096514942
vn -0.5223683018452471 -0.852463105081808 -0.020928729096514942
usemtl m_890a103a-2c95-a057-8483-4c3958a0f191
f 20/52/13 23/51/13 21/50/13 18/49/13
f 19/56/14 20/55/14 18/54/14 17/53/14
f 24/60/15 19/59/15 17/58/15 22/57/15
f 23/64/16 24/63/16 22/62/16 21/61/16
f 22/68/17 17/67/17 18/66/17 21/65/17
f 23/72/18 20/71/18 19/70/18 24/69/18
o cube
v 1.012946168556538 0.2773336444769907 0.25537062823619594
v 0.9895008204146829 0.28803375396138564 0.19343661315437555
v 0.9712914270510091 0.23450488071677955 0.26373981686954684
v 0.9478460789091543 0.24520499020117437 0.20180580178772645
v 0.6990909156409946 0.6025848867890522 0.35771617532254973
v 0.7225362637828496 0.5918847773046574 0.4196501904043701
v 0.6574361741354657 0.559756123028841 0.36608536395590063
v 0.6808815222773208 0.549056013544446 0.428019379037721
vt 0.40597849609375003 0.6586958333333337
vt 0.40597849609375003 0.7351208333333334
vt 0.3984375 0.7351208333333334
vt 0.3984375 0.6586958333333337
vt 0.39816599609375003 0.7239404947916668
vt 0.39816599609375003 0.7351208333333334
vt 0.390625 0.7351208333333334
vt 0.390625 0.7239404947916668
vt 0.36691599609375003 0.8045291666666671
vt 0.36691599609375003 0.8809541666666667
vt 0.359375 0.8809541666666667
vt 0.359375 0.8045291666666671
vt 0.35129099609375003 0.5468571614583333
vt 0.35129099609375003 0.5580375
vt 0.34375 0.5580375
vt 0.34375 0.5468571614583333
vt 0.42244775390625 0.6899458333333337
vt 0.42244775390625 0.7663708333333333
vt 0.4140625 0.7663708333333333
vt 0.4140625 0.6899458333333337
vt 0.37557275390625 0.8253625000000003
vt 0.37557275390625 0.9017875000000001
vt 0.3671875 0.9017875000000001
vt 0.3671875 0.8253625000000003
vn -0.34950265674692155 0.15950783369272017 -0.9232578967533932
vn 0.6333222217286879 -0.6859691044110084 -0.3582587769450985
vn 0.34950265674692155 -0.15950783369272017 0.9232578967533932
vn -0.6333222217286879 0.6859691044110084 0.3582587769450985
vn 0.6904714739882327 0.709932136745629 -0.13872816882055017
vn -0.6904714739882327 -0.709932136745629 0.13872816882055017
usemtl m_890a103a-2c95-a057-8483-4c3958a0f191
f 28/76/19 31/75/19 29/74/19 26/73/19
f 27/80/20 28/79/20 26/78/20 25/77/20
f 32/84/21 27/83/21 25/82/21 30/81/21
f 31/88/22 32/87/22 30/86/22 29/85/22
f 30/92/23 25/91/23 26/90/23 29/89/23
f 31/96/24 28/95/24 27/94/24 32/93/24
o cube
v 0.7387696343438619 0.5910901224328424 0.4260519516563266
v 0.7022883018645083 0.605104002786949 0.34540288535424246
v 0.7006655014333909 0.5255692864056454 0.4319030843029299
v 0.6641841689540375 0.5395831667597519 0.35125401800084566
v 0.23255648295355136 0.901859949944537 0.6094498976270639
v 0.2690378154329047 0.8878460695904304 0.6900989639291484
v 0.19445235004308037 0.83633911391734 0.6153010302736672
v 0.23093368252243374 0.8223252335632334 0.6959500965757515
vt 0.41575258242187507 0.7055093333333338
vt 0.41575258242187507 0.8080375000000001
vt 0.40625 0.8080375000000001
vt 0.40625 0.7055093333333338
vt 0.36887758242187507 0.6622041666666667
vt 0.36887758242187507 0.6472676822916668
vt 0.359375 0.6472676822916668
vt 0.359375 0.6622041666666667
vt 0.35325258242187507 0.5580375
vt 0.35325258242187507 0.45550933333333377
vt 0.34375 0.45550933333333377
vt 0.34375 0.5580375
vt 0.35325258242187507 0.5580375
vt 0.35325258242187507 0.543101015625
vt 0.34375 0.543101015625
vt 0.34375 0.5580375
vt 0.4140625 0.8080375000000001
vt 0.4140625 0.7055093333333338
vt 0.42526486328125 0.7055093333333338
vt 0.42526486328125 0.8080375000000001
vt 0.359375 0.9330375000000001
vt 0.359375 0.8305093333333338
vt 0.37057736328125 0.8305093333333338
vt 0.37057736328125 0.9330375000000001
vn -0.40707183345426445 0.15637191905705133 -0.8999112985948108
vn 0.7635817456844527 -0.4823974341320665 -0.4292267852782287
vn 0.40707183345426445 -0.15637191905705133 0.8999112985948108
vn -0.7635817456844527 0.4823974341320665 0.4292267852782287
vn 0.5012339175132381 0.8618819747930766 -0.0769676650361618
vn -0.5012339175132381 -0.8618819747930766 0.0769676650361618
usemtl m_890a103a-2c95-a057-8483-4c3958a0f191
f 36/100/25 39/99/25 37/98/25 34/97/25
f 35/104/26 36/103/26 34/102/26 33/101/26
f 40/108/27 35/107/27 33/106/27 38/105/27
f 39/112/28 40/111/28 38/110/28 37/109/28
f 38/116/29 33/115/29 34/114/29 37/113/29
f 39/120/30 36/119/30 35/118/30 40/117/30
o cube
v 1.3260998194384146 0.38529061967385203 1.1961723169879745
v 1.3546205532973765 0.38170485922413944 1.1280725654005457
v 1.2944111981501796 0.3241375428319695 1.1861208493416862
v 1.3229319320091415 0.3205517823822569 1.118021097754257
v 0.9365247332291655 0.6292793498571272 0.9399346922082965
v 0.9080039993702036 0.6328651103068397 1.0080344437957254
v 0.9048361119409305 0.5681262730152445 0.9298832245620081
v 0.8763153780819686 0.5717120334649572 0.997982976149437
vt 0.4227631640625001 0.7663708333333333
vt 0.4227631640625001 0.6795291666666674
vt 0.4140625 0.6795291666666674
vt 0.4140625 0.7663708333333333
vt 0.3993256640625001 0.7351208333333334
vt 0.3993256640625001 0.722801171875
vt 0.390625 0.722801171875
vt 0.390625 0.7351208333333334
vt 0.3833954882812501 0.9017875000000001
vt 0.3833954882812501 0.814945833333334
vt 0.37469482421875 0.814945833333334
vt 0.37469482421875 0.9017875000000001
vt 0.3524506640625001 0.5580375
vt 0.3524506640625001 0.5457178385416668
vt 0.34375 0.5457178385416668
vt 0.34375 0.5580375
vt 0.39765625 0.6691125000000007
vt 0.39765625 0.7559541666666667
vt 0.40689599609375 0.7559541666666667
vt 0.40689599609375 0.6691125000000007
vt 0.3828125 0.6274458333333339
vt 0.3828125 0.7142875
vt 0.39205224609375 0.7142875
vt 0.39205224609375 0.6274458333333339
vn 0.38584304116124457 -0.04850999710016517 -0.9212881893136285
vn 0.802410171899461 -0.47514536154493714 0.361074509533155
vn -0.38584304116124457 0.04850999710016517 0.9212881893136285
vn -0.802410171899461 0.47514536154493714 -0.361074509533155
vn 0.45526153320890134 0.8785691012001693 0.14440661618017175
vn -0.45526153320890134 -0.8785691012001693 -0.14440661618017175
usemtl m_890a103a-2c95-a057-8483-4c3958a0f191
f 44/124/31 47/123/31 45/122/31 42/121/31
f 43/128/32 44/127/32 42/126/32 41/125/32
f 48/132/33 43/131/33 41/130/33 46/129/33
f 47/136/34 48/135/34 46/134/34 45/133/34
f 46/140/35 41/139/35 42/138/35 45/137/35
f 47/144/36 44/143/36 43/142/36 48/141/36
o cube
v 1.5913196086189347 0.11196955423129062 1.3160167101118385
v 1.6119515660560122 0.10771047530891709 1.2642087200398666
v 1.5570034083201332 0.0727897000886586 1.3055715974515174
v 1.5776353657572106 0.06853062116628506 1.2537636073795455
v 1.3272966431532969 0.3935143665427805 1.1273524248464024
v 1.3066646857162194 0.3977734454651539 1.1791604149183743
v 1.2929804428544953 0.35433451240014846 1.1169073121860813
v 1.2723484854174179 0.3585935913225219 1.168715302258053
vt 0.41636903750000004 0.6970159973958339
vt 0.41636903750000004 0.7680093333333338
vt 0.42300907109375 0.7680093333333338
vt 0.42300907109375 0.6970159973958339
vt 0.33043153750000004 0.6292387500000001
vt 0.33043153750000004 0.63856
vt 0.33707157109375 0.63856
vt 0.33707157109375 0.6292387500000001
vt 0.40074403750000004 0.6761826640625006
vt 0.40074403750000004 0.7471760000000005
vt 0.40738407109375 0.7471760000000005
vt 0.40738407109375 0.6761826640625006
vt 0.35386903750000004 0.5354887500000001
vt 0.35386903750000004 0.54481
vt 0.36050907109375 0.54481
vt 0.36050907109375 0.5354887500000001
vt 0.375 0.8203774973958335
vt 0.375 0.8913708333333333
vt 0.3819909374999999 0.8913708333333333
vt 0.3819909374999999 0.8203774973958335
vt 0.3125 0.8724608307291669
vt 0.3125 0.9434541666666667
vt 0.3194909374999999 0.9434541666666667
vt 0.3194909374999999 0.8724608307291669
vn 0.36890541213316713 -0.07615357243526961 -0.9263419618608477
vn 0.6682667679149398 -0.6709641298479891 0.3212890651078106
vn -0.36890541213316713 0.07615357243526961 0.9263419618608477
vn -0.6682667679149398 0.6709641298479891 -0.3212890651078106
vn 0.6460095384739907 0.7375688238142099 0.19663139713165056
vn -0.6460095384739907 -0.7375688238142099 -0.19663139713165056
usemtl m_890a103a-2c95-a057-8483-4c3958a0f191
f 52/148/37 55/147/37 53/146/37 50/145/37
f 51/152/38 52/151/38 50/150/38 49/149/38
f 56/156/39 51/155/39 49/154/39 54/153/39
f 55/160/40 56/159/40 54/158/40 53/157/40
f 54/164/41 49/163/41 50/162/41 53/161/41
f 55/168/42 52/167/42 51/166/42 56/165/42
o cube
v 1.1458706953430764 0.10196664654396337 0.1750254739740279
v 1.130910372547377 0.10958295673374352 0.12993408027255127
v 1.109111471312704 0.06918338778835953 0.18168400379209093
v 1.0941511485170046 0.07679969797813968 0.1365926100906143
v 0.9875447469281333 0.2860509482004596 0.207306516834321
v 1.002505069723833 0.27843463801067947 0.2523979105357975
v 0.9507855228977609 0.2532676894448558 0.21396504665238403
v 0.9657458456934602 0.24565137925507563 0.25905644035386055
vt 0.40465028750000004 0.7159260000000003
vt 0.40465028750000004 0.7559541666666667
vt 0.3984375 0.7559541666666667
vt 0.3984375 0.7159260000000003
vt 0.40465028750000004 0.7375183333333333
vt 0.40465028750000004 0.7455375
vt 0.3984375 0.7455375
vt 0.3984375 0.7375183333333333
vt 0.42808778750000004 0.7159260000000003
vt 0.42808778750000004 0.7559541666666667
vt 0.421875 0.7559541666666667
vt 0.421875 0.7159260000000003
vt 0.34996278750000004 0.5500183333333333
vt 0.34996278750000004 0.5580375
vt 0.34375 0.5580375
vt 0.34375 0.5500183333333333
vt 0.404451875 0.726342666666667
vt 0.404451875 0.7663708333333333
vt 0.3984375 0.7663708333333333
vt 0.3984375 0.726342666666667
vt 0.404451875 0.726342666666667
vt 0.404451875 0.7663708333333333
vt 0.3984375 0.7663708333333333
vt 0.3984375 0.726342666666667
vn -0.31092845881116804 0.15829388319193843 -0.937158759253377
vn 0.5969364306769179 -0.7347659001233188 -0.322158299205019
vn 0.31092845881116804 -0.15829388319193843 0.937158759253377
vn -0.5969364306769179 0.7347659001233188 0.322158299205019
vn 0.7395879874849328 0.6595923881913635 -0.13396824328175932
vn -0.7395879874849328 -0.6595923881913635 0.13396824328175932
usemtl m_890a103a-2c95-a057-8483-4c3958a0f191
f 60/172/43 63/171/43 61/170/43 58/169/43
f 59/176/44 60/175/44 58/174/44 57/173/44
f 64/180/45 59/179/45 57/178/45 62/177/45
f 63/184/46 64/183/46 62/182/46 61/181/46
f 62/188/47 57/187/47 58/186/47 61/185/47
f 63/192/48 60/191/48 59/190/48 64/189/48
o cube
v 1.5629219839825588 0.13894978912854272 0.6751549656274731
v 1.5487491602447747 0.1451080215506062 0.6323241376229147
v 1.5299614808289164 0.10477061464522253 0.6811473807406105
v 1.5157886570911323 0.11092884706728601 0.6383165527360521
v 1.2900876397963508 0.4163916562629394 0.7569211174281034
v 1.3042604635341348 0.410233423840876 0.7997519454326618
v 1.2571271366427081 0.3822124817796192 0.7629135325412411
v 1.2712999603804924 0.3760542493575557 0.8057443605457992
vt 0.3809824218750001 0.8255375000000001
vt 0.3809824218750001 0.8913708333333333
vt 0.375 0.8913708333333333
vt 0.375 0.8255375000000001
vt 0.3809824218750001 0.8837819661458334
vt 0.3809824218750001 0.8913708333333333
vt 0.375 0.8913708333333333
vt 0.375 0.8837819661458334
vt 0.4122324218750001 0.7109541666666668
vt 0.4122324218750001 0.7767875000000001
vt 0.40625 0.7767875000000001
vt 0.40625 0.7109541666666668
vt 0.3809824218750001 0.8837819661458334
vt 0.3809824218750001 0.8913708333333333
vt 0.375 0.8913708333333333
vt 0.375 0.8837819661458334
vt 0.404129150390625 0.7005375
vt 0.404129150390625 0.7663708333333333
vt 0.3984375 0.7663708333333333
vt 0.3984375 0.7005375
vt 0.380691650390625 0.8255375000000001
vt 0.380691650390625 0.8913708333333333
vt 0.375 0.8913708333333333
vt 0.375 0.8255375000000001
vn -0.3112634904879458 0.1352470724529871 -0.9406504498920718
vn 0.6548392922744917 -0.6867940119299584 -0.31543539191187064
vn 0.3112634904879458 -0.1352470724529871 0.9406504498920718
vn -0.6548392922744917 0.6867940119299584 0.31543539191187064
vn 0.6886948096092375 0.7141583959949283 -0.12520880419222769
vn -0.6886948096092375 -0.7141583959949283 0.12520880419222769
usemtl m_890a103a-2c95-a057-8483-4c3958a0f191
f 68/196/49 71/195/49 69/194/49 66/193/49
f 67/200/50 68/199/50 66/198/50 65/197/50
f 72/204/51 67/203/51 65/202/51 70/201/51
f 71/208/52 72/207/52 70/206/52 69/205/52
f 70/212/53 65/211/53 66/210/53 69/209/53
f 71/216/54 68/215/54 67/214/54 72/213/54
o cube
v 1.7726002343732303 -0.07176383744722925 1.3734510056018605
v 1.7827271023782059 -0.07489236454483572 1.3401664445380286
v 1.7474672421696162 -0.09843654733100315 1.368311319407711
v 1.7575941101745922 -0.10156507442860963 1.3350267583438793
v 1.6015122227807397 0.10983155075572215 1.2676687800446556
v 1.5913853547757641 0.11296007785332862 1.3009533411084875
v 1.576379230577126 0.08315884087194836 1.2625290938505063
v 1.5662523625721505 0.08628736796955472 1.295813654914338
vt 0.3874383734375001 0.8809541666666667
vt 0.3874383734375001 0.8361652578125004
vt 0.3828125 0.8361652578125004
vt 0.3828125 0.8809541666666667
vt 0.3483758734375001 0.8705375000000001
vt 0.3483758734375001 0.8647155989583332
vt 0.34375 0.8647155989583332
vt 0.34375 0.8705375000000001
vt 0.3874383734375001 0.8705375000000001
vt 0.3874383734375001 0.8257485911458337
vt 0.3828125 0.8257485911458337
vt 0.3828125 0.8705375000000001
vt 0.3483758734375001 0.8913708333333333
vt 0.3483758734375001 0.8855489322916665
vt 0.34375 0.8855489322916665
vt 0.34375 0.8913708333333333
vt 0.359375 0.8361652578125004
vt 0.359375 0.8809541666666667
vt 0.3637414257812501 0.8809541666666667
vt 0.3637414257812501 0.8361652578125004
vt 0.359375 0.846581924479167
vt 0.359375 0.8913708333333333
vt 0.3637414257812501 0.8913708333333333
vt 0.3637414257812501 0.846581924479167
vn 0.28990725230180087 -0.08956201405737449 -0.9528548843873378
vn 0.6743294423905473 -0.6873871233836891 0.26977536160952625
vn -0.28990725230180087 0.08956201405737449 0.9528548843873378
vn -0.6743294423905473 0.6873871233836891 -0.26977536160952625
vn 0.6791418027099154 0.7207479366909654 0.1388842092091206
vn -0.6791418027099154 -0.7207479366909654 -0.1388842092091206
usemtl m_890a103a-2c95-a057-8483-4c3958a0f191
f 76/220/55 79/219/55 77/218/55 74/217/55
f 75/224/56 76/223/56 74/222/56 73/221/56
f 80/228/57 75/227/57 73/226/57 78/225/57
f 79/232/58 80/231/58 78/230/58 77/229/58
f 78/236/59 73/235/59 74/234/59 77/233/59
f 79/240/60 76/239/60 75/238/60 80/237/60