# Made in Blockbench 4.12.3
mtllib birch_twig_branch_up_2.mtl

o cube
v 0.0888036165084336 0.7144946273477022 0.11689793677634008
v 0.27916216674028504 0.3485104940307713 0.839999234323145
v 0.2982557879449088 0.43599519531404096 0.8792515197536281
v 0.10789723771305726 0.8019793286309718 0.15615022220682295
v 0.17989103900765435 0.7070615048935269 0.08915676878425893
v 0.198984660212278 0.7945462061767965 0.1284090542147418
v 0.3702495892395059 0.341077371576596 0.8122580663310639
v 0.3893432104441297 0.4285620728598656 0.8515103517615468
vt 0.6316670469062621 0.9166666666666666
vt 0.3541670326263575 0.9166666666666666
vt 0.3541666666666667 0.884077046377984
vt 0.6316666809465712 0.884077046377984
vt 0.8333333333333343 0.8632420985547018
vt 0.8651697173494598 0.8632420985547018
vt 0.865170538060512 0.8958333333333334
vt 0.8333341540443863 0.8958333333333333
vt 0.3541670326263575 0.6965770463779841
vt 0.6316670469062621 0.6965770463779839
vt 0.6316666809465712 0.7291666666666667
vt 0.3541666666666667 0.7291666666666667
vt 0.8333333333333327 0.7708325126222824
vt 0.8333333333333327 0.7389961286061566
vt 0.8659245681119643 0.7389969493172088
vt 0.8659245681119643 0.7708333333333345
vt 0.22916666666666666 0.7598312401852624
vt 0.5066656813045569 0.7598312401852622
vt 0.5066659769137147 0.7916666666666663
vt 0.22916696227582456 0.7916666666666666
vt 0.2708336289424911 0.8223312401852624
vt 0.5483326435803813 0.8223312401852624
vt 0.5483323479712235 0.8541666666666666
vt 0.2708333333333333 0.8541666666666666
vn -0.95371697995094 0.07782737620731653 0.29045967304592085
vn -0.2286589191974211 0.439620580560881 -0.8685901472033754
vn 0.95371697995094 -0.0778273762073162 -0.29045967304592074
vn 0.2286589191974208 -0.43962058056088127 0.8685901472033754
vn 0.19529214225033553 0.8948053669150622 0.4014776886892665
vn -0.19529214225033628 -0.8948053669150622 -0.4014776886892666
usemtl m_0fe3be19-a370-d37b-e00d-14451a020c1d
f 1/1/1 2/2/1 3/3/1 4/4/1
f 5/5/2 1/6/2 4/7/2 6/8/2
f 7/9/3 5/10/3 6/11/3 8/12/3
f 2/13/4 7/14/4 8/15/4 3/16/4
f 8/17/5 6/18/5 4/19/5 3/20/5
f 2/21/6 1/22/6 5/23/6 7/24/6
o cube
v -0.12030688153631097 0.5952348493460273 0.12111812396350707
v 0.2407863787536615 0.6100571979504088 0.40165012811812106
v 0.21198248694579358 0.5784068617441962 0.4403980191168466
v -0.14911077334417888 0.563584513139815 0.15986601496223263
v -0.1403350117949888 0.641997646527265 0.14442700948901765
v -0.16913890360285672 0.6103473103210526 0.1831749004877432
v 0.2207582484949837 0.6568199951316465 0.42495901364363164
v 0.1919543566871158 0.6251696589254339 0.4637069046423572
vt 0.3333333333333333 0.7307560586297261
vt 0.48583222773961704 0.7307560586297261
vt 0.48583245434645117 0.75
vt 0.33333355994016745 0.75
vt 0.8519865482584513 0.7083333333333321
vt 0.833334242933811 0.7083333333333321
vt 0.8333333333333331 0.6890899161452284
vt 0.8519856386579736 0.6890899161452284
vt 0.5899988944062838 0.8125
vt 0.4375 0.8124999999999999
vt 0.43750022660683413 0.793256058629726
vt 0.5899991210131179 0.7932560586297261
vt 0.8525767505214373 0.7521810280086921
vt 0.8525767505214373 0.7708333333333326
vt 0.8333333333333336 0.7708324237328549
vt 0.8333333333333336 0.7521801184082144
vt 0.5483332468265921 0.7291666666666667
vt 0.3958333333333333 0.7291666666666667
vt 0.3958335502904236 0.7105130698204778
vt 0.5483334637836824 0.7105130698204776
vt 0.7566667971170157 0.7499999999999998
vt 0.6041668836237569 0.75
vt 0.6041666666666666 0.731346403153811
vt 0.7566665801599254 0.7313464031538108
vn 0.35791981474495876 -0.8356911747571936 -0.41654971689568615
vn -0.789274885879729 -0.03239857618444001 -0.613184708534681
vn -0.35791981474495715 0.8356911747571953 0.416549716895684
vn 0.7892748858797293 0.0323985761844393 0.6131847085346808
vn -0.4989374316810438 -0.5482431875492494 0.6711861489731166
vn 0.4989374316810436 0.5482431875492494 -0.6711861489731166
usemtl m_0fe3be19-a370-d37b-e00d-14451a020c1d
f 9/25/7 10/26/7 11/27/7 12/28/7
f 13/29/8 9/30/8 12/31/8 14/32/8
f 15/33/9 13/34/9 14/35/9 16/36/9
f 10/37/10 15/38/10 16/39/10 11/40/10
f 16/41/11 14/42/11 12/43/11 11/44/11
f 10/45/12 9/46/12 13/47/12 15/48/12
o cube
v -0.3944703944458936 0.5214406351936502 -0.045570167973288445
v -0.12398236722847583 0.59585545937422 0.13290927362770222
v -0.13759053885304817 0.5741803295636672 0.16256982401503905
v -0.40807856607046594 0.4997655053830974 -0.015909617585951552
v -0.4139658941491043 0.5549771081965078 -0.030007095345545853
v -0.4275740657736766 0.5333019783859547 -0.0003465449582089608
v -0.14347786693168652 0.6293919323770774 0.1484723462554448
v -0.15708603855625886 0.6077168025665245 0.17813289664278176
vt 0.3541666666666667 0.7786071538011682
vt 0.4650005408821389 0.7786071538011682
vt 0.46500121318462234 0.7916666666666666
vt 0.3541673389691502 0.7916666666666666
vt 0.8472670224298596 0.7083333333333337
vt 0.8333342641432809 0.7083333333333337
vt 0.833333333333334 0.6952754753396353
vt 0.8472655589274732 0.6952725776173712
vt 0.5900005408821388 0.75
vt 0.4791666666666667 0.75
vt 0.4791673389691502 0.7369404871345016
vt 0.5900012131846224 0.7369404871345016
vt 0.8463940890492957 0.7569005750467556
vt 0.8463940890492957 0.7708333333333341
vt 0.8333333333333331 0.7708318698309479
vt 0.8333362310555974 0.7568996442368087
vt 0.6108338418691341 0.7916666666666666
vt 0.5 0.7916666666666666
vt 0.5000006976001826 0.7777354601453937
vt 0.6108339797131132 0.7777334534190123
vt 0.6941675653003956 0.8333333333333334
vt 0.5833342831692984 0.8333333333333334
vt 0.5833333333333334 0.8194021268269746
vt 0.6941671751843006 0.8194001200904585
vn 0.46643438542260696 -0.8023679522178869 -0.3723501488506612
vn -0.8134978262178094 -0.22380398249795624 -0.5367802754917077
vn -0.46643438542260807 0.8023679522178849 0.37235014885066475
vn 0.813497826217809 0.22380398249795755 0.5367802754917075
vn -0.34736184424075084 -0.5532788145878417 0.7571144579876526
vn 0.34736184424075206 0.5532788145878398 -0.7571144579876536
usemtl m_0fe3be19-a370-d37b-e00d-14451a020c1d
f 17/49/13 18/50/13 19/51/13 20/52/13
f 21/53/14 17/54/14 20/55/14 22/56/14
f 23/57/15 21/58/15 22/59/15 24/60/15
f 18/61/16 23/62/16 24/63/16 19/64/16
f 24/65/17 22/66/17 20/67/17 19/68/17
f 18/69/18 17/70/18 21/71/18 23/72/18
o cube
v 0.44593085782726616 0.5199044010457974 -0.415793754079688
v 0.4806842632912669 0.5389453647010207 -0.0856636395615854
v 0.48210302813469363 0.5857201305159112 -0.08851083066711862
v 0.447349622670693 0.5666791668606879 -0.4186409451852212
v 0.49386328990973394 0.5181495357810135 -0.4207384739023372
v 0.4952820547531608 0.564924301595904 -0.4235856650078704
v 0.5286166953737346 0.5371904994362369 -0.09060835938423462
v 0.5300354602171615 0.5839652652511274 -0.09345555048976784
vt 0.35416683110290603 0.7343722195538092
vt 0.46499900812146694 0.7343722195538089
vt 0.46499872428391914 0.7499979200910825
vt 0.3541666666666667 0.75
vt 0.8541666666666669 0.8802063133305944
vt 0.8702398312251353 0.8802063133305944
vt 0.8702402486954736 0.8958333333333331
vt 0.8541670841370049 0.8958333333333331
vt 0.46499900812146694 0.8333333333333334
vt 0.35416683110290603 0.8333333333333331
vt 0.3541666666666667 0.8177055528871423
vt 0.46499872428391925 0.8177076327960598
vt 0.854166666666667 0.8958329158629946
vt 0.854166666666667 0.8797597513045261
vt 0.8697936866694057 0.8797601687748643
vt 0.8697936866694057 0.8958333333333329
vt 0.5066669843549645 0.7916666666666666
vt 0.3958333333333333 0.7916666666666666
vt 0.39583352189012366 0.7755944332085407
vt 0.5066671729117549 0.7755944332085407
vt 0.6525005062450883 0.8125
vt 0.541666855223457 0.8124999999999999
vt 0.5416666666666666 0.7964277665418741
vt 0.6525003176882979 0.7964277665418741
vn -0.9940621041082254 0.03639383569221049 0.1025476567237702
vn -0.10452152019248329 -0.05726605610593539 -0.9928725248664727
vn 0.9940621041082254 -0.03639383569221293 -0.10254765672376971
vn 0.10452152019248354 0.05726605610593514 0.9928725248664726
vn 0.030261939669827227 0.9976953881529573 -0.060729955258830744
vn -0.030261939669827227 -0.9976953881529573 0.06072995525883075
usemtl m_0fe3be19-a370-d37b-e00d-14451a020c1d
f 25/73/19 26/74/19 27/75/19 28/76/19
f 29/77/20 25/78/20 28/79/20 30/80/20
f 31/81/21 29/82/21 30/83/21 32/84/21
f 26/85/22 31/86/22 32/87/22 27/88/22
f 32/89/23 30/90/23 28/91/23 27/92/23
f 26/93/24 25/94/24 29/95/24 31/96/24
o cube
v 0.47399229193588044 0.5322144129275266 -0.09623063910234725
v 0.4591010744051188 0.4970679088441753 0.39244985309287816
v 0.45833897915279687 0.5558923468185384 0.3966573564741752
v 0.4732301966835586 0.5910388509018896 -0.0920231357210502
v 0.534769457107013 0.5328659862968972 -0.09433175725956056
v 0.534007361854691 0.5916904242712602 -0.09012425387826356
v 0.5198782395762513 0.497719482213546 0.3943487349356648
v 0.5191161443239296 0.556543920187909 0.39855623831696185
vt 0.37172349739669647 0.8125
vt 0.20833425375062253 0.8125
vt 0.20833333333333334 0.7928410068813901
vt 0.3717227263489826 0.7928389289096608
vt 0.8333333333333334 0.791666666666666
vt 0.8333333333333334 0.7713967362739637
vt 0.8529928151571321 0.7713963983863538
vt 0.8529928151571321 0.7916663287790561
vt 0.3750009204172892 0.7511722622429942
vt 0.5383901640633632 0.751172262242994
vt 0.5383893930156494 0.7708333333333334
vt 0.375 0.7708312553616041
vt 0.8333336712209437 0.7511738515095345
vt 0.8536036016136461 0.7511738515095345
vt 0.8536032637260362 0.7708333333333334
vt 0.8333333333333339 0.7708333333333334
vt 0.3958333333333333 0.7088961466922143
vt 0.5592234653182079 0.7088961466922146
vt 0.559223472888917 0.7291666666666665
vt 0.39583334090404243 0.7291666666666667
vt 0.6458333409040424 0.7713961466922145
vt 0.809223472888917 0.7713961466922143
vt 0.8092234653182079 0.7916666666666665
vt 0.6458333333333334 0.7916666666666666
vn -0.9994549061252149 -0.010714849876339605 -0.0312263128525552
vn 0.030379761940804415 0.0717028291943221 -0.9969632763296501
vn 0.9994549061252149 0.010714849876339628 0.0312263128525552
vn -0.030379761940803374 -0.07170282919432204 0.9969632763296501
vn -0.012921326814927865 0.9973684857050866 0.07133822983284839
vn 0.012921326814928073 -0.9973684857050867 -0.07133822983284861
usemtl m_0fe3be19-a370-d37b-e00d-14451a020c1d
f 33/97/25 34/98/25 35/99/25 36/100/25
f 37/101/26 33/102/26 36/103/26 38/104/26
f 39/105/27 37/106/27 38/107/27 40/108/27
f 34/109/28 39/110/28 40/111/28 35/112/28
f 40/113/29 38/114/29 36/115/29 35/116/29
f 34/117/30 33/118/30 37/119/30 39/120/30
o cube
v 0.4526132206408031 0.4825933175439079 0.36295821714236143
v 0.34058766826512377 0.37775855510986134 0.795078629412272
v 0.3311306465353123 0.46060391090654007 0.8127256668908784
v 0.44315619891099156 0.5654386733405867 0.38060525462096784
v 0.5289947179591725 0.4868733152212781 0.3837981768211748
v 0.519537696229361 0.5697186710179569 0.4014452142997812
v 0.41696916558349306 0.3820385527872314 0.8159185890910854
v 0.4075121438536815 0.46488390858391027 0.8335656265696918
vt 0.5278497577989621 0.7916666666666666
vt 0.375 0.7916666666666666
vt 0.375000662528764 0.7708333333333334
vt 0.5278504203277261 0.7708333333333334
vt 0.833333333333333 0.874998872888867
vt 0.833333333333333 0.8541666666666664
vt 0.8541666666666664 0.8541678848993239
vt 0.8541651413109741 0.8749999999999998
vt 0.0625 0.6875
vt 0.21534975779896204 0.6875
vt 0.21535042032772603 0.7083333333333333
vt 0.062500662528764 0.7083333333333333
vt 0.8333333333333336 0.7500000000000008
vt 0.8541655395555342 0.7500000000000008
vt 0.854166666666667 0.7708318079776418
vt 0.833334551565991 0.770833333333334
vt 0.3958333333333333 0.7291666666666667
vt 0.5486838512978266 0.7291666666666667
vt 0.5486842061856765 0.75
vt 0.3958336882211832 0.75
vt 0.3958336882211832 0.7916666666666667
vt 0.5486842061856766 0.7916666666666666
vt 0.5486838512978266 0.8124999999999999
vt 0.3958333333333333 0.8125
vn -0.9633295553011393 -0.053979673140543485 -0.2628352388302407
vn 0.2443038978861188 0.2286223147618528 -0.9423626916801096
vn 0.963329555301139 0.053979673140544644 0.2628352388302412
vn -0.24430389788611948 -0.22862231476185282 0.9423626916801093
vn -0.11095843077908953 0.9720175060566413 0.2070511882565989
vn 0.11095843077908953 -0.9720175060566413 -0.20705118825659868
usemtl m_0fe3be19-a370-d37b-e00d-14451a020c1d
f 41/121/31 42/122/31 43/123/31 44/124/31
f 45/125/32 41/126/32 44/127/32 46/128/32
f 47/129/33 45/130/33 46/131/33 48/132/33
f 42/133/34 47/134/34 48/135/34 43/136/34
f 48/137/35 46/138/35 44/139/35 43/140/35
f 42/141/36 41/142/36 45/143/36 47/144/36
o cube
v 0.24655414715496904 0.3280257343691082 0.7986154322769154
v 0.4942913705757901 -0.08882854294845621 1.550867902936722
v 0.5109994362070829 0.03695344970480663 1.6150664981456568
v 0.26326221278626183 0.45380772702237104 0.8628140274858498
v 0.3902636491143735 0.3319750380304092 0.7534764527516109
v 0.4069717147456663 0.457757030683672 0.8176750479605452
v 0.6380008725351947 -0.08487923928715518 1.505728923411418
v 0.6547089381664875 0.040902753366107714 1.5699275186203518
vt 0.5483327281771706 0.7708333333333334
vt 0.2500004946334575 0.7708333333333331
vt 0.25 0.7234321832220396
vt 0.5483322335437132 0.7234321832220398
vt 0.75 0.75
vt 0.75 0.6997717191682564
vt 0.7973999695978119 0.6997712924705612
vt 0.7973999695978118 0.7499995733023048
vt 0.39583382796679084 0.9525988498887064
vt 0.694166061510504 0.9525988498887062
vt 0.6941655668770466 0.9999999999999999
vt 0.3958333333333333 1
vt 0.3958337600310285 0.8067666970688548
vt 0.44606204086277207 0.8067666970688548
vt 0.4460616141650769 0.8541666666666666
vt 0.3958333333333333 0.8541666666666666
vt 0.5625006561808283 0.38727061260500617
vt 0.8608323662337328 0.38727061260500617
vt 0.860833673037864 0.43749780290063833
vt 0.5625 0.4375
vt 0.5625 0.3872706126112009
vt 0.8608336730459542 0.3872706126112009
vt 0.8608327361435061 0.437497802915095
vt 0.5625010260986919 0.4375
vn -0.95371697995094 -0.02620924788834941 0.2995613417622268
vn -0.27680136695064056 0.46575896906990677 -0.8405055538098454
vn 0.9537169799509398 0.026209247888348584 -0.2995613417622274
vn 0.2768013669506385 -0.4657589690699044 0.8405055538098473
vn 0.11749436330103752 0.8845234072968698 0.45145699300865794
vn -0.11749436330103757 -0.88452340729687 -0.4514569930086582
usemtl m_0fe3be19-a370-d37b-e00d-14451a020c1d
f 49/145/37 50/146/37 51/147/37 52/148/37
f 53/149/38 49/150/38 52/151/38 54/152/38
f 55/153/39 53/154/39 54/155/39 56/156/39
f 50/157/40 55/158/40 56/159/40 51/160/40
f 56/161/41 54/162/41 52/163/41 51/164/41
f 50/165/42 49/166/42 53/167/42 55/168/42
o cube
v -0.03370277069483718 0.17536313079057475 0.931896431897508
v 0.4436716913262848 0.10717172862218027 1.4080254367284974
v 0.5008542518402865 0.12304510395813206 1.3529666898866335
v 0.023479789819164543 0.19123650612652654 0.8768376850556439
v -0.028200574349235286 0.09794967192020065 0.915292653830472
v 0.028981986164766438 0.11382304725615244 0.860233906988608
v 0.4491738876718867 0.029758269751806177 1.3914216586614616
v 0.5063564481858884 0.045631645087757966 1.3363629118195977
vt 0.8092231900839616 0.4374999999999999
vt 0.5833334160309925 0.4375
vt 0.5833333333333334 0.41666666666666685
vt 0.8092231073863023 0.41666666666666663
vt 0.833335044640693 0.75
vt 0.8541666666666655 0.75
vt 0.8541662403255595 0.7708333333333334
vt 0.8333333333333321 0.7708314394861722
vt 0.4375000826976592 0.7083333333333335
vt 0.6633898567506282 0.7083333333333333
vt 0.663389774052969 0.7291666666666665
vt 0.4375 0.7291666666666667
vt 0.8333333333333331 0.7916666666666679
vt 0.8333333333333334 0.7708350446406953
vt 0.8541647728195055 0.7708333333333345
vt 0.8541666666666665 0.7916662403255618
vt 0.37500004916887025 0.75
vt 0.6008903489201021 0.7500000000000001
vt 0.6008884411909944 0.7708333333333334
vt 0.375 0.77083153312124
vt 0.5625002185621338 0.8333333333333334
vt 0.7883886597646965 0.8333333333333334
vt 0.7883902997396633 0.8541666666666666
vt 0.5625 0.854164866439763
vn -0.06932774328232581 0.9754105571772681 0.20920781285246404
vn -0.7044360329617044 0.10062641520918796 -0.7025981782123583
vn 0.06932774328232581 -0.9754105571772681 -0.20920781285246404
vn 0.7044360329617029 -0.10062641520918643 0.7025981782123599
vn 0.7063735127229495 0.1960830678801214 -0.6801381411258752
vn -0.7063735127229491 -0.19608306788012284 0.6801381411258751
usemtl m_0fe3be19-a370-d37b-e00d-14451a020c1d
f 57/169/43 58/170/43 59/171/43 60/172/43
f 61/173/44 57/174/44 60/175/44 62/176/44
f 63/177/45 61/178/45 62/179/45 64/180/45
f 58/181/46 63/182/46 64/183/46 59/184/46
f 64/185/47 62/186/47 60/187/47 59/188/47
f 58/189/48 57/190/48 61/191/48 63/192/48
o cube
v -0.5346176751589762 -0.01650134920431018 0.341597136493897
v -0.21507233127735714 0.11313060582209566 0.6643939253786906
v -0.18907064834015297 0.12341111080854683 0.6345256026204888
v -0.5086159922217719 -0.006220844217859067 0.3117288137356954
v -0.5160795023280985 -0.06274761289934921 0.3418177296525866
v -0.49007781939089434 -0.05246710791289805 0.3119494068943849
v -0.19653415844647948 0.06688434212705663 0.66461451853738
v -0.1705324755092753 0.0771648471135078 0.6347461957791785
vt 0.625 0.7780284173665465
vt 0.7824500082836039 0.7780284173665465
vt 0.7824508119172107 0.7916666666666666
vt 0.6250008036336069 0.7916666666666666
vt 0.8333343857217882 0.7780285707774769
vt 0.8499426053756055 0.7780285707774769
vt 0.8499415529871511 0.7916666666666675
vt 0.8333333333333338 0.7916666666666675
vt 0.5741166749502706 0.7083333333333333
vt 0.4166666666666667 0.7083333333333333
vt 0.4166674703002735 0.6946950840332131
vt 0.5741174785838774 0.6946950840332131
vt 0.8541666666666665 0.7708333333333339
vt 0.8541666666666665 0.7542251136795166
vt 0.8678047625558571 0.7542240612910622
vt 0.8678047625558571 0.7708322809448795
vt 0.5324493238166251 0.7916666666666666
vt 0.375 0.7916666666666666
vt 0.3750009225025062 0.7750582234694939
vt 0.5324496556032728 0.7750602213014569
vt 0.5949494448751053 0.8333333333333334
vt 0.4375007117616636 0.8333333333333334
vt 0.4375 0.8167248901257923
vt 0.5949493238039502 0.8167268879652505
vn -0.37207327080367975 0.9281928026262775 -0.004427449178475688
vn -0.6765058814356699 -0.27444236530593047 -0.683389479366074
vn 0.37207327080367975 -0.9281928026262775 0.004427449178476047
vn 0.6765058814356709 0.2744423653059276 0.6833894793660742
vn 0.6355322757629199 0.2512757634115603 -0.7300405585894126
vn -0.6355322757629199 -0.25127576341156044 0.7300405585894125
usemtl m_0fe3be19-a370-d37b-e00d-14451a020c1d
f 65/193/49 66/194/49 67/195/49 68/196/49
f 69/197/50 65/198/50 68/199/50 70/200/50
f 71/201/51 69/202/51 70/203/51 72/204/51
f 66/205/52 71/206/52 72/207/52 67/208/52
f 72/209/53 70/210/53 68/211/53 67/212/53
f 66/213/54 65/214/54 69/215/54 71/216/54
o cube
v -0.2361632933410479 0.11628189987418325 0.6684830728560942
v -0.02064774882329562 0.1702546260852692 0.9354844750575335
v 0.03060930791019867 0.18735559753221254 0.8906544537787866
v -0.18490623660755362 0.1333828713211267 0.6236530515773473
v -0.2176955564193216 0.05455886851000402 0.6660534073164732
v -0.1664384996858273 0.07165983995694747 0.6212233860377263
v -0.002180011901569301 0.10853159472108997 0.9330548095179125
v 0.049077044831924876 0.12563256616803342 0.8882247882391656
vt 0.5208333333333334 0.7291666666666667
vt 0.6366152409263076 0.7291666666666667
vt 0.6366153295447878 0.75
vt 0.5208334219518134 0.75
vt 0.8541666666666664 0.8125000000000006
vt 0.8749999999999997 0.8125000000000006
vt 0.8749976381620025 0.8333333333333339
vt 0.8541667598404512 0.8333319933710104
vt 0.4907819075929744 0.7916666666666666
vt 0.375 0.7916666666666666
vt 0.37500008861848005 0.7708333333333334
vt 0.4907819962114544 0.7708333333333334
vt 0.8333333333333336 0.7708333333333343
vt 0.8333333333333336 0.750000000000001
vt 0.8541653267043433 0.7500000931737857
vt 0.854166666666667 0.7708309714953372
vt 0.5116150936430872 0.7291666666666665
vt 0.3958340115844296 0.7291666666666667
vt 0.3958333333333333 0.7083333333333333
vt 0.5116164718127275 0.7083336569142991
vt 0.6157831384798753 0.8125
vt 0.5 0.8124999999999999
vt 0.5000007402038512 0.7916666666666666
vt 0.6157818222620276 0.7916669902418855
vn -0.286443976891884 0.9573555571380391 0.037685346214101474
vn -0.6204622735421497 -0.15538573094174182 -0.7686883905267513
vn 0.2864439768918851 -0.9573555571380387 -0.03768534621410239
vn 0.6204622735421503 0.1553857309417421 0.7686883905267509
vn 0.7300523373110089 0.2435684951643291 -0.6385123122932846
vn -0.7300523373110087 -0.24356849516432905 0.6385123122932849
usemtl m_0fe3be19-a370-d37b-e00d-14451a020c1d
f 73/217/55 74/218/55 75/219/55 76/220/55
f 77/221/56 73/222/56 76/223/56 78/224/56
f 79/225/57 77/226/57 78/227/57 80/228/57
f 74/229/58 79/230/58 80/231/58 75/232/58
f 80/233/59 78/234/59 76/235/59 75/236/59
f 74/237/60 73/238/60 77/239/60 79/240/60
o cube
v -0.04076239953545813 0.8863914323688555 -0.6688737007876819
v 0.03603408830783472 0.8796845190961449 -0.37618642684109216
v 0.03349503715372393 0.830049351790954 -0.37665760739309456
v -0.043301450689568866 0.8367562650636646 -0.6693448813396844
v -0.0872378762236824 0.888652599769292 -0.6566274599934808
v -0.08977692737779308 0.8390174324641011 -0.6570986405454833
v -0.010441388380389549 0.8819456864965813 -0.363940186046891
v -0.012980439534500288 0.8323105191913904 -0.3644113665988934
vt 0.809222731077878 0.7083333333333333
vt 0.7083333333333334 0.7083333333333333
vt 0.70833462742269 0.6917646461223688
vt 0.8092240713708839 0.6917667289432927
vt 0.8702051544356313 0.7916666666666661
vt 0.8541686610869091 0.7916666666666661
vt 0.8541666666666673 0.775100514411656
vt 0.8702052410436484 0.7751004164363368
vt 0.4791666666666667 0.7334313127890355
vt 0.5800560644112114 0.7334313127890355
vt 0.5800574047042173 0.7499979171790763
vt 0.47916796075602336 0.75
vt 0.8498995835636638 0.754796753376593
vt 0.8498995835636638 0.7708332467253153
vt 0.8333333333333345 0.7708333333333323
vt 0.8333334313086537 0.7547947589563512
vt 0.37500050918254324 0.7547955283408524
vt 0.475890707507532 0.7547955283408524
vt 0.47589019832498874 0.7708333333333334
vt 0.375 0.7708333333333333
vt 0.5208333333333334 0.7756288616741858
vt 0.6217235316583221 0.7756288616741858
vt 0.6217240408408653 0.7916666666666666
vt 0.5208338425158766 0.7916666666666666
vn 0.9659249025922052 -0.04699506184010544 -0.2545202284984121
vn -0.2537309332746101 0.022159234254948378 -0.9670209831419532
vn -0.9659249025922052 0.04699506184010313 0.25452022849841205
vn 0.25373093327461127 -0.02215923425494733 0.967020983141953
vn -0.05108518426935036 -0.9986493040601788 -0.009480055289241162
vn 0.05108518426935031 0.9986493040601788 0.009480055289241174
usemtl m_0fe3be19-a370-d37b-e00d-14451a020c1d
f 81/241/61 82/242/61 83/243/61 84/244/61
f 85/245/62 81/246/62 84/247/62 86/248/62
f 87/249/63 85/250/63 86/251/63 88/252/63
f 82/253/64 87/254/64 88/255/64 83/256/64
f 88/257/65 86/258/65 84/259/65 83/260/65
f 82/261/66 81/262/66 85/263/66 87/264/66
o cube
v 0.04234983923112978 0.884465251170629 -0.3810339477564937
v 0.18112171884919614 0.7830916433472488 0.1333049049103372
v 0.16881350187661548 0.7216680740192829 0.12451946239378575
v 0.030041622258549006 0.8230416818426631 -0.389819390273045
v -0.01793491210684911 0.8939514274451525 -0.36289906231956154
v -0.03024312907942983 0.8325278581171867 -0.3716845048361129
v 0.12083696751121731 0.7925778196217723 0.1514397903472693
v 0.10852875053863653 0.7311542502938064 0.14265434783071795
vt 0.7640970393628755 0.41666666666666663
vt 0.5833333333333334 0.41666666666666663
vt 0.5833348607551628 0.39583333333333337
vt 0.7640985667847048 0.39583333333333337
vt 0.8541650066378993 0.75
vt 0.8333340049342329 0.75
vt 0.8333333333333343 0.7291666666666667
vt 0.8541666666666675 0.7291683888703716
vt 0.375 0.7083333333333333
vt 0.5557637060295422 0.7083333333333335
vt 0.5557652334513715 0.7291666666666667
vt 0.3750015274218294 0.7291666666666665
vt 0.8541666666666655 0.770834004934233
vt 0.8541666666666655 0.7916650066378996
vt 0.8333350555370372 0.7916666666666677
vt 0.8333333333333321 0.7708333333333345
vt 0.3750003966568918 0.7291666666666667
vt 0.5557646550656147 0.7291666666666667
vt 0.5557642584087229 0.75
vt 0.375 0.75
vt 0.4166666666666667 0.7708333333333334
vt 0.5974309250753896 0.7708333333333334
vt 0.5974313217322814 0.7916666666666666
vt 0.41666706332355846 0.7916666666666666
vn 0.9469196430557457 -0.14900362782415202 -0.2848527838909439
vn -0.2558996471290032 0.18693607481280872 -0.9484567858014574
vn -0.9469196430557453 0.1490036278241537 0.2848527838909442
vn 0.25589964712900265 -0.18693607481280863 0.9484567858014578
vn -0.19457276323892553 -0.9710060879463227 -0.13888346545484515
vn 0.19457276323892533 0.9710060879463228 0.13888346545484512
usemtl m_0fe3be19-a370-d37b-e00d-14451a020c1d
f 89/265/67 90/266/67 91/267/67 92/268/67
f 93/269/68 89/270/68 92/271/68 94/272/68
f 95/273/69 93/274/69 94/275/69 96/276/69
f 90/277/70 95/278/70 96/279/70 91/280/70
f 96/281/71 94/282/71 92/283/71 91/284/71
f 90/285/72 89/286/72 93/287/72 95/288/72