# Made in Blockbench 4.8.1
mtllib birch_twig_branch_down.mtl

o cube
v 0.6804911176005921 0.7225936243978421 -1.1730306420055605
v 0.5683982568922084 0.7241686935299203 -1.1835635394432646
v 0.675950775980888 0.6176669466592908 -1.14040209781427
v 0.5638579152725043 0.619242015791369 -1.150934995251974
v 0.4869159624738352 1.0106701175440405 -0.27357242974263163
v 0.599008823182219 1.0090950484119623 -0.26303953230492755
v 0.4823756208541311 0.9057434398054891 -0.24094388555134078
v 0.594468481562515 0.9041683706734109 -0.2304109881136367
vt 0.3653095703125 0.3151208333333342
vt 0.3653095703125 0.4747041666666667
vt 0.3515625 0.4747041666666667
vt 0.3515625 0.3151208333333342
vt 0.3653095703125 0.643437890625
vt 0.3653095703125 0.6622041666666667
vt 0.3515625 0.6622041666666667
vt 0.3515625 0.643437890625
vt 0.4121845703125 0.2942875000000008
vt 0.4121845703125 0.45387083333333333
vt 0.3984375 0.45387083333333333
vt 0.3984375 0.2942875000000008
vt 0.3574970703125 0.5392712239583333
vt 0.3574970703125 0.5580375
vt 0.34375 0.5580375
vt 0.34375 0.5392712239583333
vt 0.41251220703125 0.7109541666666674
vt 0.41251220703125 0.8705375000000001
vt 0.3984375 0.8705375000000001
vt 0.3984375 0.7109541666666674
vt 0.37344970703125 0.1380375000000008
vt 0.37344970703125 0.29762083333333333
vt 0.359375 0.29762083333333333
vt 0.359375 0.1380375000000008
vn -0.9955168201681273 0.013988471736756516 -0.09354455313277522
vn 0.0850990020035233 -0.29921819740378225 -0.950382360000666
vn 0.9955168201681273 -0.013988471736756516 0.09354455313277522
vn -0.0850990020035233 0.29921819740378225 0.950382360000666
vn 0.04128462934731257 0.9540821730862081 -0.29668634343149985
vn -0.04128462934731257 -0.9540821730862081 0.29668634343149985
usemtl m_890a103a-2c95-a057-8483-4c3958a0f191
f 4/4/1 7/3/1 5/2/1 2/1/1
f 3/8/2 4/7/2 2/6/2 1/5/2
f 8/12/3 3/11/3 1/10/3 6/9/3
f 7/16/4 8/15/4 6/14/4 5/13/4
f 6/20/5 1/19/5 2/18/5 5/17/5
f 7/24/6 4/23/6 3/22/6 8/21/6
o cube
v 0.6232660898542564 1.0842876833702144 0.5480545030762634
v 0.6232660951557616 0.9395208647316863 0.617881727157813
v 0.46253876485425643 1.0842876804272168 0.5480545091777286
v 0.6236698958611089 1.0254332872999512 -0.3099390339063718
v 0.6236699021796306 0.8568088703383268 -0.22482868066217276
v 0.46213490217963066 0.8568088673805403 -0.22482867453004707
v 0.46213489586110895 1.0254332843421647 -0.3099390277742461
v 0.46253877015576167 0.9395208617886888 0.6178817332592781
vt 0.375 0.47916666666666663
vt 0.375 0.4476854166666667
vt 0.3951921875 0.4476854166666667
vt 0.3951921875 0.47916666666666663
vt 0.35161328125 0.33333333333333337
vt 0.3515625 0.18999791666666666
vt 0.3717546875 0.18999791666666666
vt 0.37170390625 0.33333333333333337
vt 0.359375 0.035712499999999925
vt 0.37946562500000003 0.035712499999999925
vt 0.37946562500000003 0.0625
vt 0.359375 0.0625
vt 0.40745442722255903 0.8957595241135482
vt 0.38882255706825686 0.9057809672366701
vt 0.3854522314712625 0.7647259722348183
vt 0.4071854513074069 0.7524256995740312
vt 0.3854830914002776 0.7405808689494315
vt 0.3817313709039121 0.597333911108596
vt 0.40379440785580567 0.6085418164845959
vt 0.4043834491323047 0.7496670696927366
vt 0.35607890625 0.7916666666666666
vt 0.33598828125 0.7916666666666666
vt 0.3359375 0.6505395833333334
vt 0.3561296875 0.6505395833333334
vn -2.563893181217931e-8 -0.45059082884350443 -0.8927305892385021
vn -2.0865457053733866e-8 0.9976556067673434 -0.06843456937603719
vn 2.6237029963384157e-8 0.43444525740442674 0.9006982393225829
vn 0.9999998709832696 0.0002207148332602342 0.0004575132858716264
vn -0.9999998701463041 0.00022959794936298694 0.0004549639073485518
vn 2.193104543668655e-8 -0.9952178164560228 0.09768059074609395
usemtl m_890a103a-2c95-a057-8483-4c3958a0f191
f 12/25/7 13/26/7 14/27/7 15/28/7
f 9/29/8 12/30/8 15/31/8 11/32/8
f 16/33/9 10/34/9 9/35/9 11/36/9
f 9/37/10 10/38/10 13/39/10 12/40/10
f 11/41/11 15/42/11 14/43/11 16/44/11
f 10/45/12 16/46/12 14/47/12 13/48/12
o cube
v 0.7114772709763673 0.4253269763280777 -1.7643124583239291
v 0.6405801178336581 0.42265664636356126 -1.7699109215184894
v 0.7114772709763673 0.3645011898999371 -1.7353000464405821
v 0.6405801178336581 0.36183085993542063 -1.7408985096351424
v 0.5789174298396897 0.7260842033814474 -1.13376181906568
v 0.6498145829823991 0.7287545333459637 -1.1281633558711197
v 0.5789174298396897 0.6652584169533067 -1.1047494071823332
v 0.6498145829823991 0.667928746917823 -1.0991509439877727
vt 0.4146738281250001 0.6692875000000003
vt 0.4146738281250001 0.7872041666666667
vt 0.40625 0.7872041666666667
vt 0.40625 0.6692875000000003
vt 0.3209238281250001 0.6295095052083333
vt 0.3209238281250001 0.6413708333333334
vt 0.3125 0.6413708333333334
vt 0.3125 0.6295095052083333
vt 0.3209238281250001 0.8255375000000001
vt 0.3209238281250001 0.9434541666666667
vt 0.3125 0.9434541666666667
vt 0.3125 0.8255375000000001
vt 0.3521738281250001 0.546176171875
vt 0.3521738281250001 0.5580375
vt 0.34375 0.5580375
vt 0.34375 0.546176171875
vt 0.36045849609375 0.7012499999999997
vt 0.36045849609375 0.5833333333333333
vt 0.3515625 0.5833333333333333
vt 0.3515625 0.7012499999999997
vt 0.38389599609375 0.7734541666666669
vt 0.38389599609375 0.8913708333333333
vt 0.375 0.8913708333333333
vt 0.375 0.7734541666666669
vn -0.9961946980917457 -0.03752151440343589 -0.07866549085061852
vn 0.08715574274765835 -0.4288728721100866 -0.8991506748449613
vn 0.9961946980917457 0.03752151440343589 0.07866549085061852
vn -0.08715574274765835 0.4288728721100866 0.8991506748449613
vn 1.6653345369377348e-16 0.9025852843498602 -0.430511096808296
vn -1.6653345369377348e-16 -0.9025852843498602 0.430511096808296
usemtl m_890a103a-2c95-a057-8483-4c3958a0f191
f 20/52/13 23/51/13 21/50/13 18/49/13
f 19/56/14 20/55/14 18/54/14 17/53/14
f 24/60/15 19/59/15 17/58/15 22/57/15
f 23/64/16 24/63/16 22/62/16 21/61/16
f 22/68/17 17/67/17 18/66/17 21/65/17
f 23/72/18 20/71/18 19/70/18 24/69/18
o cube
v 1.0711941928321917 0.5799467796052225 -0.6673831987344954
v 1.0269125944945885 0.5429841392291046 -0.6731224377974138
v 1.0440740179446915 0.6178209218807813 -0.7020574137462626
v 0.9997924196070884 0.5808582815046637 -0.707796652809181
v 1.2741983285807048 0.3153686353585319 -1.115156217887747
v 1.318479926918308 0.35233127573464973 -1.1094169788248287
v 1.2470781536932047 0.35324277763409073 -1.1498304328995144
v 1.2913597520308078 0.3902054180102086 -1.1440911938365959
vt 0.3744463908046875 0.6726208333333334
vt 0.3744463908046875 0.5800716100000003
vt 0.3671875 0.5800716100000003
vt 0.3671875 0.6726208333333334
vt 0.3510088908046875 0.5580375
vt 0.3510088908046875 0.5483765309895834
vt 0.34375 0.5483765309895834
vt 0.34375 0.5580375
vt 0.3197588908046875 0.9434541666666667
vt 0.3197588908046875 0.8509049433333338
vt 0.3125 0.8509049433333338
vt 0.3125 0.9434541666666667
vt 0.3431963908046875 0.5163708333333334
vt 0.3431963908046875 0.5067098643229166
vt 0.3359375 0.5067098643229166
vt 0.3359375 0.5163708333333334
vt 0.36662072675781254 0.4122041666666667
vt 0.36662072675781254 0.31965494333333366
vt 0.359375 0.31965494333333366
vt 0.359375 0.4122041666666667
vt 0.41349572675781254 0.7767875000000001
vt 0.41349572675781254 0.684238276666667
vt 0.40625 0.684238276666667
vt 0.40625 0.7767875000000001
vn -0.763926101164689 -0.6376627495693176 -0.09901075583498593
vn -0.4453229052599601 0.4098998991610008 0.7960336567750325
vn 0.763926101164689 0.6376627495693176 0.09901075583498593
vn 0.4453229052599601 -0.4098998991610008 -0.7960336567750325
vn 0.46701651149627027 -0.6522026452564411 0.5970990600481253
vn -0.46701651149627027 0.6522026452564411 -0.5970990600481253
usemtl m_890a103a-2c95-a057-8483-4c3958a0f191
f 28/76/19 31/75/19 29/74/19 26/73/19
f 27/80/20 28/79/20 26/78/20 25/77/20
f 32/84/21 27/83/21 25/82/21 30/81/21
f 31/88/22 32/87/22 30/86/22 29/85/22
f 30/92/23 25/91/23 26/90/23 29/89/23
f 31/96/24 28/95/24 27/94/24 32/93/24
o cube
v 0.6249444175383398 0.9583922290540463 -0.1208237815949062
v 0.5604289844656032 0.9010936658833573 -0.13537570858110826
v 0.5929902984635236 1.0108229534997297 -0.1856036108958804
v 0.5284748653907867 0.9535243903290405 -0.20015553788208246
v 1.0269986095655015 0.5138143322103099 -0.678973272274045
v 1.0915140426382384 0.571112895380999 -0.664421345287843
v 0.9950444904906852 0.5662450566559931 -0.7437531015750192
v 1.059559923563422 0.6235436198266824 -0.7292011745888172
vt 0.40178188750000005 0.5892875
vt 0.40178188750000005 0.4535620000000006
vt 0.390625 0.4535620000000006
vt 0.390625 0.5892875
vt 0.35490688750000005 0.5580375
vt 0.35490688750000005 0.5434533333333333
vt 0.34375 0.5434533333333333
vt 0.34375 0.5580375
vt 0.35490688750000005 0.6830375
vt 0.35490688750000005 0.5473120000000005
vt 0.34375 0.5473120000000005
vt 0.34375 0.6830375
vt 0.34709438750000005 0.5163708333333334
vt 0.34709438750000005 0.5017866666666666
vt 0.3359375 0.5017866666666666
vt 0.3359375 0.5163708333333334
vt 0.378125625 0.36809166666666604
vt 0.378125625 0.23236616666666654
vt 0.3671875 0.23236616666666654
vt 0.3671875 0.36809166666666604
vt 0.393750625 0.7247041666666667
vt 0.393750625 0.5889786666666672
vt 0.3828125 0.5889786666666672
vt 0.3828125 0.7247041666666667
vn -0.7372771049967072 -0.6548033046190408 -0.1662982342289242
vn -0.5729328990006791 0.47556690240356275 0.6675207971149348
vn 0.7372771049967072 0.6548033046190408 0.1662982342289242
vn 0.5729328990006791 -0.47556690240356275 -0.6675207971149348
vn 0.35800888772536416 -0.5874255302574649 0.725782944626962
vn -0.35800888772536416 0.5874255302574649 -0.725782944626962
usemtl m_890a103a-2c95-a057-8483-4c3958a0f191
f 36/100/25 39/99/25 37/98/25 34/97/25
f 35/104/26 36/103/26 34/102/26 33/101/26
f 40/108/27 35/107/27 33/106/27 38/105/27
f 39/112/28 40/111/28 38/110/28 37/109/28
f 38/116/29 33/115/29 34/114/29 37/113/29
f 39/120/30 36/119/30 35/118/30 40/117/30
o cube
v -0.17246431805177342 0.5664470666568211 -0.5313553203061123
v -0.21559240058262802 0.5645458548340594 -0.5101089767191133
v -0.15899079251957698 0.5248474925467042 -0.507727832735907
v -0.20211887505043158 0.5229462807239424 -0.4864814891489079
v -0.08749024692100416 0.7638598265924452 -0.23223818399316165
v -0.04436216439014956 0.7657610384152069 -0.2534845275801608
v -0.07401672138880772 0.7222602524823281 -0.20861069642295638
v -0.03088863885795312 0.72416146430509 -0.2298570400099555
vt 0.3577752875000001 0.6517875
vt 0.3577752875000001 0.5909260000000005
vt 0.3515625 0.5909260000000005
vt 0.3515625 0.6517875
vt 0.3343377875000001 0.5059541666666667
vt 0.3343377875000001 0.4979349999999999
vt 0.328125 0.4979349999999999
vt 0.328125 0.5059541666666667
vt 0.4280877875000001 0.45387083333333333
vt 0.4280877875000001 0.3930093333333339
vt 0.421875 0.3930093333333339
vt 0.421875 0.45387083333333333
vt 0.3499627875000001 0.5580375
vt 0.3499627875000001 0.5500183333333333
vt 0.34375 0.5500183333333333
vt 0.34375 0.5580375
vt 0.40625 0.6846760000000005
vt 0.40625 0.7455375
vt 0.41226437500000007 0.7455375
vt 0.41226437500000007 0.6846760000000005
vt 0.421875 0.268009333333334
vt 0.421875 0.32887083333333333
vt 0.42788937500000007 0.32887083333333333
vt 0.42788937500000007 0.268009333333334
vn -0.8963542041121122 -0.03951391089601576 0.4415742198274755
vn -0.35080237824575744 -0.5458129571743153 -0.7609375185898969
vn 0.8963542041121122 0.03951391089601576 -0.4415742198274755
vn 0.35080237824575744 0.5458129571743153 0.7609375185898969
vn -0.2710845480429721 0.8369748303421858 -0.47538016490594853
vn 0.2710845480429721 -0.8369748303421858 0.47538016490594853
usemtl m_890a103a-2c95-a057-8483-4c3958a0f191
f 44/124/31 47/123/31 45/122/31 42/121/31
f 43/128/32 44/127/32 42/126/32 41/125/32
f 48/132/33 43/131/33 41/130/33 46/129/33
f 47/136/34 48/135/34 46/134/34 45/133/34
f 46/140/35 41/139/35 42/138/35 45/137/35
f 47/144/36 44/143/36 43/142/36 48/141/36
o cube
v -0.03416179580844003 0.7687335268959903 -0.27123968583782654
v -0.10056144666237904 0.7670298546657355 -0.2278002211495168
v -0.019762751976893922 0.6913650785973595 -0.25226429071969186
v -0.08616240283083293 0.6896614063671047 -0.20882482603138214
v 0.15338275072326646 0.9108771867666039 0.16600929907900674
v 0.2197824015772054 0.9125808589968587 0.12256983439069702
v 0.16778179455481257 0.8335087384679731 0.18498469419714136
v 0.23418144540875163 0.8352124106982282 0.14154522950883175
vt 0.35386903750000004 0.4122041666666667
vt 0.35386903750000004 0.3305093333333339
vt 0.34375 0.3305093333333339
vt 0.34375 0.4122041666666667
vt 0.35386903750000004 0.6622041666666667
vt 0.35386903750000004 0.6489766666666665
vt 0.34375 0.6489766666666665
vt 0.34375 0.6622041666666667
vt 0.33824403750000004 0.8913708333333333
vt 0.33824403750000004 0.8096760000000005
vt 0.328125 0.8096760000000005
vt 0.328125 0.8913708333333333
vt 0.35386903750000004 0.5580375
vt 0.35386903750000004 0.54481
vt 0.34375 0.54481
vt 0.34375 0.5580375
vt 0.4140625 0.6846760000000005
vt 0.4140625 0.7663708333333333
vt 0.42398312500000007 0.7663708333333333
vt 0.42398312500000007 0.6846760000000005
vt 0.390625 0.632592666666667
vt 0.390625 0.7142875
vt 0.40054562500000007 0.7142875
vt 0.40054562500000007 0.632592666666667
vn -0.8366364373960655 -0.021466291567503275 0.5473378024105026
vn -0.5180747811176287 -0.2934647684795843 -0.803415801955093
vn 0.8366364373960655 0.021466291567503275 -0.5473378024105026
vn 0.5180747811176287 0.2934647684795843 0.803415801955093
vn -0.17787071931923007 0.9557288464766369 -0.2344021740967793
vn 0.17787071931923007 -0.9557288464766369 0.2344021740967793
usemtl m_890a103a-2c95-a057-8483-4c3958a0f191
f 52/148/37 55/147/37 53/146/37 50/145/37
f 51/152/38 52/151/38 50/150/38 49/149/38
f 56/156/39 51/155/39 49/154/39 54/153/39
f 55/160/40 56/159/40 54/158/40 53/157/40
f 54/164/41 49/163/41 50/162/41 53/161/41
f 55/168/42 52/167/42 51/166/42 56/165/42
o cube
v 0.21857393504340072 0.90250611064369 0.09364726653897393
v 0.14001640720285358 0.9210225408091566 0.15560627826050677
v 0.22418227787871814 0.8053776092213716 0.1297848775155772
v 0.14562475003817088 0.8238940393868384 0.19174388923711017
v 0.4699677248664854 1.0782420470979512 0.5269649422422944
v 0.5485252527070326 1.0597256169324847 0.46500593052076167
v 0.47557606770180283 0.9811135456756332 0.563102553218898
v 0.5541335955423499 0.9625971155101665 0.5011435414973651
vt 0.35672312500000003 0.8184541666666667
vt 0.35672312500000003 0.7316125000000004
vt 0.34375 0.7316125000000004
vt 0.34375 0.8184541666666667
vt 0.36453562500000003 0.6517875
vt 0.36453562500000003 0.6348291666666668
vt 0.3515625 0.6348291666666668
vt 0.3515625 0.6517875
vt 0.35672312500000003 0.5580375
vt 0.35672312500000003 0.4711958333333337
vt 0.34375 0.4711958333333337
vt 0.34375 0.5580375
vt 0.35672312500000003 0.5580375
vt 0.35672312500000003 0.5410791666666668
vt 0.34375 0.5410791666666668
vt 0.34375 0.5580375
vt 0.3984375 0.6274458333333337
vt 0.3984375 0.7142875
vt 0.41115625 0.7142875
vt 0.41115625 0.6274458333333337
vt 0.3984375 0.2732791666666671
vt 0.3984375 0.36012083333333333
vt 0.41115625 0.36012083333333333
vt 0.41115625 0.2732791666666671
vn -0.7720641556810536 0.1819796576458636 0.6089337761330014
vn -0.6332431007842496 -0.30173592992763737 -0.7127121465920535
vn 0.7720641556810536 -0.1819796576458636 -0.6089337761330014
vn 0.6332431007842496 0.30173592992763737 0.7127121465920535
vn -0.05403808676896851 0.9358626142729489 -0.3481968586655418
vn 0.05403808676896851 -0.9358626142729489 0.3481968586655418
usemtl m_890a103a-2c95-a057-8483-4c3958a0f191
f 60/172/43 63/171/43 61/170/43 58/169/43
f 59/176/44 60/175/44 58/174/44 57/173/44
f 64/180/45 59/179/45 57/178/45 62/177/45
f 63/184/46 64/183/46 62/182/46 61/181/46
f 62/188/47 57/187/47 58/186/47 61/185/47
f 63/192/48 60/191/48 59/190/48 64/189/48