# Made in Blockbench 4.8.1
mtllib birch_twig_branch_up_2.mtl

o cube
v 1.8336509100446357 1.359365880818881 0.36621540553382315
v 2.261779115207103 1.790691348704942 0.1858538418102571
v 1.8511659392317252 1.2924227090870597 0.24770003885331815
v 2.2792941443941928 1.7237481769731202 0.0673384751297521
v 2.1617402663382594 1.86601530146996 0.12852281501129514
v 1.733612061175792 1.4346898335838991 0.3088843787348612
v 2.1792552955253495 1.7990721297381382 0.010007448330789925
v 1.751127090362882 1.3677466618520777 0.19036901205435597
vt 0.38179902193458326 0.9146271287399997
vt 0.3645833333333333 0.9146271287399997
vt 0.3645833333333333 0.9374999999999998
vt 0.38179902193458326 0.9374999999999998
vt 0.4025713201116665 0.6874999999999989
vt 0.4025713201116665 0.5818452013799995
vt 0.3854166666666665 0.5818452013799995
vt 0.3854166666666665 0.6874999999999989
vt 0.38179902193458315 0.8312937954066663
vt 0.36458333333333315 0.8312937954066663
vt 0.36458333333333315 0.8541666666666663
vt 0.38179902193458315 0.8541666666666663
vt 0.3750000000000001 0.1860118680466668
vt 0.3750000000000001 0.2916666666666664
vt 0.3921546534450002 0.2916666666666664
vt 0.3921546534450002 0.1860118680466668
vt 0.34013235526791635 0.19642853471333377
vt 0.32291666666666635 0.19642853471333377
vt 0.32291666666666635 0.30208333333333337
vt 0.34013235526791635 0.30208333333333337
vt 0.3609656886012501 0.5089285347133339
vt 0.3437500000000001 0.5089285347133339
vt 0.3437500000000001 0.6145833333333333
vt 0.3609656886012501 0.6145833333333333
vn 0.6753569340191283 0.6804005016332735 -0.2845139171454936
vn 0.7263639810316697 -0.5469135922302653 0.4162702123544412
vn -0.6753569340191283 -0.6804005016332735 0.2845139171454936
vn -0.7263639810316697 0.5469135922302653 -0.4162702123544412
vn -0.1276259328354051 0.48779163585590224 0.8635803038843092
vn 0.1276259328354051 -0.48779163585590224 -0.8635803038843092
usemtl m_3722afce-2475-6df4-1e92-dcadf5eef328
f 4/4/1 7/3/1 5/2/1 2/1/1
f 3/8/2 4/7/2 2/6/2 1/5/2
f 8/12/3 3/11/3 1/10/3 6/9/3
f 7/16/4 8/15/4 6/14/4 5/13/4
f 6/20/5 1/19/5 2/18/5 5/17/5
f 7/24/6 4/23/6 3/22/6 8/21/6
o cube
v 1.2206374710379497 1.6650781789793623 0.9137440311159031
v 1.2296636493334718 2.5014647020844216 0.854936190876646
v 1.203791093382736 1.652245744136538 0.728650786316793
v 1.212817271678258 2.488632267241597 0.6698429460775359
v 1.0687802173872156 2.5042170879286054 0.8693882755214906
v 1.0597540390916933 1.6678305648235465 0.9281961157607479
v 1.0519338397320017 2.491384653085781 0.6842950307223807
v 1.0429076614364796 1.6549981299807222 0.7431028709616379
vt 0.3645833333333333 0.9064498697916663
vt 0.38477766927083334 0.9064498697916663
vt 0.38477766927083334 0.9374999999999998
vt 0.3645833333333333 0.9374999999999998
vt 0.32291666666666685 0.026708333333333223
vt 0.32291666666666685 0.16645833333333304
vt 0.34620426432291695 0.16645833333333304
vt 0.34620426432291695 0.026708333333333223
vt 0.36458333333333315 0.8231165364583328
vt 0.3847776692708331 0.8231165364583328
vt 0.3847776692708331 0.8541666666666663
vt 0.36458333333333315 0.8541666666666663
vt 0.42953759765625 0.5579583333333333
vt 0.42953759765625 0.6977083333333332
vt 0.4062499999999999 0.6977083333333332
vt 0.4062499999999999 0.5579583333333333
vt 0.35416666666666663 0.5477500000000002
vt 0.37436100260416666 0.5477500000000002
vt 0.37436100260416666 0.6875
vt 0.35416666666666663 0.6875
vt 0.38541666666666663 0.19358333333333366
vt 0.4056110026041666 0.19358333333333366
vt 0.4056110026041666 0.3333333333333335
vt 0.38541666666666663 0.3333333333333335
vn 0.010764672982137232 0.9974794551044249 -0.07013457392875055
vn 0.99584502582914 -0.01703686774290604 -0.08945630033077677
vn -0.010764672982137232 -0.9974794551044249 0.07013457392875055
vn -0.99584502582914 0.01703686774290604 0.08945630033077677
vn 0.09042569516983016 0.06888019876633969 0.9935183500423947
vn -0.09042569516983016 -0.06888019876633969 -0.9935183500423947
usemtl m_3722afce-2475-6df4-1e92-dcadf5eef328
f 12/28/7 15/27/7 13/26/7 10/25/7
f 11/32/8 12/31/8 10/30/8 9/29/8
f 16/36/9 11/35/9 9/34/9 14/33/9
f 15/40/10 16/39/10 14/38/10 13/37/10
f 14/44/11 9/43/11 10/42/11 13/41/11
f 15/48/12 12/47/12 11/46/12 16/45/12
o cube
v 0.8915859677120626 0.7808141713071657 1.1824501482345846
v 1.226415318741282 1.7241965487607835 0.9305393344545667
v 0.9028682898340608 0.7225034342771013 0.9790778976847461
v 1.2376976408632805 1.665885811730719 0.7271670839047282
v 1.0189430789613778 1.789741743571311 0.90023649204569
v 0.6841137279321581 0.8463593661176934 1.1521473058257077
v 1.030225401083376 1.7314310065412468 0.6968642414958515
v 0.6953960500541563 0.788048629087629 0.9487750552758691
vt 0.3645833333333333 0.9021888020833332
vt 0.3920432942708333 0.9021888020833332
vt 0.3920432942708333 0.9374999999999998
vt 0.3645833333333333 0.9374999999999998
vt 0.4119000651041669 0.19233333333333313
vt 0.4119000651041669 0.3643749999999998
vt 0.38541666666666685 0.3643749999999998
vt 0.38541666666666685 0.19233333333333313
vt 0.36458333333333315 0.8188554687499997
vt 0.39204329427083306 0.8188554687499997
vt 0.39204329427083306 0.8541666666666663
vt 0.36458333333333315 0.8541666666666663
vt 0.37023339843749986 0.06733333333333336
vt 0.37023339843749986 0.2393749999999999
vt 0.3437499999999999 0.2393749999999999
vt 0.3437499999999999 0.06733333333333336
vt 0.3333333333333333 0.20295833333333346
vt 0.36079329427083323 0.20295833333333346
vt 0.36079329427083323 0.375
vt 0.3333333333333333 0.375
vt 0.34375 0.5987916666666668
vt 0.3712099609374999 0.5987916666666668
vt 0.3712099609374999 0.7708333333333334
vt 0.34375 0.7708333333333334
vn 0.32436846793821256 0.9139088180708338 -0.24404050741585648
vn 0.9444306942575423 -0.2983671160335568 0.13794103020506576
vn -0.32436846793821256 -0.9139088180708338 0.24404050741585648
vn -0.9444306942575423 0.2983671160335568 -0.13794103020506576
vn -0.05325186148514986 0.2752230664791561 0.959904423849675
vn 0.05325186148514986 -0.2752230664791561 -0.959904423849675
usemtl m_3722afce-2475-6df4-1e92-dcadf5eef328
f 20/52/13 23/51/13 21/50/13 18/49/13
f 19/56/14 20/55/14 18/54/14 17/53/14
f 24/60/15 19/59/15 17/58/15 22/57/15
f 23/64/16 24/63/16 22/62/16 21/61/16
f 22/68/17 17/67/17 18/66/17 21/65/17
f 23/72/18 20/71/18 19/70/18 24/69/18
o cube
v 1.2032337256545569 2.459875430799545 0.8538636196254208
v 1.4293881642442188 3.0905931688414667 0.7642795539358687
v 1.2050176617115405 2.4397123243912104 0.7164085519910814
v 1.4311721003012023 3.070430062433132 0.6268244863015293
v 1.2946405167426553 3.137679763599703 0.7556236838543571
v 1.0684860781529937 2.5069620255577814 0.8452077495439094
v 1.296424452799639 3.117516657191368 0.618168616220018
v 1.070270014209977 2.4867989191494466 0.7077526819095701
vt 0.3645833333333333 0.9143437499999998
vt 0.38245833333333334 0.9143437499999998
vt 0.38245833333333334 0.9374999999999998
vt 0.3645833333333333 0.9374999999999998
vt 0.3923671875000002 0.24129166666666746
vt 0.3923671875000002 0.35395833333333315
vt 0.3750000000000002 0.35395833333333315
vt 0.3750000000000002 0.24129166666666746
vt 0.36458333333333315 0.8310104166666663
vt 0.3824583333333331 0.8310104166666663
vt 0.3824583333333331 0.8541666666666663
vt 0.36458333333333315 0.8541666666666663
vt 0.41320052083333325 0.4183750000000007
vt 0.41320052083333325 0.5310416666666666
vt 0.39583333333333326 0.5310416666666666
vt 0.39583333333333326 0.4183750000000007
vt 0.3333333333333333 0.043583333333334195
vt 0.3512083333333333 0.043583333333334195
vt 0.3512083333333333 0.15625
vt 0.3333333333333333 0.15625
vt 0.34375 0.6581666666666675
vt 0.361625 0.6581666666666675
vt 0.361625 0.7708333333333334
vt 0.34375 0.7708333333333334
vn 0.33454798607938385 0.933014405387465 -0.13252080723306633
vn 0.9422912412696752 -0.3292768864212329 0.06053056001056917
vn -0.33454798607938385 -0.933014405387465 0.13252080723306633
vn -0.9422912412696752 0.3292768864212329 -0.06053056001056917
vn -0.012839845664298997 0.14512357288949868 0.989330221389756
vn 0.012839845664298997 -0.14512357288949868 -0.989330221389756
usemtl m_3722afce-2475-6df4-1e92-dcadf5eef328
f 28/76/19 31/75/19 29/74/19 26/73/19
f 27/80/20 28/79/20 26/78/20 25/77/20
f 32/84/21 27/83/21 25/82/21 30/81/21
f 31/88/22 32/87/22 30/86/22 29/85/22
f 30/92/23 25/91/23 26/90/23 29/89/23
f 31/96/24 28/95/24 27/94/24 32/93/24
o cube
v 0.620432975283947 0.0009837905416014703 1.628570574455395
v 0.9508112802778286 0.9076826307398014 1.138659918036704
v 0.6122200073901198 -0.10708767947702924 1.4230194977095232
v 0.9425983123840016 0.7996111607211707 0.9331088412908324
v 0.7296809613090738 0.9741490080250674 1.1125497026345008
v 0.39930265631519224 0.06745016782686764 1.6024603590531918
v 0.7214679934152468 0.8660775380064367 0.9069986258886291
v 0.39108968842136527 -0.04062130219176313 1.39690928230732
vt 0.3645833333333333 0.8987708333333331
vt 0.3936302083333333 0.8987708333333331
vt 0.3936302083333333 0.9374999999999998
vt 0.3645833333333333 0.9374999999999998
vt 0.37279687500000025 0.5173333333333343
vt 0.37279687500000025 0.6977083333333332
vt 0.3437500000000002 0.6977083333333332
vt 0.3437500000000002 0.5173333333333343
vt 0.3776041666666665 0.7633541666666662
vt 0.40665104166666655 0.7633541666666662
vt 0.40665104166666655 0.8020833333333329
vt 0.3776041666666665 0.8020833333333329
vt 0.41446354166666655 0.07983333333333442
vt 0.41446354166666655 0.26020833333333326
vt 0.3854166666666665 0.26020833333333326
vt 0.3854166666666665 0.07983333333333442
vt 0.3333333333333333 0.19462500000000116
vt 0.3623802083333333 0.19462500000000116
vt 0.3623802083333333 0.375
vt 0.3333333333333333 0.375
vt 0.34375 0.5487916666666679
vt 0.37279687499999997 0.5487916666666679
vt 0.37279687499999997 0.7291666666666667
vt 0.34375 0.7291666666666667
vn 0.3052698590842078 0.8377905661337087 -0.4526778992087727
vn 0.9516097642549962 -0.2860306714804352 0.11236241162863146
vn -0.3052698590842078 -0.8377905661337087 0.4526778992087727
vn -0.9516097642549962 0.2860306714804352 -0.11236241162863146
vn 0.03534359502453807 0.46507356651374127 0.8845662259101521
vn -0.03534359502453807 -0.46507356651374127 -0.8845662259101521
usemtl m_3722afce-2475-6df4-1e92-dcadf5eef328
f 36/100/25 39/99/25 37/98/25 34/97/25
f 35/104/26 36/103/26 34/102/26 33/101/26
f 40/108/27 35/107/27 33/106/27 38/105/27
f 39/112/28 40/111/28 38/110/28 37/109/28
f 38/116/29 33/115/29 34/114/29 37/113/29
f 39/120/30 36/119/30 35/118/30 40/117/30
o cube
v 0.6994909709572024 0.17830202623023994 1.282750468126761
v 1.2663231708205231 0.6699685503829218 0.6626644088991169
v 0.5308468709737919 0.29344567355268925 1.21988721108333
v 1.0976790708371127 0.7851121977053712 0.599801151855686
v 1.307920137780242 0.8140041651677081 0.8148948758804679
v 0.7410879379169213 0.32233764101502627 1.434980935108112
v 1.1392760377968316 0.9291478124901578 0.7520316188370373
v 0.5724438379335108 0.4374812883374757 1.372117678064681
vt 0.3912908583333332 0.9018899666666667
vt 0.3645833333333333 0.9018899666666667
vt 0.3645833333333333 0.9374999999999998
vt 0.3912908583333332 0.9374999999999998
vt 0.3808741916666665 0.6041666666666656
vt 0.3808741916666665 0.4419304333333339
vt 0.3541666666666666 0.4419304333333339
vt 0.3541666666666666 0.6041666666666656
vt 0.391290858333333 0.8185566333333331
vt 0.36458333333333315 0.8185566333333331
vt 0.36458333333333315 0.8541666666666663
vt 0.391290858333333 0.8541666666666663
vt 0.3600408583333335 0.27083333333333304
vt 0.3600408583333335 0.10859710000000133
vt 0.3333333333333336 0.10859710000000133
vt 0.3333333333333336 0.27083333333333304
vt 0.40170752499999984 0.0877637666666683
vt 0.375 0.0877637666666683
vt 0.375 0.25
vt 0.40170752499999984 0.25
vt 0.3704575249999999 0.6085971000000017
vt 0.34375 0.6085971000000017
vt 0.34375 0.7708333333333334
vt 0.3704575249999999 0.7708333333333334
vn 0.5823115550054134 0.5050932150511047 -0.6370196990804255
vn -0.19468748489292398 -0.6741340445473101 -0.7124886477750737
vn -0.5823115550054134 -0.5050932150511047 0.6370196990804255
vn 0.19468748489292398 0.6741340445473101 0.7124886477750737
vn 0.7893098479895235 -0.5389101354508228 0.29422071608765255
vn -0.7893098479895235 0.5389101354508228 -0.29422071608765255
usemtl m_3722afce-2475-6df4-1e92-dcadf5eef328
f 44/124/31 47/123/31 45/122/31 42/121/31
f 43/128/32 44/127/32 42/126/32 41/125/32
f 48/132/33 43/131/33 41/130/33 46/129/33
f 47/136/34 48/135/34 46/134/34 45/133/34
f 46/140/35 41/139/35 42/138/35 45/137/35
f 47/144/36 44/143/36 43/142/36 48/141/36
o cube
v 1.2524881374113084 0.7984362127306608 0.8162646474316839
v 1.8820262012160858 1.3941881906188855 0.37759016168426807
v 1.2530814264243468 0.694654411037209 0.6761728080204503
v 1.882619490229124 1.2904063889254338 0.23749832227303447
v 1.7492460942206192 1.4847073159882411 0.3099701280192806
v 1.1197080304158418 0.8889553381000166 0.7486446137666962
v 1.7498393832336578 1.3809255142947896 0.16987828860804677
v 1.1203013194288802 0.7851735364065648 0.6085527743554626
vt 0.38637665865333337 0.9501088995733331
vt 0.3645833333333333 0.9501088995733331
vt 0.3645833333333333 0.9791666666666665
vt 0.38637665865333337 0.9791666666666665
vt 0.40720999198666663 0.281249999999999
vt 0.40720999198666663 0.11934520138000071
vt 0.3854166666666665 0.11934520138000071
vt 0.3854166666666665 0.281249999999999
vt 0.38637665865333326 0.8667755662399995
vt 0.36458333333333315 0.8667755662399995
vt 0.36458333333333315 0.8958333333333329
vt 0.38637665865333326 0.8958333333333329
vt 0.3541666666666668 0.23392853471333463
vt 0.3541666666666668 0.39583333333333304
vt 0.37595999198666685 0.39583333333333304
vt 0.37595999198666685 0.23392853471333463
vt 0.3447099919866664 0.1818452013800016
vt 0.32291666666666635 0.1818452013800016
vt 0.32291666666666635 0.34375
vt 0.3447099919866664 0.34375
vt 0.36554332532000006 0.6505952013800016
vt 0.34375 0.6505952013800016
vt 0.34375 0.8125
vt 0.36554332532000006 0.8125
vn 0.6480537422512788 0.6132739558124479 -0.45157657410041185
vn 0.7615870056875417 -0.5191906469080985 0.38784830144147203
vn -0.6480537422512788 -0.6132739558124479 0.45157657410041185
vn -0.7615870056875417 0.5191906469080985 -0.38784830144147203
vn -0.003402928444414699 0.5952613940827189 0.8035249173440113
vn 0.003402928444414699 -0.5952613940827189 -0.8035249173440113
usemtl m_3722afce-2475-6df4-1e92-dcadf5eef328
f 52/148/37 55/147/37 53/146/37 50/145/37
f 51/152/38 52/151/38 50/150/38 49/149/38
f 56/156/39 51/155/39 49/154/39 54/153/39
f 55/160/40 56/159/40 54/158/40 53/157/40
f 54/164/41 49/163/41 50/162/41 53/161/41
f 55/168/42 52/167/42 51/166/42 56/165/42