# Made in Blockbench 4.8.1
mtllib birch_twig_branch.mtl

o cube
v -0.04819109009024025 0.3719443782265778 -1.095453308642877
v -0.8886988625239287 0.15591709061288572 -1.2634086727025113
v -0.009136525458852018 0.24408193515007715 -1.1264370666511736
v -0.8496442978925405 0.02805464753638509 -1.2943924307108077
v -0.9054812537893007 0.11890335438878197 -1.131815928027427
v -0.06497348135561232 0.334930642002474 -0.9638605639677927
v -0.8664266891579127 -0.008959088687718608 -1.1627996860357235
v -0.025918916724224195 0.2070681989259735 -0.9948443219760892
vt 0.38179902193458337 0.9479166666666665
vt 0.3645833333333333 0.9479166666666665
vt 0.3645833333333333 0.9250437954066665
vt 0.38179902193458337 0.9250437954066665
vt 0.3854166666666665 0.6979166666666656
vt 0.3854166666666665 0.5505952013799995
vt 0.4025713201116665 0.5505952013799995
vt 0.4025713201116665 0.6979166666666656
vt 0.38179902193458315 0.8645833333333329
vt 0.36458333333333315 0.8645833333333329
vt 0.36458333333333315 0.8417104620733329
vt 0.38179902193458315 0.8417104620733329
vt 0.35048798677833354 0.2172618680466668
vt 0.35048798677833354 0.36458333333333304
vt 0.3333333333333335 0.36458333333333304
vt 0.3333333333333335 0.2172618680466668
vt 0.36096568860125017 0.625
vt 0.3437500000000001 0.625
vt 0.3437500000000001 0.47767853471333377
vt 0.36096568860125017 0.47767853471333377
vt 0.36096568860124967 0.6875
vt 0.34374999999999967 0.6875
vt 0.34374999999999967 0.5401785347133339
vt 0.36096568860124967 0.5401785347133339
vn -0.9508772429487022 -0.244394446291691 -0.1900100614811036
vn 0.12185390644317239 0.26875004161477534 -0.9554711092527053
vn 0.9508772429487022 0.244394446291691 0.1900100614811036
vn -0.12185390644317239 -0.26875004161477534 0.9554711092527053
vn -0.28457704462379524 0.9316892023383304 0.22576788061934785
vn 0.28457704462379524 -0.9316892023383304 -0.22576788061934785
usemtl m_3722afce-2475-6df4-1e92-dcadf5eef328
f 4/4/1 7/3/1 5/2/1 2/1/1
f 3/8/2 4/7/2 2/6/2 1/5/2
f 8/12/3 3/11/3 1/10/3 6/9/3
f 7/16/4 8/15/4 6/14/4 5/13/4
f 6/20/5 1/19/5 2/18/5 5/17/5
f 7/24/6 4/23/6 3/22/6 8/21/6
o cube
v -0.5117377376361953 0.5633053326288415 -0.2835409398569638
v -1.183180153407884 0.2556593997053018 0.11344937773060881
v -0.4434347162537089 0.390921104185772 -0.30160626986977623
v -1.1148771320253976 0.08327517126223216 0.09538404771779652
v -1.1066574897781412 0.2711576268959802 0.25488488938937937
v -0.43521507400645243 0.57880355981952 -0.14210542819819327
v -1.0383544683956545 0.09877339845291055 0.23681955937656696
v -0.366912052623966 0.40641933137645037 -0.16017075821100568
vt 0.3645833333333333 0.9479166666666665
vt 0.38477766927083346 0.9479166666666665
vt 0.38477766927083346 0.916866536458333
vt 0.3645833333333333 0.916866536458333
vt 0.35416666666666685 0.19337499999999996
vt 0.35416666666666685 0.3331249999999998
vt 0.37745426432291695 0.3331249999999998
vt 0.37745426432291695 0.19337499999999996
vt 0.36458333333333315 0.8645833333333329
vt 0.38477766927083323 0.8645833333333329
vt 0.38477766927083323 0.8335332031249995
vt 0.36458333333333315 0.8335332031249995
vt 0.4062499999999999 0.5683750000000001
vt 0.4062499999999999 0.7081249999999999
vt 0.42953759765625 0.7081249999999999
vt 0.42953759765625 0.5683750000000001
vt 0.38541666666666663 0.3437500000000001
vt 0.4056110026041667 0.3437500000000001
vt 0.4056110026041667 0.2040000000000003
vt 0.38541666666666663 0.2040000000000003
vt 0.35416666666666663 0.7604166666666666
vt 0.3743610026041667 0.7604166666666666
vt 0.3743610026041667 0.6206666666666669
vt 0.35416666666666663 0.6206666666666669
vn -0.8007661488034461 -0.3669003374162675 0.4734529726745058
vn -0.4736641493595945 -0.09593177041475996 -0.8754652300557354
vn 0.8007661488034461 0.3669003374162675 -0.4734529726745058
vn 0.4736641493595945 0.09593177041475996 0.8754652300557354
vn -0.36662767018045583 0.9253006202466953 0.0969686218791008
vn 0.36662767018045583 -0.9253006202466953 -0.0969686218791008
usemtl m_3722afce-2475-6df4-1e92-dcadf5eef328
f 12/28/7 15/27/7 13/26/7 10/25/7
f 11/32/8 12/31/8 10/30/8 9/29/8
f 16/36/9 11/35/9 9/34/9 14/33/9
f 15/40/10 16/39/10 14/38/10 13/37/10
f 14/44/11 9/43/11 10/42/11 13/41/11
f 15/48/12 12/47/12 11/46/12 16/45/12
o cube
v 0.41094363425777214 0.9432583685946057 -0.5304771857596337
v -0.5245347128666276 0.5675442455293884 -0.308532998427019
v 0.4891117021554062 0.7463754370326279 -0.53429419504342
v -0.4463666449689936 0.37066131396741087 -0.31235000771080534
v -0.47920139730382727 0.5813841911994326 -0.09402772692062578
v 0.45627694982057254 0.9570983142646499 -0.31597191425324045
v -0.4010333294061932 0.3845012596374551 -0.09784473620441214
v 0.5344450177182067 0.7602153827026723 -0.3197889235370268
vt 0.3645833333333333 0.9479166666666665
vt 0.3920432942708333 0.9479166666666665
vt 0.3920432942708333 0.9126054687499999
vt 0.3645833333333333 0.9126054687499999
vt 0.34635416666666685 0.16108333333333313
vt 0.34635416666666685 0.3331249999999998
vt 0.37283756510416677 0.3331249999999998
vt 0.37283756510416677 0.16108333333333313
vt 0.36458333333333315 0.8645833333333329
vt 0.3920432942708332 0.8645833333333329
vt 0.3920432942708332 0.8292721354166663
vt 0.36458333333333315 0.8292721354166663
vt 0.4062499999999999 0.6194166666666667
vt 0.4062499999999999 0.7914583333333333
vt 0.4327333984374998 0.7914583333333333
vt 0.4327333984374998 0.6194166666666667
vt 0.34375 0.78125
vt 0.3712099609375 0.78125
vt 0.3712099609375 0.6092083333333334
vt 0.34375 0.6092083333333334
vt 0.35416666666666663 0.7604166666666666
vt 0.38162662760416666 0.7604166666666666
vt 0.38162662760416666 0.5883750000000001
vt 0.35416666666666663 0.5883750000000001
vn -0.9062517288683947 -0.36397590028115034 0.21501011124496466
vn -0.2063609798370656 -0.06300057063784907 -0.9764456329463468
vn 0.9062517288683947 0.36397590028115034 -0.21501011124496466
vn 0.2063609798370656 0.06300057063784907 0.9764456329463468
vn -0.3689484380285844 0.929275240235008 0.018016047358850117
vn 0.3689484380285844 -0.929275240235008 -0.018016047358850117
usemtl m_3722afce-2475-6df4-1e92-dcadf5eef328
f 20/52/13 23/51/13 21/50/13 18/49/13
f 19/56/14 20/55/14 18/54/14 17/53/14
f 24/60/15 19/59/15 17/58/15 22/57/15
f 23/64/16 24/63/16 22/62/16 21/61/16
f 22/68/17 17/67/17 18/66/17 21/65/17
f 23/72/18 20/71/18 19/70/18 24/69/18
o cube
v -1.1053541949648236 0.2696729991921857 0.08905072223089339
v -1.6779049445688266 -0.0413786772859025 0.26907431426276684
v -1.044449408061899 0.14631776463695767 0.06961565221856736
v -1.6170001576659017 -0.1647339118411305 0.24963924425044093
v -1.6348897815757724 -0.04162725603722195 0.4054511229997563
v -1.0623390319717698 0.26942442044086623 0.22542753096788282
v -1.573984994672848 -0.16498249059244996 0.38601605298743036
v -1.001434245068845 0.14606918588563822 0.2059924609555569
vt 0.3645833333333333 0.9479166666666665
vt 0.38245833333333334 0.9479166666666665
vt 0.38245833333333334 0.9247604166666665
vt 0.3645833333333333 0.9247604166666665
vt 0.3750000000000002 0.2517083333333341
vt 0.3750000000000002 0.3643749999999998
vt 0.3923671875000002 0.3643749999999998
vt 0.3923671875000002 0.2517083333333341
vt 0.36458333333333315 0.8645833333333329
vt 0.3824583333333331 0.8645833333333329
vt 0.3824583333333331 0.8414270833333329
vt 0.36458333333333315 0.8414270833333329
vt 0.39583333333333326 0.42879166666666746
vt 0.39583333333333326 0.5414583333333332
vt 0.41320052083333325 0.5414583333333332
vt 0.41320052083333325 0.42879166666666746
vt 0.34375 0.78125
vt 0.361625 0.78125
vt 0.361625 0.6685833333333342
vt 0.34375 0.6685833333333342
vt 0.35416666666666663 0.7604166666666666
vt 0.3720416666666666 0.7604166666666666
vt 0.3720416666666666 0.6477500000000009
vt 0.35416666666666663 0.6477500000000009
vn -0.8469685645029691 -0.4601356160918501 0.2663070888045485
vn -0.3008053356157615 0.0017383129462897051 -0.9536839771817445
vn 0.8469685645029691 0.4601356160918501 -0.2663070888045485
vn 0.3008053356157615 -0.0017383129462897051 0.9536839771817445
vn -0.43836103933729015 0.887846942367813 0.13988354484805005
vn 0.43836103933729015 -0.887846942367813 -0.13988354484805005
usemtl m_3722afce-2475-6df4-1e92-dcadf5eef328
f 28/76/19 31/75/19 29/74/19 26/73/19
f 27/80/20 28/79/20 26/78/20 25/77/20
f 32/84/21 27/83/21 25/82/21 30/81/21
f 31/88/22 32/87/22 30/86/22 29/85/22
f 30/92/23 25/91/23 26/90/23 29/89/23
f 31/96/24 28/95/24 27/94/24 32/93/24
o cube
v 1.471712974860933 1.1252766610352756 -0.6246004393737064
v 0.4075643088142671 0.9521508765744746 -0.53036593504582
v 1.509103291042626 0.8959312349709068 -0.6237170231715917
v 0.4449546249959603 0.7228054505101058 -0.5294825188437053
v 0.4273927314726613 0.9562751954334159 -0.29887519165889775
v 1.4915413975193275 1.1294009798942168 -0.3931096959867841
v 0.46478304765435463 0.7269297693690471 -0.2979917754567832
v 1.5289317137010205 0.900055553829848 -0.3922262797846695
vt 0.3645833333333333 0.9479166666666665
vt 0.3936302083333333 0.9479166666666665
vt 0.3936302083333333 0.9091874999999998
vt 0.3645833333333333 0.9091874999999998
vt 0.3437500000000002 0.5277500000000006
vt 0.3437500000000002 0.7081249999999997
vt 0.37279687500000025 0.7081249999999997
vt 0.37279687500000025 0.5277500000000006
vt 0.36458333333333315 0.8645833333333329
vt 0.3936302083333332 0.8645833333333329
vt 0.3936302083333332 0.8258541666666663
vt 0.36458333333333315 0.8258541666666663
vt 0.39583333333333326 0.09025000000000072
vt 0.39583333333333326 0.2706249999999999
vt 0.4248802083333333 0.2706249999999999
vt 0.4248802083333333 0.09025000000000072
vt 0.34375 0.7395833333333333
vt 0.372796875 0.7395833333333333
vt 0.372796875 0.5592083333333342
vt 0.34375 0.5592083333333342
vt 0.35416666666666663 0.7604166666666666
vt 0.38321354166666666 0.7604166666666666
vt 0.38321354166666666 0.5800416666666677
vt 0.35416666666666663 0.5800416666666677
vn -0.9832743507014748 -0.1599683848101658 0.08707276907173649
vn -0.0853294143448925 -0.017748548075056127 -0.9961946998899288
vn 0.9832743507014748 0.1599683848101658 -0.08707276907173649
vn 0.0853294143448925 0.017748548075056127 0.9961946998899288
vn -0.16090507232573767 0.9869625650967996 -0.003801683494844878
vn 0.16090507232573767 -0.9869625650967996 0.003801683494844878
usemtl m_3722afce-2475-6df4-1e92-dcadf5eef328
f 36/100/25 39/99/25 37/98/25 34/97/25
f 35/104/26 36/103/26 34/102/26 33/101/26
f 40/108/27 35/107/27 33/106/27 38/105/27
f 39/112/28 40/111/28 38/110/28 37/109/28
f 38/116/29 33/115/29 34/114/29 37/113/29
f 39/120/30 36/119/30 35/118/30 40/117/30
o cube
v 0.8773501816757576 1.032367718198877 -0.5723645614199493
v 0.419465658292161 0.6920339653417635 -0.9060208359521638
v 1.0083312608504809 0.8637420844780928 -0.5801126976170228
v 0.5504467374668842 0.523408331620979 -0.9137689721492371
v 0.3383268526436587 0.6205418082865006 -0.7217491703017989
v 0.7962113760272553 0.9608755611436142 -0.38809289576958445
v 0.46930793181838193 0.4519161745657161 -0.7294973064988722
v 0.9271924552019786 0.7922499274228296 -0.3958410319666579
vt 0.3912908583333332 0.9479166666666665
vt 0.3645833333333333 0.9479166666666665
vt 0.3645833333333333 0.9123066333333333
vt 0.3912908583333332 0.9123066333333333
vt 0.3541666666666666 0.6145833333333324
vt 0.3541666666666666 0.504430433333334
vt 0.3808741916666665 0.504430433333334
vt 0.3808741916666665 0.6145833333333324
vt 0.391290858333333 0.8645833333333329
vt 0.36458333333333315 0.8645833333333329
vt 0.36458333333333315 0.8289732999999998
vt 0.391290858333333 0.8289732999999998
vt 0.32291666666666685 0.30208333333333304
vt 0.32291666666666685 0.1919304333333347
vt 0.34962419166666675 0.1919304333333347
vt 0.34962419166666675 0.30208333333333304
vt 0.3704575249999999 0.78125
vt 0.34375 0.78125
vt 0.34375 0.6710971000000017
vt 0.3704575249999999 0.6710971000000017
vt 0.3808741916666665 0.65625
vt 0.35416666666666663 0.65625
vt 0.35416666666666663 0.5460971000000017
vt 0.3808741916666665 0.5460971000000017
vn -0.6928014353739266 -0.5149414327072018 -0.5048380849592089
vn 0.37975629363120766 0.3346068058312368 -0.8624519945706574
vn 0.6928014353739266 0.5149414327072018 0.5048380849592089
vn -0.37975629363120766 -0.3346068058312368 0.8624519945706574
vn -0.6130345247955574 0.7892234198076434 0.036263825443734764
vn 0.6130345247955574 -0.7892234198076434 -0.036263825443734764
usemtl m_3722afce-2475-6df4-1e92-dcadf5eef328
f 44/124/31 47/123/31 45/122/31 42/121/31
f 43/128/32 44/127/32 42/126/32 41/125/32
f 48/132/33 43/131/33 41/130/33 46/129/33
f 47/136/34 48/135/34 46/134/34 45/133/34
f 46/140/35 41/139/35 42/138/35 45/137/35
f 47/144/36 44/143/36 43/142/36 48/141/36
o cube
v 0.49273841020992304 0.7155842832920332 -0.8641391146059051
v -0.0903339074843128 0.37901131367530627 -1.1233780198354522
v 0.5848759765735139 0.5684648805904935 -0.8803652674941238
v 0.001803658879278025 0.2318919109737667 -1.1396041727236708
v -0.13562983801325745 0.3327882313848096 -0.9614878003492285
v 0.4474424796809784 0.6693612010015364 -0.7022488951196815
v -0.043492271649666736 0.18566882868327006 -0.9777139532374473
v 0.539580046044569 0.522241798299997 -0.7184750480079001
vt 0.38637665865333337 0.9479166666666665
vt 0.3645833333333333 0.9479166666666665
vt 0.3645833333333333 0.9188588995733331
vt 0.38637665865333337 0.9188588995733331
vt 0.3854166666666665 0.249999999999999
vt 0.3854166666666665 0.12976186804666734
vt 0.4072099919866665 0.12976186804666734
vt 0.4072099919866665 0.249999999999999
vt 0.38637665865333315 0.8645833333333329
vt 0.36458333333333315 0.8645833333333329
vt 0.36458333333333315 0.8355255662399995
vt 0.38637665865333315 0.8355255662399995
vt 0.35512665865333354 0.2443452013800015
vt 0.35512665865333354 0.36458333333333304
vt 0.3333333333333335 0.36458333333333304
vt 0.3333333333333335 0.2443452013800015
vt 0.36554332532 0.78125
vt 0.34375 0.78125
vt 0.34375 0.6610118680466683
vt 0.36554332532 0.6610118680466683
vt 0.36554332531999967 0.6875
vt 0.34374999999999967 0.6875
vt 0.34374999999999967 0.5672618680466683
vt 0.36554332531999967 0.5672618680466683
vn -0.8082188074364317 -0.46653664710870313 -0.35934094702747366
vn 0.2598039185383979 0.26512178391654834 -0.9285539099077667
vn 0.8082188074364317 0.46653664710870313 0.35934094702747366
vn -0.2598039185383979 -0.26512178391654834 0.9285539099077667
vn -0.5284735406982319 0.8438329198351274 0.09306836296184523
vn 0.5284735406982319 -0.8438329198351274 -0.09306836296184523
usemtl m_3722afce-2475-6df4-1e92-dcadf5eef328
f 52/148/37 55/147/37 53/146/37 50/145/37
f 51/152/38 52/151/38 50/150/38 49/149/38
f 56/156/39 51/155/39 49/154/39 54/153/39
f 55/160/40 56/159/40 54/158/40 53/157/40
f 54/164/41 49/163/41 50/162/41 53/161/41
f 55/168/42 52/167/42 51/166/42 56/165/42