# Made in Blockbench 4.8.1
mtllib birch_twig_branch_2.mtl

o cube
v 1.9126487378667334 1.6251823187206291 -0.16051827580330036
v 2.360978099179662 1.6132952540860477 -0.6085419296997103
v 1.8983656900407126 1.4891090440782049 -0.17120074280499797
v 2.346695051353641 1.4772219794436237 -0.6192243967014078
v 2.2646683595217953 1.6310073609730793 -0.7053873275956858
v 1.8163389982088667 1.6428944256076603 -0.2573636736992759
v 2.250385311695774 1.4949340863306548 -0.7160697945973833
v 1.8020559503828455 1.5068211509652363 -0.26804614070097343
vt 0.38961152193458337 0.9374999999999998
vt 0.3723958333333333 0.9374999999999998
vt 0.3723958333333333 0.9146271287399997
vt 0.38961152193458337 0.9146271287399997
vt 0.3932291666666665 0.6874999999999989
vt 0.3932291666666665 0.5818452013799995
vt 0.4103838201116665 0.5818452013799995
vt 0.4103838201116665 0.6874999999999989
vt 0.38961152193458326 0.8541666666666663
vt 0.37239583333333315 0.8541666666666663
vt 0.37239583333333315 0.8312937954066663
vt 0.38961152193458326 0.8312937954066663
vt 0.3999671534450002 0.1860118680466668
vt 0.3999671534450002 0.2916666666666664
vt 0.3828125000000001 0.2916666666666664
vt 0.3828125000000001 0.1860118680466668
vt 0.36877818860125017 0.6145833333333333
vt 0.3515625000000001 0.6145833333333333
vt 0.3515625000000001 0.5089285347133339
vt 0.36877818860125017 0.5089285347133339
vt 0.3844031886012498 0.7083333333333333
vt 0.36718749999999967 0.7083333333333333
vt 0.36718749999999967 0.6026785347133339
vt 0.3844031886012498 0.6026785347133339
vn 0.7072235354644587 -0.018751419386282817 -0.7067412929468261
vn 0.6992875937799665 -0.12860440335323803 0.703176911327144
vn -0.7072235354644587 0.018751419386282817 0.7067412929468261
vn -0.6992875937799665 0.12860440335323803 -0.703176911327144
vn 0.10407560747156888 0.9915186794554893 0.07783942587318154
vn -0.10407560747156888 -0.9915186794554893 -0.07783942587318154
usemtl m_3722afce-2475-6df4-1e92-dcadf5eef328
f 4/4/1 7/3/1 5/2/1 2/1/1
f 3/8/2 4/7/2 2/6/2 1/5/2
f 8/12/3 3/11/3 1/10/3 6/9/3
f 7/16/4 8/15/4 6/14/4 5/13/4
f 6/20/5 1/19/5 2/18/5 5/17/5
f 7/24/6 4/23/6 3/22/6 8/21/6
o cube
v 1.2832830667026034 1.0236222759303737 -0.308520964813355
v 1.3324271256339373 0.7206305824966757 -1.0888177962704177
v 1.300725722510864 0.8510909044150348 -0.2404279350984767
v 1.3498697814421978 0.5480992109813365 -1.0207247665555395
v 1.1718610239178426 0.703093951980307 -1.0921209194972823
v 1.1227169649865087 1.0060856454140052 -0.31182408804021977
v 1.1893036797261032 0.5305625804649683 -1.024027889782404
v 1.1401596207947693 0.8335542738986663 -0.24373105832534137
vt 0.3723958333333333 0.9374999999999998
vt 0.39259016927083334 0.9374999999999998
vt 0.39259016927083334 0.9064498697916663
vt 0.3723958333333333 0.9064498697916663
vt 0.35401676432291695 0.026708333333333223
vt 0.35401676432291695 0.16645833333333304
vt 0.33072916666666685 0.16645833333333304
vt 0.33072916666666685 0.026708333333333223
vt 0.37239583333333315 0.8541666666666663
vt 0.3925901692708331 0.8541666666666663
vt 0.3925901692708331 0.8231165364583328
vt 0.37239583333333315 0.8231165364583328
vt 0.3828124999999999 0.5579583333333333
vt 0.3828124999999999 0.6977083333333332
vt 0.40610009765625 0.6977083333333332
vt 0.40610009765625 0.5579583333333333
vt 0.39322916666666663 0.3333333333333335
vt 0.4134235026041666 0.3333333333333335
vt 0.4134235026041666 0.19358333333333366
vt 0.39322916666666663 0.19358333333333366
vt 0.36197916666666663 0.75
vt 0.3821735026041666 0.75
vt 0.3821735026041666 0.6102500000000002
vt 0.36197916666666663 0.6102500000000002
vn 0.05860949186801904 -0.36134966420238346 -0.9305865610698434
vn 0.9938807978944865 0.10854919029426773 0.020445851977304558
vn -0.05860949186801904 0.36134966420238346 0.9305865610698434
vn -0.9938807978944865 -0.10854919029426773 -0.020445851977304558
vn -0.09362631595652798 0.9260904348211808 -0.36550050546220153
vn 0.09362631595652798 -0.9260904348211808 0.36550050546220153
usemtl m_3722afce-2475-6df4-1e92-dcadf5eef328
f 12/28/7 15/27/7 13/26/7 10/25/7
f 11/32/8 12/31/8 10/30/8 9/29/8
f 16/36/9 11/35/9 9/34/9 14/33/9
f 15/40/10 16/39/10 14/38/10 13/37/10
f 14/44/11 9/43/11 10/42/11 13/41/11
f 15/48/12 12/47/12 11/46/12 16/45/12
o cube
v 0.9380994994821688 1.1871057806223133 0.6251869569486233
v 1.3178049920716737 1.0198464233672668 -0.3200051445884078
v 0.9296278138432954 0.9780889054628779 0.6587709052004485
v 1.3093333064328005 0.8108295482078314 -0.2864211963365825
v 1.1137164169798 1.0150805279563115 -0.4011488742167538
v 0.734010924390295 1.182339885211358 0.5440432273202771
v 1.1052447313409268 0.8060636527968761 -0.3675649259649284
v 0.7255392387514217 0.9733230100519226 0.5776271755721025
vt 0.3723958333333333 0.9374999999999998
vt 0.3998557942708333 0.9374999999999998
vt 0.3998557942708333 0.9021888020833332
vt 0.3723958333333333 0.9021888020833332
vt 0.39322916666666685 0.19233333333333313
vt 0.39322916666666685 0.3643749999999998
vt 0.4197125651041669 0.3643749999999998
vt 0.4197125651041669 0.19233333333333313
vt 0.37239583333333315 0.8541666666666663
vt 0.3998557942708332 0.8541666666666663
vt 0.3998557942708332 0.8188554687499996
vt 0.37239583333333315 0.8188554687499996
vt 0.3515624999999999 0.06733333333333336
vt 0.3515624999999999 0.2393749999999999
vt 0.3780458984374999 0.2393749999999999
vt 0.3780458984374999 0.06733333333333336
vt 0.3515625 0.7708333333333334
vt 0.3790224609375 0.7708333333333334
vt 0.3790224609375 0.5987916666666668
vt 0.3515625 0.5987916666666668
vt 0.36197916666666663 0.7604166666666666
vt 0.38943912760416666 0.7604166666666666
vt 0.38943912760416666 0.5883750000000001
vt 0.36197916666666663 0.5883750000000001
vn 0.36784256971615914 -0.16203376822964066 -0.9156620019733898
vn 0.9290279743859967 0.021694747772049862 0.36937292906676206
vn -0.36784256971615914 0.16203376822964066 0.9156620019733898
vn -0.9290279743859967 -0.021694747772049862 -0.36937292906676206
vn 0.039985831401444315 0.9865467023270669 -0.1585141552503278
vn -0.039985831401444315 -0.9865467023270669 0.1585141552503278
usemtl m_3722afce-2475-6df4-1e92-dcadf5eef328
f 20/52/13 23/51/13 21/50/13 18/49/13
f 19/56/14 20/55/14 18/54/14 17/53/14
f 24/60/15 19/59/15 17/58/15 22/57/15
f 23/64/16 24/63/16 22/62/16 21/61/16
f 22/68/17 17/67/17 18/66/17 21/65/17
f 23/72/18 20/71/18 19/70/18 24/69/18
o cube
v 1.306248402483088 0.6973809287267794 -1.03141063270566
v 1.5624030659816803 0.5142995365771341 -1.6296095897562917
v 1.3054339109848165 0.5644314296580786 -0.9910696336199812
v 1.5615885744834088 0.3813500375084333 -1.5892685906706125
v 1.4300697233023123 0.49930810048686636 -1.6816878314629418
v 1.1739150598037198 0.6823894926365117 -1.0834888744123101
v 1.4292552318040408 0.36635860141816556 -1.6413468323772626
v 1.1731005683054483 0.5494399935678107 -1.0431478753266314
vt 0.3723958333333333 0.9374999999999998
vt 0.39027083333333334 0.9374999999999998
vt 0.39027083333333334 0.9143437499999998
vt 0.3723958333333333 0.9143437499999998
vt 0.3828125000000002 0.24129166666666746
vt 0.3828125000000002 0.35395833333333315
vt 0.4001796875000002 0.35395833333333315
vt 0.4001796875000002 0.24129166666666746
vt 0.37239583333333315 0.8541666666666663
vt 0.3902708333333331 0.8541666666666663
vt 0.3902708333333331 0.8310104166666663
vt 0.37239583333333315 0.8310104166666663
vt 0.40364583333333326 0.4183750000000007
vt 0.40364583333333326 0.5310416666666666
vt 0.42101302083333325 0.5310416666666666
vt 0.42101302083333325 0.4183750000000007
vt 0.3515625 0.7708333333333334
vt 0.3694375 0.7708333333333334
vt 0.3694375 0.6581666666666675
vt 0.3515625 0.6581666666666675
vt 0.36197916666666663 0.71875
vt 0.3798541666666666 0.71875
vt 0.3798541666666666 0.6060833333333342
vt 0.36197916666666663 0.6060833333333342
vn 0.37892701700975495 -0.27083046175983233 -0.8849096997790482
vn 0.9254079907648138 0.10483521741446006 0.36418350843811303
vn -0.37892701700975495 0.27083046175983233 0.8849096997790482
vn -0.9254079907648138 -0.10483521741446006 -0.36418350843811303
vn 0.005862286987108875 0.9569014777774245 -0.2903535696675036
vn -0.005862286987108875 -0.9569014777774245 0.2903535696675036
usemtl m_3722afce-2475-6df4-1e92-dcadf5eef328
f 28/76/19 31/75/19 29/74/19 26/73/19
f 27/80/20 28/79/20 26/78/20 25/77/20
f 32/84/21 27/83/21 25/82/21 30/81/21
f 31/88/22 32/87/22 30/86/22 29/85/22
f 30/92/23 25/91/23 26/90/23 29/89/23
f 31/96/24 28/95/24 27/94/24 32/93/24
o cube
v 0.6079836922784585 1.1331022176310734 1.5514100150499028
v 0.9814832536877736 1.196641977262575 0.5376418763352313
v 0.6213722734143845 0.9013117537080304 1.541814841549268
v 0.9948718348236998 0.9648515133395319 0.5280467028345965
v 0.7637965249273879 1.1874120175637393 0.45686170184569375
v 0.39029696351807275 1.1238722579322376 1.470629840560365
v 0.7771851060633144 0.9556215536406962 0.447266528345059
v 0.4036855446539991 0.8920817940091945 1.4610346670597303
vt 0.3723958333333333 0.9374999999999998
vt 0.4014427083333333 0.9374999999999998
vt 0.4014427083333333 0.8987708333333331
vt 0.3723958333333333 0.8987708333333331
vt 0.3515625000000002 0.5173333333333339
vt 0.3515625000000002 0.6977083333333332
vt 0.38060937500000025 0.6977083333333332
vt 0.38060937500000025 0.5173333333333339
vt 0.37239583333333315 0.8541666666666663
vt 0.4014427083333332 0.8541666666666663
vt 0.4014427083333332 0.8154374999999996
vt 0.37239583333333315 0.8154374999999996
vt 0.3932291666666665 0.07983333333333409
vt 0.3932291666666665 0.26020833333333326
vt 0.42227604166666655 0.26020833333333326
vt 0.42227604166666655 0.07983333333333409
vt 0.3515625 0.7291666666666667
vt 0.380609375 0.7291666666666667
vt 0.380609375 0.5487916666666675
vt 0.3515625 0.5487916666666675
vt 0.38541666666666663 0.7395833333333333
vt 0.41446354166666666 0.7395833333333333
vt 0.41446354166666666 0.5592083333333342
vt 0.38541666666666663 0.5592083333333342
vn 0.34511393985614885 0.05871079661030437 -0.9367226968950576
vn 0.9367906563115036 0.03972010628869615 0.34762850775486936
vn -0.34511393985614885 -0.05871079661030437 0.9367226968950576
vn -0.9367906563115036 -0.03972010628869615 -0.34762850775486936
vn -0.05761627169844555 0.9974845139237994 0.0412917633163413
vn 0.05761627169844555 -0.9974845139237994 -0.0412917633163413
usemtl m_3722afce-2475-6df4-1e92-dcadf5eef328
f 36/100/25 39/99/25 37/98/25 34/97/25
f 35/104/26 36/103/26 34/102/26 33/101/26
f 40/108/27 35/107/27 33/106/27 38/105/27
f 39/112/28 40/111/28 38/110/28 37/109/28
f 38/116/29 33/115/29 34/114/29 37/113/29
f 39/120/30 36/119/30 35/118/30 40/117/30
o cube
v 0.54592111220455 1.1445026289304876 1.0993817561255053
v 1.1356897814950162 1.5074553948061098 0.4152913811827431
v 0.7088466210653341 1.140157218053485 1.2375377441636797
v 1.2986152903558004 1.5031099839291064 0.5534473692209176
v 1.1841494086031878 1.3092507544698058 0.3519094740346217
v 0.5943807393127216 0.9462979885941838 1.035999848977384
v 1.347074917463972 1.3049053435928029 0.4900654620727962
v 0.7573062481735058 0.9419525777171811 1.1741558370155585
vt 0.3991033583333332 0.9374999999999998
vt 0.3723958333333333 0.9374999999999998
vt 0.3723958333333333 0.9018899666666667
vt 0.3991033583333332 0.9018899666666667
vt 0.3619791666666666 0.6041666666666656
vt 0.3619791666666666 0.4419304333333339
vt 0.3886866916666665 0.4419304333333339
vt 0.3886866916666665 0.6041666666666656
vt 0.399103358333333 0.8541666666666663
vt 0.37239583333333315 0.8541666666666663
vt 0.37239583333333315 0.8185566333333331
vt 0.399103358333333 0.8185566333333331
vt 0.3593750000000002 0.33333333333333304
vt 0.3593750000000002 0.17109710000000133
vt 0.3860825250000002 0.17109710000000133
vt 0.3860825250000002 0.33333333333333304
vt 0.3782700249999999 0.7708333333333334
vt 0.3515625 0.7708333333333334
vt 0.3515625 0.6085971000000017
vt 0.3782700249999999 0.6085971000000017
vt 0.40952002499999995 0.25
vt 0.3828125 0.25
vt 0.3828125 0.0877637666666683
vt 0.40952002499999995 0.0877637666666683
vn 0.6058743857367582 0.3728644730160214 -0.702771878685104
vn -0.2268069912326764 0.9276628980797759 0.2966481691401654
vn -0.6058743857367582 -0.3728644730160214 0.702771878685104
vn 0.2268069912326764 -0.9276628980797759 -0.2966481691401654
vn -0.7625449609276075 0.020337951930227666 -0.6466154578071865
vn 0.7625449609276075 -0.020337951930227666 0.6466154578071865
usemtl m_3722afce-2475-6df4-1e92-dcadf5eef328
f 44/124/31 47/123/31 45/122/31 42/121/31
f 43/128/32 44/127/32 42/126/32 41/125/32
f 48/132/33 43/131/33 41/130/33 46/129/33
f 47/136/34 48/135/34 46/134/34 45/133/34
f 46/140/35 41/139/35 42/138/35 45/137/35
f 47/144/36 44/143/36 43/142/36 48/141/36
o cube
v 1.2865731773715603 1.4801031477160782 0.5363334754483526
v 1.943969327071668 1.6359121504436542 -0.16168354039801708
v 1.2909598318838276 1.309165130179072 0.5023086426504828
v 1.9483559815839353 1.4649741329066486 -0.19570837319588674
v 1.8156850707017944 1.655785799184418 -0.2780662086848887
v 1.1582889210016862 1.499976796456842 0.41995080716148103
v 1.8200717252140617 1.4848477816474122 -0.31209104148275835
v 1.1626755755139537 1.329038778919836 0.3859259743636113
vt 0.39418915865333337 0.9791666666666665
vt 0.3723958333333333 0.9791666666666665
vt 0.3723958333333333 0.9501088995733331
vt 0.39418915865333337 0.9501088995733331
vt 0.3932291666666665 0.281249999999999
vt 0.3932291666666665 0.11934520138000071
vt 0.4150224919866665 0.11934520138000071
vt 0.4150224919866665 0.281249999999999
vt 0.39418915865333326 0.8958333333333329
vt 0.37239583333333315 0.8958333333333329
vt 0.37239583333333315 0.8667755662399995
vt 0.39418915865333326 0.8667755662399995
vt 0.38377249198666685 0.23392853471333463
vt 0.38377249198666685 0.39583333333333304
vt 0.3619791666666668 0.39583333333333304
vt 0.3619791666666668 0.23392853471333463
vt 0.37335582532000006 0.8125
vt 0.3515625 0.8125
vt 0.3515625 0.6505952013800016
vt 0.37335582532000006 0.6505952013800016
vt 0.3655433253199998 0.7083333333333333
vt 0.34374999999999967 0.7083333333333333
vt 0.34374999999999967 0.5464285347133351
vt 0.3655433253199998 0.5464285347133351
vn 0.6767311771109205 0.16039158408276577 -0.71854676513188
vn 0.7358001503110763 -0.11398930893376188 0.6675361984574328
vn -0.6767311771109205 -0.16039158408276577 0.71854676513188
vn -0.7358001503110763 0.11398930893376188 -0.6675361984574328
vn -0.025160539109201976 0.9804493751358224 0.19515627088953566
vn 0.025160539109201976 -0.9804493751358224 -0.19515627088953566
usemtl m_3722afce-2475-6df4-1e92-dcadf5eef328
f 52/148/37 55/147/37 53/146/37 50/145/37
f 51/152/38 52/151/38 50/150/38 49/149/38
f 56/156/39 51/155/39 49/154/39 54/153/39
f 55/160/40 56/159/40 54/158/40 53/157/40
f 54/164/41 49/163/41 50/162/41 53/161/41
f 55/168/42 52/167/42 51/166/42 56/165/42