# Made in Blockbench 4.8.1
mtllib birch_twig_branch_down_5.mtl

o cube
v 1.0543319065999024 0.5591742461887237 0.1133512175262148
v 1.0265907386078215 0.5517411237345482 0.022263795026994493
v 1.0150796211694195 0.4716895449054539 0.13244483873083857
v 0.9873384531773386 0.4642564224512785 0.04135741623161815
v 0.30348944106101616 0.9177252570514793 0.21262234525884627
v 0.3312306090530972 0.9251583795056546 0.3037097677580667
v 0.2642371556305332 0.8302405557682095 0.23171596646347004
v 0.29197832362261433 0.8376736782223848 0.32280338896269045
vt 0.36378369140625 0.5963708333333344
vt 0.36378369140625 0.7351208333333334
vt 0.3515625 0.7351208333333334
vt 0.3515625 0.5963708333333344
vt 0.35597119140625 0.54211953125
vt 0.35597119140625 0.5580375
vt 0.34375 0.5580375
vt 0.34375 0.54211953125
vt 0.41847119140625 0.6172041666666677
vt 0.41847119140625 0.7559541666666667
vt 0.40625 0.7559541666666667
vt 0.40625 0.6172041666666677
vt 0.35597119140625 0.54211953125
vt 0.35597119140625 0.5580375
vt 0.34375 0.5580375
vt 0.34375 0.54211953125
vt 0.40256347656249997 0.5963708333333344
vt 0.40256347656249997 0.7351208333333334
vt 0.390625 0.7351208333333334
vt 0.390625 0.5963708333333344
vt 0.33225097656249997 0.5130375000000009
vt 0.33225097656249997 0.6517875
vt 0.3203125 0.6517875
vt 0.3203125 0.5130375000000009
vn -0.2904596730459212 -0.07782737620731624 -0.95371697995094
vn 0.8685901472033754 -0.43962058056088077 -0.2286589191974211
vn 0.2904596730459212 0.07782737620731624 0.95371697995094
vn -0.8685901472033754 0.43962058056088077 0.2286589191974211
vn 0.4014776886892662 0.8948053669150622 -0.1952921422503368
vn -0.4014776886892662 -0.8948053669150622 0.1952921422503368
usemtl m_890a103a-2c95-a057-8483-4c3958a0f191
f 4/4/1 7/3/1 5/2/1 2/1/1
f 3/8/2 4/7/2 2/6/2 1/5/2
f 8/12/3 3/11/3 1/10/3 6/9/3
f 7/16/4 8/15/4 6/14/4 5/13/4
f 6/20/5 1/19/5 2/18/5 5/17/5
f 7/24/6 4/23/6 3/22/6 8/21/6
o cube
v 1.0538606949604425 0.25230456939758383 0.6537084495970826
v 1.056029975967616 0.25275954021255553 0.6055406691517278
v 1.0214772349373362 0.2184497670417569 0.6519302532384113
v 1.0236465159445096 0.2189047378567286 0.6037624727930564
v 0.816061401993956 0.4827525264660797 0.5969058686772102
v 0.8138921209867829 0.4822975556511081 0.645073649122565
v 0.7836779419708497 0.44889772411025275 0.5951276723185388
v 0.7815086609636763 0.44844275329528105 0.6432954527638937
vt 0.4199228515625001 0.7559541666666667
vt 0.4199228515625001 0.7005375
vt 0.4140625 0.7005375
vt 0.4140625 0.7559541666666667
vt 0.3808603515625001 0.8913708333333333
vt 0.3808603515625001 0.8833343750000001
vt 0.375 0.8833343750000001
vt 0.375 0.8913708333333333
vt 0.3730478515625001 0.8913708333333333
vt 0.3730478515625001 0.8359541666666667
vt 0.3671875 0.8359541666666667
vt 0.3671875 0.8913708333333333
vt 0.3808603515625001 0.8913708333333333
vt 0.3808603515625001 0.8833343750000001
vt 0.375 0.8833343750000001
vt 0.375 0.8913708333333333
vt 0.421875 0.7109541666666666
vt 0.421875 0.7663708333333333
vt 0.4279023437499999 0.7663708333333333
vt 0.4279023437499999 0.7109541666666666
vt 0.3984375 0.7005375
vt 0.3984375 0.7559541666666667
vt 0.4044648437499999 0.7559541666666667
vt 0.4044648437499999 0.7005375
vn 0.044988329377542366 0.009435558055147297 -0.9989429515562969
vn 0.7217099969132615 -0.6917082293339064 0.025969324735391243
vn -0.044988329377542366 -0.009435558055147297 0.9989429515562969
vn -0.7217099969132615 0.6917082293339064 -0.025969324735391243
vn 0.6907320251553984 0.7221154310191272 0.03792853422928566
vn -0.6907320251553984 -0.7221154310191272 -0.03792853422928566
usemtl m_890a103a-2c95-a057-8483-4c3958a0f191
f 12/28/7 15/27/7 13/26/7 10/25/7
f 11/32/8 12/31/8 10/30/8 9/29/8
f 16/36/9 11/35/9 9/34/9 14/33/9
f 15/40/10 16/39/10 14/38/10 13/37/10
f 14/44/11 9/43/11 10/42/11 13/41/11
f 15/48/12 12/47/12 11/46/12 16/45/12
o cube
v 1.4714467394262023 0.23804783657965523 0.12661699634775359
v 1.4664051706810308 0.22691085038934633 0.06413769595803642
v 1.4341240190427005 0.18837156067967153 0.13848347139836648
v 1.429082450297529 0.17723457448936264 0.07600417100864931
v 1.0306737702393747 0.5489697006396517 0.0418904052669149
v 1.0357153389845462 0.5601066868299607 0.10436970565663206
v 0.9933510498558726 0.499293424739668 0.05375688031752779
v 0.9983926186010441 0.5104304109299769 0.11623618070724495
vt 0.33603220703125003 0.8809541666666667
vt 0.33603220703125003 0.7905724609375003
vt 0.328125 0.7905724609375003
vt 0.328125 0.8809541666666667
vt 0.35165720703125003 0.5059541666666667
vt 0.35165720703125003 0.4953434895833334
vt 0.34375 0.4953434895833334
vt 0.34375 0.5059541666666667
vt 0.38290720703125003 0.9122041666666667
vt 0.38290720703125003 0.8218224609375003
vt 0.375 0.8218224609375003
vt 0.375 0.9122041666666667
vt 0.35165720703125003 0.5580375
vt 0.35165720703125003 0.5474268229166668
vt 0.34375 0.5474268229166668
vt 0.34375 0.5580375
vt 0.40625 0.6864057942708337
vt 0.40625 0.7767875000000001
vt 0.4142080078125 0.7767875000000001
vt 0.4142080078125 0.6864057942708337
vt 0.3359375 0.5614057942708337
vt 0.3359375 0.6517875
vt 0.3438955078125 0.6517875
vt 0.3438955078125 0.5614057942708337
vn -0.07919018276867687 -0.17493363999994208 -0.9813904098519786
vn 0.8035022075288639 -0.5938865017945331 0.041024693569785685
vn 0.07919018276867687 0.17493363999994208 0.9813904098519786
vn -0.8035022075288639 0.5938865017945331 -0.041024693569785685
vn 0.5900111163777394 0.7853006077819008 -0.18758954653197224
vn -0.5900111163777394 -0.7853006077819008 0.18758954653197224
usemtl m_890a103a-2c95-a057-8483-4c3958a0f191
f 20/52/13 23/51/13 21/50/13 18/49/13
f 19/56/14 20/55/14 18/54/14 17/53/14
f 24/60/15 19/59/15 17/58/15 22/57/15
f 23/64/16 24/63/16 22/62/16 21/61/16
f 22/68/17 17/67/17 18/66/17 21/65/17
f 23/72/18 20/71/18 19/70/18 24/69/18
o cube
v -0.04127631729137682 0.68278126984164 -0.06427254008561734
v -0.10844077753559433 0.6846199201984182 -0.10651420044560378
v -0.06350746123304013 0.6119429418570861 -0.03200828118063459
v -0.13067192147725765 0.6137815922138643 -0.07424994154062103
v -0.4178066071955525 1.0122424177013758 0.39963948780503666
v -0.3506421469513351 1.0104037673445976 0.4418811481650231
v -0.4400377511372159 0.9414040897168219 0.4319037467100194
v -0.37287329089299837 0.9395654393600437 0.47414540707000585
vt 0.3616815374999999 0.6013426666666672
vt 0.3616815374999999 0.7142875
vt 0.3515625 0.7142875
vt 0.3515625 0.6013426666666672
vt 0.3538690374999999 0.5580375
vt 0.3538690374999999 0.54481
vt 0.34375 0.54481
vt 0.34375 0.5580375
vt 0.3538690374999999 0.5580375
vt 0.3538690374999999 0.44509266666666714
vt 0.34375 0.44509266666666714
vt 0.34375 0.5580375
vt 0.3538690374999999 0.5580375
vt 0.3538690374999999 0.54481
vt 0.34375 0.54481
vt 0.34375 0.5580375
vt 0.3984375 0.8184541666666667
vt 0.3984375 0.7055093333333338
vt 0.408358125 0.7055093333333338
vt 0.408358125 0.8184541666666667
vt 0.3671875 0.9330375000000001
vt 0.3671875 0.8200926666666671
vt 0.377108125 0.8200926666666671
vt 0.377108125 0.9330375000000001
vn -0.8462730453501857 0.023167017662423284 -0.5322454527812819
vn 0.4565146548830765 -0.483455045904356 -0.7469040021760514
vn 0.8462730453501857 -0.023167017662423284 0.5322454527812819
vn -0.4565146548830765 0.483455045904356 0.7469040021760514
vn 0.27462028801730637 0.8750625736953024 -0.3985588909145619
vn -0.27462028801730637 -0.8750625736953024 0.3985588909145619
usemtl m_890a103a-2c95-a057-8483-4c3958a0f191
f 28/76/19 31/75/19 29/74/19 26/73/19
f 27/80/20 28/79/20 26/78/20 25/77/20
f 32/84/21 27/83/21 25/82/21 30/81/21
f 31/88/22 32/87/22 30/86/22 29/85/22
f 30/92/23 25/91/23 26/90/23 29/89/23
f 31/96/24 28/95/24 27/94/24 32/93/24
o cube
v 0.43257565891762195 0.7892369129435615 0.5700682008679796
v 0.4530883807606032 0.7660889462563503 0.4970602881942895
v 0.3911373944343799 0.7156796706254585 0.5817476061619378
v 0.41165011627736126 0.6925317039382473 0.5087396934882478
v 0.0703466572958108 0.9551145627038848 0.32959031492795565
v 0.049833935452829436 0.978262529391096 0.40259822760164554
v 0.02890839281256874 0.8815573203857818 0.34126972022191393
v 0.008395670969587377 0.9047052870729932 0.4142776328956038
vt 0.4012787890625001 0.38786250000000067
vt 0.4012787890625001 0.4642875000000001
vt 0.390625 0.4642875000000001
vt 0.390625 0.38786250000000067
vt 0.3544037890625001 0.54482265625
vt 0.3544037890625001 0.5580375
vt 0.34375 0.5580375
vt 0.34375 0.54482265625
vt 0.4169037890625001 0.6482791666666674
vt 0.4169037890625001 0.7247041666666667
vt 0.40625 0.7247041666666667
vt 0.40625 0.6482791666666674
vt 0.3544037890625001 0.54482265625
vt 0.3544037890625001 0.5580375
vt 0.34375 0.5580375
vt 0.34375 0.54482265625
vt 0.4005361328125 0.6795291666666674
vt 0.4005361328125 0.7559541666666667
vt 0.390625 0.7559541666666667
vt 0.390625 0.6795291666666674
vt 0.3849111328125 0.6274458333333339
vt 0.3849111328125 0.7038708333333334
vt 0.375 0.7038708333333334
vt 0.375 0.6274458333333339
vn 0.25870808906312126 -0.29194400787890856 -0.92078163584908
vn 0.8346782760108941 -0.4122246569567898 0.3652163848355364
vn -0.25870808906312126 0.29194400787890856 0.92078163584908
vn -0.8346782760108941 0.4122246569567898 -0.3652163848355364
vn 0.48619162910193114 0.8630408614083441 -0.13703346792208648
vn -0.48619162910193114 -0.8630408614083441 0.13703346792208648
usemtl m_890a103a-2c95-a057-8483-4c3958a0f191
f 36/100/25 39/99/25 37/98/25 34/97/25
f 35/104/26 36/103/26 34/102/26 33/101/26
f 40/108/27 35/107/27 33/106/27 38/105/27
f 39/112/28 40/111/28 38/110/28 37/109/28
f 38/116/29 33/115/29 34/114/29 37/113/29
f 39/120/30 36/119/30 35/118/30 40/117/30
o cube
v 0.8160034364765254 0.4906534013283823 0.6485769053908981
v 0.8230441678772602 0.48378319109432877 0.5885675526279304
v 0.7808963986690542 0.443278387807738 0.64988165332843
v 0.787937130069789 0.43640817757368433 0.589872300565462
v 0.43327997287859077 0.7704528508313706 0.5100180329331232
v 0.42623924147785597 0.7773230610654243 0.5700273856960911
v 0.3981729350711196 0.7230778373107263 0.5113227808706551
v 0.3911322036703848 0.7299480475447799 0.5713321336336228
vt 0.42143495546875004 0.6742593333333338
vt 0.42143495546875004 0.7559541666666667
vt 0.4140625 0.7559541666666667
vt 0.4140625 0.6742593333333338
vt 0.36674745546875004 0.56873578125
vt 0.36674745546875004 0.5788708333333334
vt 0.359375 0.5788708333333334
vt 0.359375 0.56873578125
vt 0.42924745546875004 0.3721760000000005
vt 0.42924745546875004 0.45387083333333333
vt 0.421875 0.45387083333333333
vt 0.421875 0.3721760000000005
vt 0.35112245546875004 0.5479024479166668
vt 0.35112245546875004 0.5580375
vt 0.34375 0.5580375
vt 0.34375 0.5479024479166668
vt 0.3982262890625 0.6742593333333338
vt 0.3982262890625 0.7559541666666667
vt 0.390625 0.7559541666666667
vt 0.390625 0.6742593333333338
vt 0.4138512890625 0.3721760000000005
vt 0.4138512890625 0.45387083333333333
vt 0.40625 0.45387083333333333
vt 0.40625 0.3721760000000005
vn 0.11578186513570107 -0.11297771630516658 -0.9868285541694503
vn 0.7951628825949252 -0.5848384123374666 0.1602498723803577
vn -0.11578186513570107 0.11297771630516658 0.9868285541694503
vn -0.7951628825949252 0.5848384123374666 -0.1602498723803577
vn 0.595239909489466 0.8032434668723182 -0.02212200438277387
vn -0.595239909489466 -0.8032434668723182 0.02212200438277387
usemtl m_890a103a-2c95-a057-8483-4c3958a0f191
f 44/124/31 47/123/31 45/122/31 42/121/31
f 43/128/32 44/127/32 42/126/32 41/125/32
f 48/132/33 43/131/33 41/130/33 46/129/33
f 47/136/34 48/135/34 46/134/34 45/133/34
f 46/140/35 41/139/35 42/138/35 45/137/35
f 47/144/36 44/143/36 43/142/36 48/141/36
o cube
v 1.672195251947913 0.012693525991861576 0.1313965767465327
v 1.6708807177934335 0.008783371173364585 0.08345874289630406
v 1.6364488056632123 -0.021631705349129005 0.1351766159913732
v 1.6351342715087331 -0.02554186016762605 0.08723878214114444
v 1.460751478542283 0.2262936358051002 0.07147912885562535
v 1.4620660126967624 0.2302037906235972 0.119416962705854
v 1.4250050322575825 0.19196840446410957 0.07525916810046573
v 1.426319566412062 0.19587855928260667 0.1231970019506945
vt 0.32652528750000004 0.601342666666667
vt 0.32652528750000004 0.6517875
vt 0.3203125 0.6517875
vt 0.3203125 0.601342666666667
vt 0.36558778750000004 0.6021016666666665
vt 0.36558778750000004 0.6101208333333334
vt 0.359375 0.6101208333333334
vt 0.359375 0.6021016666666665
vt 0.4124627875 0.695092666666667
vt 0.4124627875 0.7455375
vt 0.40625 0.7455375
vt 0.40625 0.695092666666667
vt 0.34996278750000004 0.5500183333333333
vt 0.34996278750000004 0.5580375
vt 0.34375 0.5580375
vt 0.34375 0.5500183333333333
vt 0.41226437500000007 0.7159260000000005
vt 0.41226437500000007 0.7663708333333333
vt 0.40625 0.7663708333333333
vt 0.40625 0.7159260000000005
vt 0.40445187500000007 0.2784260000000005
vt 0.40445187500000007 0.32887083333333333
vt 0.3984375 0.32887083333333333
vt 0.3984375 0.2784260000000005
vn -0.027320672440599866 -0.08126685687409359 -0.9963178603393594
vn 0.6942542488697299 -0.7186407086015989 0.03957991746983932
vn 0.027320672440599866 0.08126685687409359 0.9963178603393594
vn -0.6942542488697299 0.7186407086015989 -0.03957991746983932
vn 0.7192111086348159 0.6906165578049787 -0.07605360807931252
vn -0.7192111086348159 -0.6906165578049787 0.07605360807931252
usemtl m_890a103a-2c95-a057-8483-4c3958a0f191
f 52/148/37 55/147/37 53/146/37 50/145/37
f 51/152/38 52/151/38 50/150/38 49/149/38
f 56/156/39 51/155/39 49/154/39 54/153/39
f 55/160/40 56/159/40 54/158/40 53/157/40
f 54/164/41 49/163/41 50/162/41 53/161/41
f 55/168/42 52/167/42 51/166/42 56/165/42
o cube
v 0.3556816875655483 0.9388042076809269 0.3237238276329344
v 0.3119141801915388 0.9270768989418752 0.18001432567353004
v 0.33837471653794815 0.798650584622242 0.3404318932642272
v 0.2946072091639387 0.7869232758831903 0.19672239130482283
v -0.5375444751295212 1.0615062894480778 0.4277515490943513
v -0.4937769677555117 1.0732335981871295 0.5714610510537554
v -0.5548514461571213 0.9213526663893932 0.444459614725644
v -0.5110839387831119 0.9330799751284446 0.5881691166850482
vt 0.361525390625 0.4088708333333343
vt 0.361525390625 0.5580375
vt 0.34375 0.5580375
vt 0.34375 0.4088708333333343
vt 0.361525390625 0.5329235677083333
vt 0.361525390625 0.5580375
vt 0.34375 0.5580375
vt 0.34375 0.5329235677083333
vt 0.408400390625 0.5234541666666677
vt 0.408400390625 0.6726208333333334
vt 0.390625 0.6726208333333334
vt 0.390625 0.5234541666666677
vt 0.361525390625 0.5329235677083333
vt 0.361525390625 0.5580375
vt 0.34375 0.5580375
vt 0.34375 0.5329235677083333
vt 0.36258544921875 0.6484541666666677
vt 0.36258544921875 0.7976208333333333
vt 0.34375 0.7976208333333333
vt 0.34375 0.6484541666666677
vt 0.39383544921875 0.2005375000000008
vt 0.39383544921875 0.3497041666666667
vt 0.375 0.3497041666666667
vt 0.375 0.2005375000000008
vn -0.2904596730459216 -0.07782737620731629 -0.9537169799509398
vn 0.9491158160011901 -0.1502004363197804 -0.2768013669506399
vn 0.2904596730459216 0.07782737620731629 0.9537169799509398
vn -0.9491158160011901 0.1502004363197804 0.2768013669506399
vn 0.12170598239384753 0.9855875042034737 -0.11749436330103677
vn -0.12170598239384753 -0.9855875042034737 0.11749436330103677
usemtl m_890a103a-2c95-a057-8483-4c3958a0f191
f 60/172/43 63/171/43 61/170/43 58/169/43
f 59/176/44 60/175/44 58/174/44 57/173/44
f 64/180/45 59/179/45 57/178/45 62/177/45
f 63/184/46 64/183/46 62/182/46 61/181/46
f 62/188/47 57/187/47 58/186/47 61/185/47
f 63/192/48 60/191/48 59/190/48 64/189/48
o cube
v 0.2143793965569627 0.44085708837836957 -0.33797114096563696
v 0.1671257847429095 0.4390281755087245 -0.381794016620596
v 0.1906512268976457 0.3810421244709784 -0.3098890478342684
v 0.1433976150835925 0.37921321160133337 -0.3537119234892274
v -0.11175913723521752 0.6860025735760189 -0.091383471930367
v -0.06450552542116428 0.6878314864456638 -0.047560596275407985
v -0.1354873068945346 0.6261876096686276 -0.06330137879899844
v -0.08823369508048134 0.6280165225382728 -0.019478503144039427
vt 0.40721376406250004 0.7559541666666667
vt 0.40721376406250004 0.6772297109375005
vt 0.3984375 0.6772297109375005
vt 0.3984375 0.7559541666666667
vt 0.42283876406250004 0.7351208333333334
vt 0.42283876406250004 0.7243754296875
vt 0.4140625 0.7243754296875
vt 0.4140625 0.7351208333333334
vt 0.37596376406250004 0.8913708333333333
vt 0.37596376406250004 0.8126463776041671
vt 0.3671875 0.8126463776041671
vt 0.3671875 0.8913708333333333
vt 0.35252626406250004 0.5580375
vt 0.35252626406250004 0.5472920963541668
vt 0.34375 0.5472920963541668
vt 0.34375 0.5580375
vt 0.359375 0.5938963776041672
vt 0.359375 0.6726208333333334
vt 0.367434052734375 0.6726208333333334
vt 0.367434052734375 0.5938963776041672
vt 0.3515625 0.8022297109375006
vt 0.3515625 0.8809541666666667
vt 0.359621552734375 0.8809541666666667
vt 0.359621552734375 0.8022297109375006
vn -0.7329275128778183 -0.02836736726271813 -0.6797150530489358
vn 0.5904241559902896 -0.522866741937123 -0.614824923209211
vn 0.7329275128778183 0.02836736726271813 0.6797150530489358
vn -0.5904241559902896 0.522866741937123 0.614824923209211
vn 0.3379594308343676 0.8519422883333354 -0.39997219960826064
vn -0.3379594308343676 -0.8519422883333354 0.39997219960826064
usemtl m_890a103a-2c95-a057-8483-4c3958a0f191
f 68/196/49 71/195/49 69/194/49 66/193/49
f 67/200/50 68/199/50 66/198/50 65/197/50
f 72/204/51 67/203/51 65/202/51 70/201/51
f 71/208/52 72/207/52 70/206/52 69/205/52
f 70/212/53 65/211/53 66/210/53 69/209/53
f 71/216/54 68/215/54 67/214/54 72/213/54
o cube
v 1.2557946855914754 0.31666474928580324 -0.21927964054357235
v 1.2091716489468625 0.29828088102355044 -0.2441697025777403
v 1.254776695699127 0.2711624662210832 -0.18376467250794098
v 1.2081536590545139 0.2527785979588304 -0.20865473454210887
v 0.9563112731173466 0.5363695434519848 0.05362497359762619
v 1.0029343097619599 0.5547534117142376 0.07851503563179407
v 0.9552932832249983 0.4908672603872648 0.08913994163325767
v 1.0019163198696113 0.5092511286495176 0.11403000366742555
vt 0.34864697265625 0.627620833333334
vt 0.34864697265625 0.7038708333333334
vt 0.34375 0.7038708333333334
vt 0.34375 0.627620833333334
vt 0.36427197265625 0.3531546875
vt 0.36427197265625 0.36012083333333333
vt 0.359375 0.36012083333333333
vt 0.359375 0.3531546875
vt 0.41895947265625 0.7005375000000007
vt 0.41895947265625 0.7767875000000001
vt 0.4140625 0.7767875000000001
vt 0.4140625 0.7005375000000007
vt 0.34864697265625 0.5510713541666667
vt 0.34864697265625 0.5580375
vt 0.34375 0.5580375
vt 0.34375 0.5510713541666667
vt 0.427099609375 0.25262083333333407
vt 0.427099609375 0.32887083333333333
vt 0.421875 0.32887083333333333
vt 0.421875 0.25262083333333407
vt 0.403662109375 0.7005375000000007
vt 0.403662109375 0.7767875000000001
vt 0.3984375 0.7767875000000001
vt 0.3984375 0.7005375000000007
vn -0.8331935344517172 -0.3285354467809202 -0.4448066932458596
vn 0.5527002750371978 -0.5204123768927573 -0.6509173249734845
vn 0.8331935344517172 0.3285354467809202 0.4448066932458596
vn -0.5527002750371978 0.5204123768927573 0.6509173249734845
vn 0.017633494312280257 0.7881848883258875 -0.6151858594709788
vn -0.017633494312280257 -0.7881848883258875 0.6151858594709788
usemtl m_890a103a-2c95-a057-8483-4c3958a0f191
f 76/220/55 79/219/55 77/218/55 74/217/55
f 75/224/56 76/223/56 74/222/56 73/221/56
f 80/228/57 75/227/57 73/226/57 78/225/57
f 79/232/58 80/231/58 78/230/58 77/229/58
f 78/236/59 73/235/59 74/234/59 77/233/59
f 79/240/60 76/239/60 75/238/60 80/237/60
o cube
v 1.3951214839898574 0.07862177560655059 -0.41110650629008744
v 1.357956892380568 0.06887603279757681 -0.42756227693086074
v 1.3899735992481952 0.051431373754855736 -0.3833770424226092
v 1.3528090076389059 0.04168563094588196 -0.39983281306338253
v 1.212222191028583 0.29534508973534834 -0.23255096169104816
v 1.2493867826378724 0.3050908325443221 -0.21609519105027486
v 1.207074306286921 0.2681546878836535 -0.20482149782356995
v 1.2442388978962102 0.2779004306926274 -0.18836572718279665
vt 0.36427197265625 0.8151208333333341
vt 0.36427197265625 0.8913708333333333
vt 0.359375 0.8913708333333333
vt 0.359375 0.8151208333333341
vt 0.36427197265625 0.3531546875
vt 0.36427197265625 0.36012083333333333
vt 0.359375 0.36012083333333333
vt 0.359375 0.3531546875
vt 0.41895947265625 0.7005375000000007
vt 0.41895947265625 0.7767875000000001
vt 0.4140625 0.7767875000000001
vt 0.4140625 0.7005375000000007
vt 0.34864697265625 0.5510713541666667
vt 0.34864697265625 0.5580375
vt 0.34375 0.5580375
vt 0.34375 0.5510713541666667
vt 0.434912109375 0.2630375000000007
vt 0.434912109375 0.3392875000000001
vt 0.4296875 0.3392875000000001
vt 0.4296875 0.2630375000000007
vt 0.403662109375 0.7005375000000007
vt 0.403662109375 0.7767875000000001
vt 0.3984375 0.7767875000000001
vt 0.3984375 0.7005375000000007
vn -0.8891715375680348 -0.23316917374740886 -0.3937081573867216
vn 0.4382998536901855 -0.6811099456775165 -0.5865001962099695
vn 0.8891715375680348 0.23316917374740886 0.3937081573867216
vn -0.4382998536901855 0.6811099456775165 0.5865001962099695
vn 0.13140477553749316 0.6940615090272052 -0.7078215923895087
vn -0.13140477553749316 -0.6940615090272052 0.7078215923895087
usemtl m_890a103a-2c95-a057-8483-4c3958a0f191
f 84/244/61 87/243/61 85/242/61 82/241/61
f 83/248/62 84/247/62 82/246/62 81/245/62
f 88/252/63 83/251/63 81/250/63 86/249/63
f 87/256/64 88/255/64 86/254/64 85/253/64
f 86/260/65 81/259/65 82/258/65 85/257/65
f 87/264/66 84/263/66 83/262/66 88/261/66
o cube
v 0.3701840801876555 0.09823796813841779 -0.625045387189657
v 0.33004406691846944 0.10312337319305476 -0.6541545192825577
v 0.35057615783288265 0.07010661951045949 -0.6027283621183599
v 0.3104361445636966 0.07499202456509646 -0.6318374942112606
v 0.1655591496262896 0.4429543604886068 -0.37030411936767477
v 0.20569916289547563 0.43806895543396984 -0.34119498727477404
v 0.14595122727151688 0.4148230118606486 -0.34798709429637764
v 0.18609124054070292 0.40993760680601166 -0.31887796220347686
vt 0.42698915468750004 0.3392875000000001
vt 0.42698915468750004 0.2605630442708339
vt 0.421875 0.2605630442708339
vt 0.421875 0.3392875000000001
vt 0.35667665468750004 0.6101208333333334
vt 0.35667665468750004 0.6018168359375
vt 0.3515625 0.6018168359375
vt 0.3515625 0.6101208333333334
vt 0.42698915468750004 0.7663708333333333
vt 0.42698915468750004 0.6876463776041672
vt 0.421875 0.6876463776041672
vt 0.421875 0.7663708333333333
vt 0.34886415468750004 0.5580375
vt 0.34886415468750004 0.5497335026041668
vt 0.34375 0.5497335026041668
vt 0.34375 0.5580375
vt 0.3984375 0.6980630442708338
vt 0.3984375 0.7767875000000001
vt 0.404665498046875 0.7767875000000001
vt 0.404665498046875 0.6980630442708338
vt 0.3203125 0.8647297109375005
vt 0.3203125 0.9434541666666667
vt 0.326540498046875 0.9434541666666667
vt 0.326540498046875 0.8647297109375005
vn -0.8056363571221519 0.09805327927744588 -0.584239346934018
vn 0.3482291827630057 -0.7194523907214307 -0.6009365139159267
vn 0.8056363571221519 -0.09805327927744588 0.584239346934018
vn -0.3482291827630057 0.7194523907214307 0.6009365139159267
vn 0.47925619073221976 0.6875854942537379 -0.5454719898736189
vn -0.47925619073221976 -0.6875854942537379 0.5454719898736189
usemtl m_890a103a-2c95-a057-8483-4c3958a0f191
f 92/268/67 95/267/67 93/266/67 90/265/67
f 91/272/68 92/271/68 90/270/68 89/269/68
f 96/276/69 91/275/69 89/274/69 94/273/69
f 95/280/70 96/279/70 94/278/70 93/277/70
f 94/284/71 89/283/71 90/282/71 93/281/71
f 95/288/72 92/287/72 91/286/72 96/285/72