# Made in Blockbench 4.8.1
mtllib birch_twig_branch_up.mtl

o cube
v -0.4507510933756012 0.9055064278458246 0.580363661321228
v -0.579534475335487 1.0016735403772383 0.5803636666227332
v -0.450751100146592 0.9055064276389521 0.41963633632122804
v 0.28312253295666606 1.3538882406066635 0.5807674673280803
v 0.1297666369238401 1.4641603376075332 0.580767473646602
v 0.12976663011882422 1.4641603373996213 0.4192324736466021
v 0.2831225261516502 1.3538882403987516 0.4192324673280804
v -0.5795344821064777 1.001673540170366 0.41963634162273333
vt 0.3951921875 0.4476854166666667
vt 0.375 0.4476854166666667
vt 0.375 0.47916666666666663
vt 0.3951921875 0.47916666666666663
vt 0.3717546875 0.18999791666666666
vt 0.3515625 0.18999791666666666
vt 0.35161328125 0.33333333333333337
vt 0.37170390625 0.33333333333333337
vt 0.37946562500000003 0.0625
vt 0.37946562500000003 0.035712499999999925
vt 0.359375 0.035712499999999925
vt 0.359375 0.0625
vt 0.3854522314712625 0.7647259722348183
vt 0.38882255706825686 0.9057809672366701
vt 0.40745442722255903 0.8957595241135482
vt 0.4071854513074069 0.7524256995740312
vt 0.40379440785580567 0.6085418164845959
vt 0.3817313709039121 0.597333911108596
vt 0.3854830914002776 0.7405808689494315
vt 0.4043834491323047 0.7496670696927366
vt 0.3359375 0.6505395833333334
vt 0.33598828125 0.7916666666666666
vt 0.35607890625 0.7916666666666666
vt 0.3561296875 0.6505395833333334
vn 0.5838020134092158 0.8118960580883156 -2.5638931982677425e-8
vn 0.5213682973114088 -0.8533317634769035 -2.086545712529629e-8
vn -0.5983246005706501 -0.8012538126910671 2.62370301365468e-8
vn -0.0003039044727125557 -0.0004070325734328008 0.9999998709832695
vn -0.00029754137980351775 -0.0004137348216506393 -0.999999870146304
vn -0.5461841887984007 0.8376651072514795 2.1931045514532874e-8
usemtl m_890a103a-2c95-a057-8483-4c3958a0f191
f 6/1/1 5/2/1 4/3/1 7/4/1
f 7/5/2 4/6/2 1/7/2 3/8/2
f 1/9/3 2/10/3 8/11/3 3/12/3
f 5/13/4 2/14/4 1/15/4 4/16/4
f 6/17/5 7/18/5 3/19/5 8/20/5
f 6/21/6 8/22/6 2/23/6 5/24/6
o cube
v 1.0127294594810579 1.8825594476329788 0.6426376203906099
v 1.022799539600543 1.8860258950350275 0.5305447596822261
v 1.0632298215280693 1.7848749570567328 0.6441535469377966
v 1.0732999016475544 1.7883414044587815 0.5320606862294126
v 0.17653842062278724 1.4471402893366234 0.4409468042521377
v 0.16646834050330217 1.4436738419345747 0.5530396649605216
v 0.2270387826697986 1.3494557987603772 0.4424627307993243
v 0.21696870255031364 1.3459893513583285 0.5545555915077081
vt 0.3515625 0.3151208333333342
vt 0.3515625 0.4747041666666667
vt 0.3653095703125 0.4747041666666667
vt 0.3653095703125 0.3151208333333342
vt 0.3515625 0.643437890625
vt 0.3515625 0.6622041666666667
vt 0.3653095703125 0.6622041666666667
vt 0.3653095703125 0.643437890625
vt 0.3984375 0.2942875000000008
vt 0.3984375 0.45387083333333333
vt 0.4121845703125 0.45387083333333333
vt 0.4121845703125 0.2942875000000008
vt 0.34375 0.5392712239583333
vt 0.34375 0.5580375
vt 0.3574970703125 0.5580375
vt 0.3574970703125 0.5392712239583333
vt 0.359375 0.1380375000000008
vt 0.359375 0.29762083333333333
vt 0.37344970703125 0.29762083333333333
vt 0.37344970703125 0.1380375000000008
vt 0.3984375 0.7109541666666674
vt 0.3984375 0.8705375000000001
vt 0.41251220703125 0.8705375000000001
vt 0.41251220703125 0.7109541666666674
vn 0.08943418943931192 0.03078614171463946 -0.9955168201681274
vn 0.8838236229532744 0.4583661678312339 0.09357488817763844
vn -0.08943418943931192 -0.03078614171463946 0.9955168201681274
vn -0.8838236229532744 -0.4583661678312339 -0.09357488817763844
vn -0.4591920396403685 0.8882300769879589 -0.013784087379404435
vn 0.4591920396403685 -0.8882300769879589 0.013784087379404435
usemtl m_890a103a-2c95-a057-8483-4c3958a0f191
f 12/28/7 15/27/7 13/26/7 10/25/7
f 11/32/8 12/31/8 10/30/8 9/29/8
f 16/36/9 11/35/9 9/34/9 14/33/9
f 15/40/10 16/39/10 14/38/10 13/37/10
f 14/44/11 9/43/11 10/42/11 13/41/11
f 15/48/12 12/47/12 11/46/12 16/45/12
o cube
v 1.4815046400713656 2.020051732204986 0.6708673337956963
v 1.4860314620682065 2.0260590278942914 0.5848910616877312
v 1.5092367949337273 1.9352179728054648 0.6664000204418996
v 1.5137636169305684 1.9412252684947697 0.5804237483339345
v 0.992457557272133 1.866664701381994 0.5477662831692307
v 0.9879307352752922 1.860657405692689 0.633742555277196
v 1.020189712134495 1.7818309419824727 0.5432989698154342
v 1.015662890137654 1.7758236462931678 0.6292752419233993
vt 0.40625 0.7005375
vt 0.40625 0.7872041666666667
vt 0.4174204101562502 0.7872041666666667
vt 0.4174204101562502 0.7005375
vt 0.3125 0.62698671875
vt 0.3125 0.6413708333333334
vt 0.3236704101562502 0.6413708333333334
vt 0.3236704101562502 0.62698671875
vt 0.3125 0.8567875
vt 0.3125 0.9434541666666667
vt 0.3236704101562502 0.9434541666666667
vt 0.3236704101562502 0.8567875
vt 0.34375 0.5436533854166667
vt 0.34375 0.5580375
vt 0.3549204101562502 0.5580375
vt 0.3549204101562502 0.5436533854166667
vt 0.375 0.8047041666666667
vt 0.375 0.8913708333333333
vt 0.3857880859375 0.8913708333333333
vt 0.3857880859375 0.8047041666666667
vt 0.3671875 0.4999999999999998
vt 0.3671875 0.5866666666666664
vt 0.3779755859375 0.5866666666666664
vt 0.3779755859375 0.4999999999999998
vn 0.0524516353395158 0.06960567106282702 -0.9961946980917455
vn 0.9491805861462953 0.30652755098518686 0.07139380484326985
vn -0.0524516353395158 -0.06960567106282702 0.9961946980917455
vn -0.9491805861462953 -0.30652755098518686 -0.07139380484326985
vn -0.31033053480633477 0.9493133892676946 0.04999048033273054
vn 0.31033053480633477 -0.9493133892676946 -0.04999048033273054
usemtl m_890a103a-2c95-a057-8483-4c3958a0f191
f 20/52/13 23/51/13 21/50/13 18/49/13
f 19/56/14 20/55/14 18/54/14 17/53/14
f 24/60/15 19/59/15 17/58/15 22/57/15
f 23/64/16 24/63/16 22/62/16 21/61/16
f 22/68/17 17/67/17 18/66/17 21/65/17
f 23/72/18 20/71/18 19/70/18 24/69/18
o cube
v 0.49100151807048975 1.5741671918513567 0.8445762654799371
v 0.4555779116601507 1.6494428963177672 0.8717030317997743
v 0.45554785955375887 1.5321454560422305 0.9148876066232905
v 0.42012425314341983 1.607421160508641 0.9420143729431278
v 0.9718631287234818 1.7721556551912387 1.205373283785963
v 1.0072867351338208 1.6968799507248287 1.1782465174661259
v 0.9364094702067509 1.730133919382113 1.2756846249293166
v 0.97183307661709 1.6548582149157025 1.2485578586094792
vt 0.390625 0.7872041666666667
vt 0.390625 0.6827286666666672
vt 0.4017818875 0.6827286666666672
vt 0.4017818875 0.7872041666666667
vt 0.34375 0.5580375
vt 0.34375 0.5434533333333333
vt 0.3549068875 0.5434533333333333
vt 0.3549068875 0.5580375
vt 0.34375 0.6830375
vt 0.34375 0.5785620000000005
vt 0.3549068875 0.5785620000000005
vt 0.3549068875 0.6830375
vt 0.40625 0.7351208333333334
vt 0.40625 0.7205366666666666
vt 0.4174068875 0.7205366666666666
vt 0.4174068875 0.7351208333333334
vt 0.3984375 0.7663708333333333
vt 0.3984375 0.661895333333334
vt 0.409375625 0.661895333333334
vt 0.409375625 0.7663708333333333
vt 0.3515625 0.680591666666666
vt 0.3515625 0.5761161666666665
vt 0.362500625 0.5761161666666665
vt 0.362500625 0.680591666666666
vn -0.4048180836562364 0.860244608495632 0.31000247208544873
vn -0.8236144950464199 -0.19576002487580382 -0.5322942571642638
vn 0.4048180836562364 -0.860244608495632 -0.31000247208544873
vn 0.8236144950464199 0.19576002487580382 0.5322942571642638
vn 0.3972171732117373 0.47080487063625587 -0.7877571269692552
vn -0.3972171732117373 -0.47080487063625587 0.7877571269692552
usemtl m_890a103a-2c95-a057-8483-4c3958a0f191
f 28/76/19 31/75/19 29/74/19 26/73/19
f 27/80/20 28/79/20 26/78/20 25/77/20
f 32/84/21 27/83/21 25/82/21 30/81/21
f 31/88/22 32/87/22 30/86/22 29/85/22
f 30/92/23 25/91/23 26/90/23 29/89/23
f 31/96/24 28/95/24 27/94/24 32/93/24
o cube
v 1.2672778423436042 1.6299494268924422 0.4177236319492006
v 1.2626197186435635 1.7144214053354228 0.39151685691747085
v 1.2392522725008177 1.6054609764431333 0.3437717135991669
v 1.234594148800777 1.6899329548861144 0.3175649385674373
v 0.7730991153128839 1.7421344017558558 0.5678536688546472
v 0.7777572390129244 1.6576624233128747 0.5940604438863768
v 0.7450735454700974 1.7176459513065474 0.4939017505046135
v 0.7497316691701381 1.6331739728635664 0.5201085255363433
vt 0.3515625 0.8149458333333336
vt 0.3515625 0.9017875000000001
vt 0.3619111132812499 0.9017875000000001
vt 0.3619111132812499 0.8149458333333336
vt 0.359375 0.6622041666666667
vt 0.359375 0.6474430989583333
vt 0.3697236132812499 0.6474430989583333
vt 0.3697236132812499 0.6622041666666667
vt 0.34375 0.5580375
vt 0.34375 0.4711958333333336
vt 0.3540986132812499 0.4711958333333336
vt 0.3540986132812499 0.5580375
vt 0.34375 0.5580375
vt 0.34375 0.5432764322916668
vt 0.3540986132812499 0.5432764322916668
vt 0.3540986132812499 0.5580375
vt 0.42513330078125 0.7767875000000001
vt 0.42513330078125 0.6899458333333336
vt 0.4140625 0.6899458333333336
vt 0.4140625 0.7767875000000001
vt 0.40950830078125 0.648279166666667
vt 0.40950830078125 0.7351208333333334
vt 0.3984375 0.7351208333333334
vt 0.3984375 0.648279166666667
vn -0.05259470150444995 0.9537699678650008 -0.2958997224947217
vn 0.9394887310827769 -0.0531868274070297 -0.3384258937475805
vn 0.05259470150444995 -0.9537699678650008 0.2958997224947217
vn -0.9394887310827769 0.0531868274070297 0.3384258937475805
vn 0.3385184212744286 0.2957938636773424 0.893258791542909
vn -0.3385184212744286 -0.2957938636773424 -0.893258791542909
usemtl m_890a103a-2c95-a057-8483-4c3958a0f191
f 36/100/25 39/99/25 37/98/25 34/97/25
f 35/104/26 36/103/26 34/102/26 33/101/26
f 40/108/27 35/107/27 33/106/27 38/105/27
f 39/112/28 40/111/28 38/110/28 37/109/28
f 38/116/29 33/115/29 34/114/29 37/113/29
f 39/120/30 36/119/30 35/118/30 40/117/30
o cube
v 1.681169075050855 1.4927000475178163 0.25964144874357653
v 1.6915658380479575 1.5507278932172577 0.23294107600310143
v 1.6514156232158408 1.4701428939366437 0.19903245911520007
v 1.6618123862129437 1.5281707396360855 0.17233208637472508
v 1.2532830362027214 1.7022982005585083 0.3916870242983749
v 1.2428862732056187 1.6442703548590663 0.41838739703884986
v 1.2235295843677076 1.6797410469773357 0.3310780346699984
v 1.213132821370605 1.6217132012778936 0.3577784074104735
vt 0.3984375 0.7559541666666667
vt 0.3984375 0.6742593333333338
vt 0.4073358343750001 0.6742593333333338
vt 0.4073358343750001 0.7559541666666667
vt 0.34375 0.6622041666666667
vt 0.34375 0.6514180729166668
vt 0.3526483343750001 0.6514180729166668
vt 0.3526483343750001 0.6622041666666667
vt 0.328125 0.8913708333333333
vt 0.328125 0.8096760000000005
vt 0.3370233343750001 0.8096760000000005
vt 0.3370233343750001 0.8913708333333333
vt 0.34375 0.5580375
vt 0.34375 0.54725140625
vt 0.3526483343750001 0.54725140625
vt 0.3526483343750001 0.5580375
vt 0.3987145703125 0.6638426666666672
vt 0.3987145703125 0.7455375
vt 0.390625 0.7455375
vt 0.390625 0.6638426666666672
vt 0.4221520703125 0.6846760000000005
vt 0.4221520703125 0.7663708333333333
vt 0.4140625 0.7663708333333333
vt 0.4140625 0.6846760000000005
vn 0.1606507298205564 0.8966459814586332 -0.4125740260149773
vn 0.8941463084063633 -0.3092205083170316 -0.32385962452801864
vn -0.1606507298205564 -0.8966459814586332 0.4125740260149773
vn -0.8941463084063633 0.3092205083170316 0.32385962452801864
vn 0.417963780932505 0.3168732572658054 0.8514091946052518
vn -0.417963780932505 -0.3168732572658054 -0.8514091946052518
usemtl m_890a103a-2c95-a057-8483-4c3958a0f191
f 44/124/31 47/123/31 45/122/31 42/121/31
f 43/128/32 44/127/32 42/126/32 41/125/32
f 48/132/33 43/131/33 41/130/33 46/129/33
f 47/136/34 48/135/34 46/134/34 45/133/34
f 46/140/35 41/139/35 42/138/35 45/137/35
f 47/144/36 44/143/36 43/142/36 48/141/36
o cube
v 1.9461736134397674 1.336225291785135 0.14709829276530895
v 1.9613785174790324 1.3769540668200042 0.12648201273432846
v 1.9276916132354551 1.3254692724169201 0.11221825952951836
v 1.9428965172747201 1.3661980474517892 0.09160197949853777
v 1.656714893236595 1.5460168207740521 0.23578095989272185
v 1.6415099891973295 1.5052880457391828 0.25639723992370245
v 1.6382328930322831 1.5352608014058369 0.20090092665693127
v 1.6230279889930177 1.4945320263709678 0.22151720668791186
vt 0.3984375 0.6863145000000012
vt 0.3984375 0.7471760000000005
vt 0.4035516546875001 0.7471760000000005
vt 0.4035516546875001 0.6863145000000012
vt 0.328125 0.4899158333333332
vt 0.328125 0.4979349999999999
vt 0.3332391546875001 0.4979349999999999
vt 0.3332391546875001 0.4899158333333332
vt 0.421875 0.3321478333333344
vt 0.421875 0.3930093333333339
vt 0.4269891546875001 0.3930093333333339
vt 0.4269891546875001 0.3321478333333344
vt 0.34375 0.5419991666666666
vt 0.34375 0.5500183333333333
vt 0.3488641546875001 0.5500183333333333
vt 0.3488641546875001 0.5419991666666666
vt 0.42788937500000007 0.268009333333334
vt 0.42788937500000007 0.32887083333333333
vt 0.43390375000000014 0.32887083333333333
vt 0.43390375000000014 0.268009333333334
vt 0.41226437500000007 0.6846760000000006
vt 0.41226437500000007 0.7455375
vt 0.41827875000000014 0.7455375
vt 0.41827875000000014 0.6846760000000006
vn 0.3160117227323113 0.8464881021483665 -0.4284792690632927
vn 0.8343085646438786 -0.46297126523349313 -0.29931058539578814
vn -0.3160117227323113 -0.8464881021483665 0.4284792690632927
vn -0.8343085646438786 0.46297126523349313 0.29931058539578814
vn 0.45173643870915225 0.2628982702289143 0.8525366205935185
vn -0.45173643870915225 -0.2628982702289143 -0.8525366205935185
usemtl m_890a103a-2c95-a057-8483-4c3958a0f191
f 52/148/37 55/147/37 53/146/37 50/145/37
f 51/152/38 52/151/38 50/150/38 49/149/38
f 56/156/39 51/155/39 49/154/39 54/153/39
f 55/160/40 56/159/40 54/158/40 53/157/40
f 54/164/41 49/163/41 50/162/41 53/161/41
f 55/168/42 52/167/42 51/166/42 56/165/42
o cube
v 2.0015028468285996 2.011289527290144 0.6900367771048459
v 2.0052357231733287 2.0162432215131663 0.6191396239621365
v 2.002213372089461 1.9440639498015924 0.6853770321466699
v 2.00594624843419 1.9490176440246145 0.6144798790039605
v 1.485980464100968 2.012667452149215 0.5915499556214185
v 1.4822475877562389 2.0077137579261928 0.6624471087641277
v 1.4866909893618292 1.9454418746606628 0.5868902106632425
v 1.4829581130171001 1.940488180437641 0.6577873638059519
vt 0.40625 0.7005375
vt 0.40625 0.7872041666666667
vt 0.41467382812500014 0.7872041666666667
vt 0.41467382812500014 0.7005375
vt 0.3125 0.6295095052083333
vt 0.3125 0.6413708333333334
vt 0.32092382812500014 0.6413708333333334
vt 0.32092382812500014 0.6295095052083333
vt 0.3125 0.8567875
vt 0.3125 0.9434541666666667
vt 0.32092382812500014 0.9434541666666667
vt 0.32092382812500014 0.8567875
vt 0.34375 0.546176171875
vt 0.34375 0.5580375
vt 0.35217382812500014 0.5580375
vt 0.35217382812500014 0.546176171875
vt 0.390625 0.6765791666666668
vt 0.390625 0.7632458333333335
vt 0.39952099609375 0.7632458333333335
vt 0.39952099609375 0.6765791666666668
vt 0.3671875 0.4999999999999999
vt 0.3671875 0.5866666666666664
vt 0.37608349609375 0.5866666666666664
vt 0.37608349609375 0.4999999999999999
vn 0.05245163533951586 0.06960567106282714 -0.9961946980917455
vn 0.9985678059083872 0.006876479546060571 0.053057054501380985
vn -0.05245163533951586 -0.06960567106282714 0.9961946980917455
vn -0.9985678059083872 -0.006876479546060571 -0.053057054501380985
vn -0.0105433843485075 0.9975508832059378 0.06914529963441861
vn 0.0105433843485075 -0.9975508832059378 -0.06914529963441861
usemtl m_890a103a-2c95-a057-8483-4c3958a0f191
f 60/172/43 63/171/43 61/170/43 58/169/43
f 59/176/44 60/175/44 58/174/44 57/173/44
f 64/180/45 59/179/45 57/178/45 62/177/45
f 63/184/46 64/183/46 62/182/46 61/181/46
f 62/188/47 57/187/47 58/186/47 61/185/47
f 63/192/48 60/191/48 59/190/48 64/189/48
o cube
v 0.10466188191465076 1.3052152281041203 0.4729134111194
v 0.03109202622513141 1.3961883592788689 0.4901871629404989
v 0.05912271687412707 1.251239361147384 0.5632263808106699
v -0.014447138815392224 1.3422124923221326 0.5805001326317689
v 0.4540442966339834 1.667002247261789 0.8653083415489167
v 0.5276141523235027 1.5760291160870405 0.8480345897278179
v 0.4085051315934597 1.6130263803050529 0.9556213112401866
v 0.48207498728297904 1.5220532491303036 0.9383475594190878
vt 0.390625 0.5892875
vt 0.390625 0.48481200000000046
vt 0.404955715625 0.48481200000000046
vt 0.404955715625 0.5892875
vt 0.34375 0.5580375
vt 0.34375 0.5383263802083333
vt 0.358080715625 0.5383263802083333
vt 0.358080715625 0.5580375
vt 0.34375 0.6830375
vt 0.34375 0.5785620000000005
vt 0.358080715625 0.5785620000000005
vt 0.358080715625 0.6830375
vt 0.359375 0.8705375000000001
vt 0.359375 0.8508263802083333
vt 0.373705715625 0.8508263802083333
vt 0.373705715625 0.8705375000000001
vt 0.3828125 0.7663708333333333
vt 0.3828125 0.6618953333333337
vt 0.39759583984375 0.6618953333333337
vt 0.39759583984375 0.7663708333333333
vt 0.3671875 0.36809166666666604
vt 0.3671875 0.26361616666666654
vt 0.38197083984375 0.26361616666666654
vt 0.38197083984375 0.36809166666666604
vn -0.6220672769744806 0.7692200488546022 0.14605758918206996
vn -0.6747232132714589 -0.4320213638331812 -0.5984196910733766
vn 0.6220672769744806 -0.7692200488546022 -0.14605758918206996
vn 0.6747232132714589 0.4320213638331812 0.5984196910733766
vn 0.39721642512639443 0.470805753609534 -0.7877569764705142
vn -0.39721642512639443 -0.470805753609534 0.7877569764705142
usemtl m_890a103a-2c95-a057-8483-4c3958a0f191
f 68/196/49 71/195/49 69/194/49 66/193/49
f 67/200/50 68/199/50 66/198/50 65/197/50
f 72/204/51 67/203/51 65/202/51 70/201/51
f 71/208/52 72/207/52 70/206/52 69/205/52
f 70/212/53 65/211/53 66/210/53 69/209/53
f 71/216/54 68/215/54 67/214/54 72/213/54
o cube
v 0.9721032601206194 1.7091182984428968 1.1759375481855
v 0.9659634949940119 1.7611004258342597 1.200841309266639
v 0.9396416459936661 1.6852496273542155 1.2177560354184607
v 0.9335018808670585 1.7372317547455784 1.2426597964995998
v 1.4226251821366511 1.670095730294435 1.5033824858219251
v 1.4287649472632586 1.618113602903072 1.478478724740786
v 1.3901635680096978 1.6462270592057537 1.545200973054886
v 1.3963033331363053 1.5942449318143908 1.5202972119737468
vt 0.421875 0.7663708333333333
vt 0.421875 0.6738216100000003
vt 0.4291338908046875 0.6738216100000003
vt 0.4291338908046875 0.7663708333333333
vt 0.34375 0.5580375
vt 0.34375 0.5483765309895834
vt 0.3510088908046875 0.5483765309895834
vt 0.3510088908046875 0.5580375
vt 0.3125 0.9434541666666667
vt 0.3125 0.8509049433333336
vt 0.3197588908046875 0.8509049433333336
vt 0.3197588908046875 0.9434541666666667
vt 0.3515625 0.8601208333333333
vt 0.3515625 0.8504598643229168
vt 0.3588213908046875 0.8504598643229168
vt 0.3588213908046875 0.8601208333333333
vt 0.375 0.8137955683333336
vt 0.375 0.9063447916666667
vt 0.38224572675781243 0.9063447916666667
vt 0.38224572675781243 0.8137955683333336
vt 0.3984375 0.7663708333333333
vt 0.3984375 0.6738216100000003
vt 0.40568322675781243 0.6738216100000003
vt 0.40568322675781243 0.7663708333333333
vn -0.10592045028450152 0.896772144618124 0.4296284195075312
vn -0.8223762280134386 0.16388521383922436 -0.5448293093100449
vn 0.10592045028450152 -0.896772144618124 -0.4296284195075312
vn 0.8223762280134386 -0.16388521383922436 0.5448293093100449
vn 0.5589974935631798 0.4110247648522925 -0.7201252980337521
vn -0.5589974935631798 -0.4110247648522925 0.7201252980337521
usemtl m_890a103a-2c95-a057-8483-4c3958a0f191
f 76/220/55 79/219/55 77/218/55 74/217/55
f 75/224/56 76/223/56 74/222/56 73/221/56
f 80/228/57 75/227/57 73/226/57 78/225/57
f 79/232/58 80/231/58 78/230/58 77/229/58
f 78/236/59 73/235/59 74/234/59 77/233/59
f 79/240/60 76/239/60 75/238/60 80/237/60