# Made in Blockbench 4.12.3
mtllib birch_twig_branch_up.mtl

o cube
v 0.4621349021796303 0.46416033739962126 0.9405473647620489
v 0.6236699021796303 0.46416033760753317 0.940547357957033
v 0.6236698958611084 0.3538882406066636 0.7871914619242071
v 0.4621348958611085 0.35388824039875155 0.787191468729223
v 0.6232660898542564 -0.09449357215417545 1.521065088256474
v 0.4625387648542565 -0.09449357236104788 1.521065095027465
v 0.6232660951557618 0.0016735403772384153 1.6498484702163598
v 0.4625387701557619 0.0016735401703659794 1.6498484769873507
vt 0.8246770833333334 0.7708333333333323
vt 0.7708333333333334 0.7708333333333323
vt 0.7708333333333334 0.7078708333333323
vt 0.8246770833333334 0.7078708333333323
vt 0.6408354166666668 0.9461562499999999
vt 0.6408354166666668 1
vt 0.3541666666666667 0.9998666666666667
vt 0.3541666666666667 0.9462895833333334
vt 0.44941041666666665 0.7380895833333334
vt 0.44941041666666665 0.7916666666666666
vt 0.3958333333333333 0.7916666666666666
vt 0.3958333333333333 0.7380895833333334
vt 0.5852446276754778 0.4375
vt 0.8674977012058843 0.4375
vt 0.8490467314116911 0.38720322278858055
vt 0.5625 0.3787902867701697
vt 0.16857796100881103 0.8125
vt 0.14583333333333334 0.7537902867701699
vt 0.4323794574971836 0.7622003397683561
vt 0.4508310345392177 0.8124999999999999
vt 0.53125 0.7291666666666667
vt 0.8135041981591633 0.7291666666666667
vt 0.8135295072994975 0.6755895893111934
vt 0.5312754351103136 0.6753229226742801
vn -2.563893171461663e-8 0.8118960580883152 -0.583802013409216
vn -2.086545710349452e-8 -0.8533317634769034 -0.5213682973114089
vn 2.6237030592049466e-8 -0.8012538126910671 0.59832460057065
vn 0.9999998709832696 -0.0004070325734333714 0.00030390447271167354
vn -0.999999870146304 -0.00041373482165059367 0.00029754137980401546
vn 2.1931045580575888e-8 0.8376651072514794 0.546184188798401
usemtl m_baa73c7f-18b8-c97b-db13-742ce16fa67e
f 1/1/1 2/2/1 3/3/1 4/4/1
f 4/5/2 3/6/2 5/7/2 6/8/2
f 5/9/3 7/10/3 8/11/3 6/12/3
f 2/13/4 7/14/4 5/15/4 3/16/4
f 1/17/5 4/18/5 6/19/5 8/20/5
f 1/21/6 8/22/6 7/23/6 2/24/6
o cube
v 0.623326176866962 0.94122526849477 -0.44344962204969485
v 0.5862013983484617 0.7818309419824729 0.05012428274637826
v 0.5906687117022584 0.8666647013819941 0.07785643760874017
v 0.6277934902207583 1.0260590278942912 -0.415717467187333
v 0.7093024489749271 0.9352179728054648 -0.438922800052854
v 0.7137697623287234 1.020051732204986 -0.41119064519049214
v 0.6721776704564268 0.7758236462931678 0.0546511047432191
v 0.6766449838102235 0.860657405692689 0.08238325960558102
vt 0.46500092447855285 0.8333333333333334
vt 0.2916674678229476 0.8333333333333334
vt 0.2916666666666667 0.8035440207185793
vt 0.4650001233222718 0.8035440207185794
vt 0.7500002815399256 0.7827118507334496
vt 0.778766923839669 0.7827118507334496
vt 0.7787687200523242 0.8124998476123662
vt 0.75 0.8125000000000001
vt 0.2500008011562809 0.7202106873852461
vt 0.42333425781188616 0.7202106873852461
vt 0.4233334566556051 0.7499999999999999
vt 0.25 0.75
vt 0.7708333333333339 0.7708315371206781
vt 0.7708333333333339 0.7420648948209347
vt 0.8006214825998844 0.7420646132810091
vt 0.8006213302122506 0.7708333333333334
vt 0.16666666666666666 0.7628982154630106
vt 0.33999912024015516 0.7628982154630105
vt 0.33999937534962316 0.7916666666666666
vt 0.1666669217761346 0.7916666666666666
vt 0.08333358844280125 0.8670648821296774
vt 0.2566660420162898 0.8670648821296773
vt 0.25666578690682185 0.8958333333333334
vt 0.08333333333333333 0.8958333333333334
vn -0.9961946980917454 0.06960567106282937 -0.05245163533951502
vn 0.0713938048432697 0.3065275509851868 -0.9491805861462955
vn 0.9961946980917457 -0.06960567106282463 0.05245163533951659
vn -0.0713938048432697 -0.30652755098518697 0.9491805861462954
vn 0.04999048033273139 0.9493133892676945 0.31033053480633466
vn -0.04999048033273108 -0.9493133892676946 -0.3103305348063347
usemtl m_baa73c7f-18b8-c97b-db13-742ce16fa67e
f 9/25/7 10/26/7 11/27/7 12/28/7
f 13/29/8 9/30/8 12/31/8 14/32/8
f 15/33/9 13/34/9 14/35/9 16/36/9
f 10/37/10 15/38/10 16/39/10 11/40/10
f 16/41/11 14/42/11 12/43/11 11/44/11
f 10/45/12 9/46/12 13/47/12 15/48/12
o cube
v 0.657382307536988 0.9490176440246145 -0.9356322535533173
v 0.6297926391962703 0.945441874660663 -0.4163769944809565
v 0.634452384154446 1.0126674521492143 -0.41566646922009537
v 0.6620420524951638 1.0162432215131658 -0.934921728292456
v 0.7282794606796972 0.9440639498015924 -0.9318993772085882
v 0.732939205637873 1.0112895272901437 -0.9311888519477269
v 0.7006897923389794 0.940488180437641 -0.4126441181362274
v 0.7053495372971552 1.007713757926192 -0.4119335928753663
vt 0.33999995843348857 0.8124999999999999
vt 0.16666666666666666 0.8125
vt 0.16666747335756518 0.7916666666666667
vt 0.3400007651243871 0.7916666666666666
vt 0.7500000494899179 0.7916666666666676
vt 0.7708333333333334 0.7916666666666676
vt 0.7708331564229453 0.8124980726703525
vt 0.75 0.812500000000001
vt 0.3541666666666667 0.7291666666666667
vt 0.5274999584334886 0.7291666666666667
vt 0.5275007651243871 0.75
vt 0.3541674733575652 0.75
vt 0.7708333333333331 0.7708333333333333
vt 0.7708333333333331 0.7500000494899177
vt 0.7916666666666665 0.75
vt 0.7916647393370181 0.7708331564229451
vt 0.3541666666666667 0.8125
vt 0.5275001954250702 0.8125
vt 0.5275011403609039 0.8333315126440045
vt 0.3541678164299938 0.8333333333333334
vt 0.35416753267733064 0.8958333333333334
vt 0.5275008566206397 0.8958333333333335
vt 0.5275001954126711 0.9166648459751876
vt 0.3541666666666667 0.9166666666666666
vn -0.9961946980917457 0.06960567106282661 -0.052451635339515204
vn 0.05305705450138118 0.006876479546061913 -0.998567805908387
vn 0.9961946980917457 -0.06960567106282667 0.05245163533951524
vn -0.05305705450138105 -0.006876479546060294 0.998567805908387
vn 0.06914529963441991 0.9975508832059375 0.01054338434850761
vn -0.06914529963441991 -0.9975508832059375 -0.01054338434850761
usemtl m_baa73c7f-18b8-c97b-db13-742ce16fa67e
f 17/49/13 18/50/13 19/51/13 20/52/13
f 21/53/14 17/54/14 20/55/14 22/56/14
f 23/57/15 21/58/15 22/59/15 24/60/15
f 18/61/16 23/62/16 24/63/16 19/64/16
f 24/65/17 22/66/17 20/67/17 19/68/17
f 18/69/18 17/70/18 21/71/18 23/72/18
o cube
v 1.2855622250326268 0.7372317547455784 0.13681211401381443
v 1.5881034015879125 0.646227059205754 -0.3198495731288246
v 1.5462849143549522 0.670095730294435 -0.3523111872557776
v 1.2437437377996665 0.7611004258342597 0.1043504998868614
v 1.2606584639514877 0.6852496273542155 0.1306723488872068
v 1.2188399767185274 0.7091182984428968 0.09821073476025388
v 1.5631996405067738 0.594244931814391 -0.3259893382554322
v 1.521381153273813 0.618113602903072 -0.35845095238238517
vt 0.5809319333598532 0.8125
vt 0.39583341561402857 0.8124999999999999
vt 0.3958333333333333 0.7931443442223336
vt 0.580931851079158 0.7931443442223337
vt 0.7708349930912383 0.7723080049950549
vt 0.7901572764366547 0.7723080049950549
vt 0.7901566423188359 0.7916666666666672
vt 0.7708333333333345 0.791663904671379
vt 0.39583341561402857 0.8348110108890003
vt 0.5809319333598533 0.8348110108890003
vt 0.580931851079158 0.8541666666666666
vt 0.3958333333333333 0.8541666666666666
vt 0.7708333333333339 0.8958333333333333
vt 0.7708333333333339 0.8765110499879168
vt 0.790189233009658 0.8765093902300132
vt 0.7901919950049461 0.8958326992155147
vt 0.25 0.8140103448042318
vt 0.43509880038179016 0.8140103448042318
vt 0.4350995678022749 0.8333333333333334
vt 0.2500003929020302 0.8333312839398365
vt 0.4166672734875705 0.8973436781472465
vt 0.6017664483991605 0.8973436781472464
vt 0.6017654670371116 0.9166666666666666
vt 0.4166666666666667 0.9166646172773166
vn 0.42962841950753 0.8967721446181245 0.10592045028450076
vn -0.544829309310045 0.16388521383922525 0.8223762280134383
vn -0.42962841950753244 -0.8967721446181233 -0.10592045028450305
vn 0.5448293093100434 -0.16388521383922042 -0.8223762280134405
vn -0.7201252980337525 0.4110247648522926 -0.5589974935631796
vn 0.7201252980337518 -0.41102476485229417 0.5589974935631792
usemtl m_baa73c7f-18b8-c97b-db13-742ce16fa67e
f 25/73/19 26/74/19 27/75/19 28/76/19
f 29/77/20 25/78/20 28/79/20 30/80/20
f 31/81/21 29/82/21 30/83/21 32/84/21
f 26/85/22 31/86/22 32/87/22 27/88/22
f 32/89/23 30/90/23 28/91/23 27/92/23
f 26/93/24 25/94/24 29/95/24 31/96/24
o cube
v 0.6234025611647971 0.3422124923221326 1.0847611336962657
v 0.9985237397732147 0.6130263803050529 0.6618088632874135
v 0.9082107700819446 0.6670022472617891 0.61626969824689
v 0.5330895914735272 0.396188359278869 1.039221968655742
v 0.6061288093436983 0.251239361147384 1.0111912780067462
v 0.5158158396524282 0.3052152281041203 0.9656521129662228
v 0.9812499879521157 0.522053249130304 0.5882390075978943
v 0.8909370182608458 0.5760291160870405 0.5426998425573706
vt 0.4583339509394462 0.7326187965713751
vt 0.6672850550226009 0.7326187965713749
vt 0.6672844374164882 0.7708333333333333
vt 0.4583333333333333 0.7708333333333334
vt 0.7708344223132525 0.7534502978444367
vt 0.8102563499263983 0.7534502978444367
vt 0.810254173287739 0.7916666666666664
vt 0.7708333333333345 0.7916648897940654
vt 0.47978505502260105 0.8333333333333334
vt 0.2708339509394461 0.8333333333333331
vt 0.2708333333333333 0.795118796571375
vt 0.4797844374164882 0.7951187965713751
vt 0.7708333333333344 0.8750000000000003
vt 0.7708333333333344 0.8355780723868546
vt 0.8090479252829631 0.8355769834069365
vt 0.8090497021555642 0.874997823361341
vt 0.66728385350132 0.8749999999999999
vt 0.4583333333333333 0.875
vt 0.45833413757576763 0.8355773130009984
vt 0.6672846577437545 0.8355773130009984
vt 0.6464513244104211 0.9375
vt 0.43750080424243437 0.9374999999999999
vt 0.4375 0.8980773130009982
vt 0.6464505201679868 0.8980773130009984
vn 0.1460575891820703 0.769220048854602 0.6220672769744807
vn -0.5984196910733774 -0.4320213638331822 0.6747232132714576
vn -0.14605758918207024 -0.769220048854602 -0.6220672769744807
vn 0.5984196910733772 0.4320213638331794 -0.6747232132714596
vn -0.7877569764705145 0.47080575360953403 -0.397216425126394
vn 0.7877569764705145 -0.47080575360953364 0.3972164251263944
usemtl m_baa73c7f-18b8-c97b-db13-742ce16fa67e
f 33/97/25 34/98/25 35/99/25 36/100/25
f 37/101/26 33/102/26 36/103/26 38/104/26
f 39/105/27 37/106/27 38/107/27 40/108/27
f 34/109/28 39/110/28 40/111/28 35/112/28
f 40/113/29 38/114/29 36/115/29 35/116/29
f 34/117/30 33/118/30 37/119/30 39/120/30
o cube
v 0.984916801476156 0.6074211605086413 0.6501897417374536
v 1.3185870534623445 0.730133919382113 0.1339045246741225
v 1.248275712318991 0.7721556551912392 0.09845086615739151
v 0.9146054603328024 0.6494428963177674 0.6147360832207225
v 0.9577900351563189 0.532145456042231 0.6147661353271145
v 0.8874786940129651 0.5741671918513571 0.5793124768103837
v 1.2914602871425072 0.6548582149157025 0.09848091826378358
v 1.2211489459991536 0.6968799507248287 0.06302725974705259
vt 0.2500005676498768 0.8244155371271153
vt 0.4589517467916968 0.8244155371271153
vt 0.45895117914181993 0.8541666666666666
vt 0.25 0.8541666666666666
vt 0.7708334973077067 0.7410806257295568
vt 0.8000026049436592 0.7410806257295568
vt 0.8000014407553762 0.7708333333333327
vt 0.7708333333333345 0.7708315058077074
vt 0.6047850801250302 0.7708333333333334
vt 0.3958339009832102 0.7708333333333331
vt 0.3958333333333333 0.7410822037937819
vt 0.6047845124751533 0.7410822037937821
vt 0.7916666666666669 0.833333333333333
vt 0.7916666666666669 0.8041642256973806
vt 0.8214175467448174 0.8041640617230085
vt 0.8214193742704426 0.83333216914505
vt 0.5839514140636589 0.8125
vt 0.3750013048453072 0.8125
vt 0.375 0.7833330915480471
vt 0.5839505714748302 0.7833310601453972
vt 0.6881172381513715 0.8958333333333334
vt 0.4791666666666667 0.8958333333333334
vt 0.47916768795335657 0.8666664248700732
vt 0.6881177971618339 0.8666643934719175
vn 0.3100024720854489 0.8602446084956319 0.40481808365623634
vn -0.5322942571642655 -0.195760024875804 0.8236144950464187
vn -0.31000247208544895 -0.860244608495632 -0.40481808365623595
vn 0.5322942571642638 0.195760024875802 -0.8236144950464204
vn -0.7877571269692553 0.47080487063625637 -0.39721717321173683
vn 0.7877571269692554 -0.47080487063625565 0.39721717321173716
usemtl m_baa73c7f-18b8-c97b-db13-742ce16fa67e
f 41/121/31 42/122/31 43/123/31 44/124/31
f 45/125/32 41/126/32 44/127/32 46/128/32
f 47/129/33 45/130/33 46/131/33 48/132/33
f 42/133/34 47/134/34 48/135/34 43/136/34
f 48/137/35 46/138/35 44/139/35 43/140/35
f 42/141/36 41/142/36 45/143/36 47/144/36
o cube
v 0.13450440803156494 0.36619804745178897 -0.8725825223938468
v 0.24380335518995855 0.5352608014058367 -0.5679188981514095
v 0.27868338842574925 0.5460168207740517 -0.5864008983557216
v 0.16938444126735563 0.376954066820004 -0.8910645225981589
v 0.15512068806254553 0.3254692724169198 -0.8573776183545816
v 0.19000072129833623 0.3362252917851348 -0.8758596185588936
v 0.26441963522093914 0.4945320263709676 -0.5527139941121442
v 0.29929966845672984 0.5052880457391824 -0.5711959943164563
vt 0.4166666666666667 0.7988623350543277
vt 0.5383898885749621 0.7988623350543277
vt 0.5383912841519873 0.8125
vt 0.416668062243692 0.8125
vt 0.7708352416870655 0.7363617254507895
vt 0.7868740076585762 0.7363617254507893
vt 0.7868714812277146 0.75
vt 0.770833333333334 0.7499980104627577
vt 0.47588988857496206 0.7291666666666667
vt 0.3541666666666667 0.7291666666666667
vt 0.354168062243692 0.7155290017209943
vt 0.4758912841519874 0.7155290017209943
vt 0.7916666666666671 0.7708333333333341
vt 0.7916666666666671 0.7547945673618234
vt 0.8053029516786353 0.754792659008092
vt 0.8053049412158777 0.7708308069024724
vt 0.41338956671720256 0.7916666666666666
vt 0.2916667732812965 0.7916666666666666
vt 0.2916666666666667 0.7756287677588444
vt 0.4133904597840979 0.7756269399419428
vt 0.5383905940099184 0.7708333333333334
vt 0.4166668008787638 0.7708333333333333
vt 0.4166666666666667 0.7547954344257183
vt 0.5383894600888496 0.7547936066238282
vn -0.4284792690632935 0.8464881021483663 -0.3160117227323105
vn -0.2993105853957889 -0.4629712652334913 -0.8343085646438795
vn 0.4284792690632931 -0.8464881021483665 0.3160117227323112
vn 0.2993105853957898 0.4629712652334945 0.8343085646438775
vn 0.8525366205935183 0.26289827022891427 -0.45173643870915275
vn -0.8525366205935181 -0.2628982702289152 0.45173643870915314
usemtl m_baa73c7f-18b8-c97b-db13-742ce16fa67e
f 49/145/37 50/146/37 51/147/37 52/148/37
f 53/149/38 49/150/38 52/151/38 54/152/38
f 55/153/39 53/154/39 54/155/39 56/156/39
f 50/157/40 55/158/40 56/159/40 51/160/40
f 56/161/41 54/162/41 52/163/41 51/164/41
f 50/165/42 49/166/42 53/167/42 55/168/42
o cube
v 0.21523451490775236 0.5281707396360855 -0.5914983913320702
v 0.373980463203026 0.6797410469773357 -0.15321558948683411
v 0.4345894528314025 0.7022982005585081 -0.18296904132184788
v 0.27584350453612894 0.5507278932172581 -0.6212518431670839
v 0.24193488764822746 0.470142893936644 -0.5811016283349675
v 0.3025438772766038 0.4927000475178165 -0.6108550801699812
v 0.400680835943501 0.6217132012778941 -0.14281882648973143
v 0.46128982557187737 0.6442703548590667 -0.1725722783247452
vt 0.47916781745785203 0.7500000000000001
vt 0.6425555597375499 0.75
vt 0.6425573550047387 0.7708333333333334
vt 0.4791666666666667 0.7708333017300768
vt 0.7708333333333344 0.7916666666666671
vt 0.7916664655609084 0.7916666666666671
vt 0.7916666666666677 0.8125000000000004
vt 0.7708335344390936 0.8125000000000004
vt 0.5592222264042165 0.7291666666666667
vt 0.39583448412451866 0.7291666666666665
vt 0.3958333333333333 0.7083333649365899
vt 0.5592240216714054 0.7083333333333333
vt 0.7708333333333344 0.7916664655609079
vt 0.7708333333333344 0.7708333333333339
vt 0.7916666666666677 0.7708335344390933
vt 0.7916666666666677 0.7916666666666673
vt 0.45505645714579207 0.7916666666666666
vt 0.2916666666666667 0.7916666666666666
vt 0.2916684116789264 0.7708333333333334
vt 0.4550575229444842 0.7708352354135879
vt 0.663390596261381 0.875
vt 0.5000014849839529 0.8749999999999999
vt 0.5 0.8541666666666666
vt 0.6633897904672551 0.8541685687548266
vn -0.412574026014976 0.8966459814586336 -0.16065072982055698
vn -0.3238596245280175 -0.3092205083170322 -0.8941463084063636
vn 0.4125740260149775 -0.8966459814586331 0.16065072982055612
vn 0.3238596245280188 0.3092205083170316 0.8941463084063633
vn 0.8514091946052526 0.31687325726580373 -0.4179637809325054
vn -0.8514091946052509 -0.316873257265807 0.41796378093250586
usemtl m_baa73c7f-18b8-c97b-db13-742ce16fa67e
f 57/169/43 58/170/43 59/171/43 60/172/43
f 61/173/44 57/174/44 60/175/44 62/176/44
f 63/177/45 61/178/45 62/179/45 64/180/45
f 58/181/46 63/182/46 64/183/46 59/184/46
f 64/185/47 62/186/47 60/187/47 59/188/47
f 58/189/48 57/190/48 61/191/48 63/192/48
o cube
v 0.3604673671004648 0.6899329548861146 -0.16428015391990386
v 0.5368041790376412 0.7176459513065474 0.3252404494107758
v 0.6107560973876749 0.742134401755856 0.2972148795679893
v 0.43441928545049835 0.7144214053354232 -0.19230572376269034
v 0.38667414213219453 0.6054609764431336 -0.16893827761994445
v 0.4606260604822281 0.6299494268924422 -0.19696384746273093
v 0.5630109540693711 0.6331739728635664 0.3205823257107352
v 0.6369628724194047 0.6576624233128749 0.2925567558679487
vt 0.375 0.784904073167425
vt 0.5486831808467009 0.784904073167425
vt 0.5486836309098698 0.8125
vt 0.375000450063169 0.8125
vt 0.7708333333333339 0.8057363704833201
vt 0.8003557937389773 0.8057363704833201
vt 0.8003560227901025 0.8333307264433768
vt 0.7708349352210497 0.8333333333333344
vt 0.5695165141800341 0.75
vt 0.3958333333333333 0.75
vt 0.39583378339650227 0.722404073167425
vt 0.5695169642432031 0.722404073167425
vt 0.7708333333333323 0.7916664376155415
vt 0.7708333333333323 0.7621439772098981
vt 0.7984302961833465 0.762145579097614
vt 0.7984276892933888 0.7916666666666669
vt 0.7570152845361314 0.8958333333333334
vt 0.5833333333333334 0.8958333333333333
vt 0.5833334551836137 0.866310454817038
vt 0.7570152903837454 0.8663125349182758
vt 0.7778485018792546 0.9375
vt 0.6041666666666666 0.9375
vt 0.6041668983972664 0.9079771214843627
vt 0.7778488495876082 0.9079792015869895
vn -0.29589972249472135 0.953769967865001 0.05259470150444988
vn -0.3384258937475808 -0.05318682740702982 -0.9394887310827768
vn 0.2958997224947217 -0.9537699678650009 -0.052594701504450066
vn 0.3384258937475803 0.0531868274070301 0.939488731082777
vn 0.8932587915429089 0.2957938636773424 -0.3385184212744292
vn -0.893258791542909 -0.2957938636773424 0.3385184212744288
usemtl m_baa73c7f-18b8-c97b-db13-742ce16fa67e
f 65/193/49 66/194/49 67/195/49 68/196/49
f 69/197/50 65/198/50 68/199/50 70/200/50
f 71/201/51 69/202/51 70/203/51 72/204/51
f 66/205/52 71/206/52 72/207/52 67/208/52
f 72/209/53 70/210/53 68/211/53 67/212/53
f 66/213/54 65/214/54 69/215/54 71/216/54
o cube
v 0.5749631147624401 0.7883414044587818 -0.002985906766681423
v 0.48536515933235214 0.34945579876037747 0.8432752122110743
v 0.48384923278516556 0.4471402893366234 0.8937755742580857
v 0.5734471882152534 0.8860258950350277 0.04751445528033005
v 0.6870559754708241 0.7848749570567328 0.0070841733528035356
v 0.6855400489236376 0.882559447632979 0.05758453539981501
v 0.5974580200407362 0.34598935135832865 0.8533452923305593
v 0.5959420934935498 0.4436738419345747 0.9038456543775708
vt 0.8816670595099007 0.4375
vt 0.5625010938203963 0.4375
vt 0.5625 0.40084039670754057
vt 0.8816678170452894 0.40084135209203653
vt 0.750001085389275 0.7966737994787819
vt 0.787534022371437 0.7966737994787819
vt 0.787532936982163 0.8333333333333338
vt 0.750000000000001 0.8333333333333338
vt 0.41666776048706294 0.9425070633742072
vt 0.7358337261765673 0.9425070633742073
vt 0.735834483711956 0.9791657112821707
vt 0.4166666666666667 0.9791666666666666
vt 0.7708333333333331 0.7708333333333338
vt 0.7708333333333331 0.733300396351172
vt 0.8074928671878853 0.7332993109618979
vt 0.8074928671878853 0.7708322479440599
vt 0.2500004645061164 0.795801085974587
vt 0.5691678620520594 0.7958010859745869
vt 0.5691673975459429 0.8333333333333333
vt 0.25 0.8333333333333334
vt 0.3541666666666667 0.7541344193079202
vt 0.6733340642126097 0.7541344193079202
vt 0.6733345287187261 0.7916666666666666
vt 0.35416713117278315 0.7916666666666666
vn -0.9955168201681275 0.030786141714638955 -0.08943418943931171
vn 0.09357488817763852 0.45836616783123457 -0.883823622953274
vn 0.9955168201681274 -0.030786141714639826 0.08943418943931121
vn -0.09357488817763886 -0.45836616783123396 0.8838236229532742
vn -0.01378408737940415 0.8882300769879587 0.45919203964036853
vn 0.01378408737940263 -0.8882300769879587 -0.45919203964036864
usemtl m_baa73c7f-18b8-c97b-db13-742ce16fa67e
f 73/217/55 74/218/55 75/219/55 76/220/55
f 77/221/56 73/222/56 76/223/56 78/224/56
f 79/225/57 77/226/57 78/227/57 80/228/57
f 74/229/58 79/230/58 80/231/58 75/232/58
f 80/233/59 78/234/59 76/235/59 75/236/59
f 74/237/60 73/238/60 77/239/60 79/240/60