# Made in Blockbench 4.8.1
mtllib birch_twig_branch_up_3.mtl

o cube
v 0.029150615142095382 1.6725321550684664 0.6952816701569691
v -0.18523294060117723 2.5882514256522478 0.5893318409690338
v -0.044800696192121015 1.6685872701406574 0.8108225636242234
v -0.25918425193539374 2.5843065407244388 0.7048727344362882
v -0.07348653451021747 2.6228247647795664 0.6620349407950743
v 0.14089702123305514 1.707105494195785 0.7679847699830098
v -0.14743784584443387 2.6188798798517574 0.7775758342623287
v 0.06694570989883875 1.7031606092679765 0.8835256634502642
vt 0.3567708333333333 0.9354604620733331
vt 0.37398652193458337 0.9354604620733331
vt 0.37398652193458337 0.9583333333333331
vt 0.3567708333333333 0.9583333333333331
vt 0.3463541666666668 0.2291666666666664
vt 0.3463541666666668 0.07142853471333355
vt 0.36350882011166685 0.07142853471333355
vt 0.36350882011166685 0.2291666666666664
vt 0.35677083333333315 0.8521271287399996
vt 0.37398652193458315 0.8521271287399996
vt 0.37398652193458315 0.8749999999999997
vt 0.35677083333333315 0.8749999999999997
vt 0.384342153445 0.5401785347133328
vt 0.384342153445 0.6979166666666656
vt 0.3671875 0.6979166666666656
vt 0.3671875 0.5401785347133328
vt 0.34635416666666635 0.31101186804666714
vt 0.3635698552679164 0.31101186804666714
vt 0.3635698552679164 0.46875
vt 0.34635416666666635 0.46875
vt 0.3359375000000001 0.47767853471333377
vt 0.35315318860125017 0.47767853471333377
vt 0.35315318860125017 0.6354166666666665
vt 0.3359375000000001 0.6354166666666665
vn -0.22651842126829386 0.9675522116350603 -0.11194696327378956
vn -0.8113704357057036 -0.25103075985012 -0.5278840532463623
vn 0.22651842126829386 -0.9675522116350603 0.11194696327378956
vn 0.8113704357057036 0.25103075985012 0.5278840532463623
vn 0.5388575144589306 0.028745005986689103 -0.8419063509333855
vn -0.5388575144589306 -0.028745005986689103 0.8419063509333855
usemtl m_3722afce-2475-6df4-1e92-dcadf5eef328
f 4/4/1 7/3/1 5/2/1 2/1/1
f 3/8/2 4/7/2 2/6/2 1/5/2
f 8/12/3 3/11/3 1/10/3 6/9/3
f 7/16/4 8/15/4 6/14/4 5/13/4
f 6/20/5 1/19/5 2/18/5 5/17/5
f 7/24/6 4/23/6 3/22/6 8/21/6
o cube
v 0.1437537399683062 1.4476402840879534 0.0957094926154134
v 0.5289486992102033 2.343676629015335 -0.6263195663176808
v 0.007782279793340674 1.4084483413262636 -0.02546696852623187
v 0.39297723903523774 2.304484686253645 -0.7474960274593263
v 0.43113646994362487 2.447188301385736 -0.5500436294685804
v 0.045941510701727806 1.5511519564583542 0.171985429464514
v 0.29516500976865934 2.4079963586240463 -0.6712200906102255
v -0.09002994947323772 1.5119600136966644 0.05080896832286852
vt 0.37696516927083346 0.9272832031249998
vt 0.3567708333333333 0.9272832031249998
vt 0.3567708333333333 0.9583333333333331
vt 0.37696516927083346 0.9583333333333331
vt 0.34880843098958325 0.7081249999999999
vt 0.34880843098958325 0.5058750000000001
vt 0.32552083333333326 0.5058750000000001
vt 0.32552083333333326 0.7081249999999999
vt 0.37696516927083323 0.8439498697916663
vt 0.35677083333333315 0.8439498697916663
vt 0.35677083333333315 0.8749999999999997
vt 0.37696516927083323 0.8749999999999997
vt 0.3671875000000002 0.2497916666666664
vt 0.3671875000000002 0.04754166666666659
vt 0.3904750976562502 0.04754166666666659
vt 0.3904750976562502 0.2497916666666664
vt 0.3561318359375001 0.13108333333333355
vt 0.3359375 0.13108333333333355
vt 0.3359375 0.33333333333333337
vt 0.3561318359375001 0.33333333333333337
vt 0.37696516927083346 0.06858333333333366
vt 0.3567708333333333 0.06858333333333366
vt 0.3567708333333333 0.2708333333333335
vt 0.37696516927083346 0.2708333333333335
vn 0.31742477069789654 0.7383900658651686 -0.5949971643453604
vn 0.605443461778711 -0.6407221849901487 -0.472136946500547
vn -0.31742477069789654 -0.7383900658651686 0.5949971643453604
vn -0.605443461778711 0.6407221849901487 0.472136946500547
vn 0.7298491142262203 0.21036918094883056 0.6504345302719713
vn -0.7298491142262203 -0.21036918094883056 -0.6504345302719713
usemtl m_3722afce-2475-6df4-1e92-dcadf5eef328
f 12/28/7 15/27/7 13/26/7 10/25/7
f 11/32/8 12/31/8 10/30/8 9/29/8
f 16/36/9 11/35/9 9/34/9 14/33/9
f 15/40/10 16/39/10 14/38/10 13/37/10
f 14/44/11 9/43/11 10/42/11 13/41/11
f 15/48/12 12/47/12 11/46/12 16/45/12
o cube
v 0.23442524040931634 0.9189870763798309 0.4443464247605293
v 0.1996727608769887 1.5297457226239262 -0.001301704069632148
v 0.06959725740188483 0.8345318174174305 0.34145448926286126
v 0.03484477786955731 1.445290463661526 -0.10419363956730043
v 0.06201892116665475 1.6254785742622708 0.14063422031278106
v 0.09677140069898238 1.0147199280181756 0.5862823491429427
v -0.10280906184077665 1.5410233152998702 0.03774228481511277
v -0.06805658230844913 0.930264669055775 0.48339041364527446
vt 0.3842307942708333 0.9230221354166663
vt 0.3567708333333333 0.9230221354166663
vt 0.3567708333333333 0.9583333333333331
vt 0.3842307942708333 0.9583333333333331
vt 0.3624208984375 0.26020833333333326
vt 0.3624208984375 0.13406510416666684
vt 0.3359374999999999 0.13406510416666684
vt 0.3359374999999999 0.26020833333333326
vt 0.3842307942708332 0.8396888020833329
vt 0.35677083333333315 0.8396888020833329
vt 0.35677083333333315 0.8749999999999997
vt 0.3842307942708332 0.8749999999999997
vt 0.404087565104167 0.38520833333333304
vt 0.404087565104167 0.2590651041666666
vt 0.37760416666666685 0.2590651041666666
vt 0.37760416666666685 0.38520833333333304
vt 0.3633974609375 0.20719010416666694
vt 0.3359375 0.20719010416666694
vt 0.3359375 0.33333333333333337
vt 0.3633974609375 0.33333333333333337
vt 0.39725162760416666 0.6134401041666668
vt 0.36979166666666663 0.6134401041666668
vt 0.36979166666666663 0.7395833333333333
vt 0.39725162760416666 0.7395833333333333
vn -0.045916692955448354 0.8069644988464285 -0.5888123257113149
vn 0.6266115965334023 -0.4357838120028482 -0.6461039980422094
vn 0.045916692955448354 -0.8069644988464285 0.5888123257113149
vn -0.6266115965334023 0.4357838120028482 0.6461039980422094
vn 0.7779778688355449 0.3986235903679044 0.4856435614772476
vn -0.7779778688355449 -0.3986235903679044 -0.4856435614772476
usemtl m_3722afce-2475-6df4-1e92-dcadf5eef328
f 20/52/13 23/51/13 21/50/13 18/49/13
f 19/56/14 20/55/14 18/54/14 17/53/14
f 24/60/15 19/59/15 17/58/15 22/57/15
f 23/64/16 24/63/16 22/62/16 21/61/16
f 22/68/17 17/67/17 18/66/17 21/65/17
f 23/72/18 20/71/18 19/70/18 24/69/18
o cube
v 0.6195557387168327 -0.009142353073742338 1.5197348662793244
v 0.22880537856062633 0.9538286132270568 0.41084301555650327
v 0.4548032554760024 -0.15710617532754578 1.4492971832181607
v 0.06405289531979619 0.8058647909732533 0.3404053324953398
v 0.07621099104923212 1.0559303641909565 0.553280110356728
v 0.46696135120543847 0.09295939789015761 1.6621719610795491
v -0.08854149219159801 0.9079665419371532 0.4828424272955645
v 0.3022088679646082 -0.05500442436364583 1.5917342780183859
vt 0.3858177083333333 0.9196041666666664
vt 0.3567708333333333 0.9196041666666664
vt 0.3567708333333333 0.9583333333333331
vt 0.3858177083333333 0.9583333333333331
vt 0.40665104166666655 0.2810416666666665
vt 0.40665104166666655 0.02775000000000072
vt 0.3776041666666665 0.02775000000000072
vt 0.3776041666666665 0.2810416666666665
vt 0.39883854166666655 0.805020833333333
vt 0.3697916666666665 0.805020833333333
vt 0.3697916666666665 0.8437499999999997
vt 0.39883854166666655 0.8437499999999997
vt 0.36498437500000025 0.7185416666666664
vt 0.36498437500000025 0.4652500000000007
vt 0.3359375000000002 0.4652500000000007
vt 0.3359375000000002 0.7185416666666664
vt 0.364984375 0.08004166666666757
vt 0.3359375 0.08004166666666757
vt 0.3359375 0.33333333333333337
vt 0.364984375 0.33333333333333337
vt 0.39883854166666666 0.45504166666666757
vt 0.36979166666666663 0.45504166666666757
vt 0.36979166666666663 0.7083333333333333
vt 0.39883854166666666 0.7083333333333333
vn -0.2571148939998076 0.6336377471957904 -0.7296541212191647
vn 0.6566729962835683 -0.43938354368542193 -0.6129622153855828
vn 0.2571148939998076 -0.6336377471957904 0.7296541212191647
vn -0.6566729962835683 0.43938354368542193 0.6129622153855828
vn 0.7089940107190105 0.6367458730663941 0.3031207447494928
vn -0.7089940107190105 -0.6367458730663941 -0.3031207447494928
usemtl m_3722afce-2475-6df4-1e92-dcadf5eef328
f 28/76/19 31/75/19 29/74/19 26/73/19
f 27/80/20 28/79/20 26/78/20 25/77/20
f 32/84/21 27/83/21 25/82/21 30/81/21
f 31/88/22 32/87/22 30/86/22 29/85/22
f 30/92/23 25/91/23 26/90/23 29/89/23
f 31/96/24 28/95/24 27/94/24 32/93/24
o cube
v 0.5266603819418441 0.25740855783632033 1.2443010045641554
v 0.31632379669208643 1.1521259775110044 0.9237067213043231
v 0.36652237256923126 0.1778558842057365 1.1273485734802202
v 0.1561857873194734 1.0725733038804206 0.8067542902203881
v 0.18262625877248362 1.1795961617779147 1.08808749388621
v 0.39296284402224135 0.28487874210323083 1.408681777146042
v 0.022488249399870597 1.1000434881473309 0.9711350628022748
v 0.23282483464962844 0.205326068472647 1.291729346062107
vt 0.3567708333333333 0.9227232999999999
vt 0.3834783583333332 0.9227232999999999
vt 0.3834783583333332 0.9583333333333331
vt 0.3567708333333333 0.9583333333333331
vt 0.35222835833333355 0.035680433333334816
vt 0.35222835833333355 0.1979166666666664
vt 0.3255208333333336 0.1979166666666664
vt 0.3255208333333336 0.035680433333334816
vt 0.35677083333333315 0.8393899666666663
vt 0.383478358333333 0.8393899666666663
vt 0.383478358333333 0.8749999999999997
vt 0.35677083333333315 0.8749999999999997
vt 0.3730616916666665 0.4627637666666674
vt 0.3730616916666665 0.6249999999999989
vt 0.3463541666666666 0.6249999999999989
vt 0.3463541666666666 0.4627637666666674
vt 0.3359375 0.22318043333333515
vt 0.3626450249999999 0.22318043333333515
vt 0.3626450249999999 0.38541666666666663
vt 0.3359375 0.38541666666666663
vt 0.36979166666666663 0.5773471000000019
vt 0.3964991916666665 0.5773471000000019
vt 0.3964991916666665 0.7395833333333333
vt 0.36979166666666663 0.7395833333333333
vn -0.21608056857187902 0.919150838761146 -0.32934924243170066
vn 0.625748445052487 -0.1285694961762207 -0.7693560737183971
vn 0.21608056857187902 -0.919150838761146 0.32934924243170066
vn -0.625748445052487 0.1285694961762207 0.7693560737183971
vn 0.7494985466297105 0.372332674174151 0.5473758382887186
vn -0.7494985466297105 -0.372332674174151 -0.5473758382887186
usemtl m_3722afce-2475-6df4-1e92-dcadf5eef328
f 36/100/25 39/99/25 37/98/25 34/97/25
f 35/104/26 36/103/26 34/102/26 33/101/26
f 40/108/27 35/107/27 33/106/27 38/105/27
f 39/112/28 40/111/28 38/110/28 37/109/28
f 38/116/29 33/115/29 34/114/29 37/113/29
f 39/120/30 36/119/30 35/118/30 40/117/30
o cube
v 0.13887709685094596 1.0843754584520107 0.8363604061103151
v 0.013973016497520363 1.7085133348151667 0.6659549057368841
v 0.04128581199038228 1.1039273760910824 0.9795050932632583
v -0.08361826836304331 1.7280652524542384 0.8090995928898272
v 0.1546160973969719 1.7608853781508178 0.7546872600174597
v 0.2795201777503975 1.1367475017876618 0.9250927603908905
v 0.05702481253640823 1.7804372957898895 0.897831947170403
v 0.18192889288983383 1.1562994194267335 1.0682374475438339
vt 0.3567708333333333 0.9709422329066664
vt 0.37856415865333337 0.9709422329066664
vt 0.37856415865333337 0.9999999999999998
vt 0.3567708333333333 0.9999999999999998
vt 0.35416666666666674 0.3541666666666664
vt 0.35416666666666674 0.2443452013800016
vt 0.37595999198666674 0.2443452013800016
vt 0.37595999198666674 0.3541666666666664
vt 0.35677083333333315 0.8876088995733329
vt 0.37856415865333315 0.8876088995733329
vt 0.37856415865333315 0.9166666666666663
vt 0.35677083333333315 0.9166666666666663
vt 0.40981415865333326 0.1401785347133342
vt 0.40981415865333326 0.249999999999999
vt 0.38802083333333326 0.249999999999999
vt 0.38802083333333326 0.1401785347133342
vt 0.33593749999999967 0.5464285347133351
vt 0.35773082531999967 0.5464285347133351
vt 0.35773082531999967 0.65625
vt 0.33593749999999967 0.65625
vt 0.3359375 0.7235118680466686
vt 0.35773082532 0.7235118680466686
vt 0.35773082532 0.8333333333333334
vt 0.3359375 0.8333333333333334
vn -0.18955626453564287 0.9472007965139618 -0.258609887008617
vn -0.8066866737540836 -0.30039038654411254 -0.508942262009603
vn 0.18955626453564287 -0.9472007965139618 0.258609887008617
vn 0.8066866737540836 0.30039038654411254 0.508942262009603
vn 0.5597544398777613 -0.11214395550004014 -0.8210351394927861
vn -0.5597544398777613 0.11214395550004014 0.8210351394927861
usemtl m_3722afce-2475-6df4-1e92-dcadf5eef328
f 44/124/31 47/123/31 45/122/31 42/121/31
f 43/128/32 44/127/32 42/126/32 41/125/32
f 48/132/33 43/131/33 41/130/33 46/129/33
f 47/136/34 48/135/34 46/134/34 45/133/34
f 46/140/35 41/139/35 42/138/35 45/137/35
f 47/144/36 44/143/36 43/142/36 48/141/36