# Made in Blockbench 4.8.1
mtllib birch_twig_branch_down_3.mtl

o cube
v 0.17502547397402446 0.10196664654395937 -0.1458706953430735
v 0.12993408027254816 0.10958295673373963 -0.13091037254737403
v 0.1816840037920875 0.06918338778835575 -0.10911147131270083
v 0.1365926100906112 0.0767996979781359 -0.0941511485170014
v 0.207306516834318 0.28605094820045585 0.012455253071868788
v 0.2523979105357943 0.2784346380106757 -0.0025050697238305775
v 0.21396504665238114 0.2532676894448521 0.04921447710224158
v 0.25905644035385744 0.24565137925507197 0.034254154306542106
vt 0.40465028750000004 0.7159260000000003
vt 0.40465028750000004 0.7559541666666667
vt 0.3984375 0.7559541666666667
vt 0.3984375 0.7159260000000003
vt 0.40465028750000004 0.7375183333333333
vt 0.40465028750000004 0.7455375
vt 0.3984375 0.7455375
vt 0.3984375 0.7375183333333333
vt 0.42808778750000004 0.7159260000000003
vt 0.42808778750000004 0.7559541666666667
vt 0.421875 0.7559541666666667
vt 0.421875 0.7159260000000003
vt 0.34996278750000004 0.5500183333333333
vt 0.34996278750000004 0.5580375
vt 0.34375 0.5580375
vt 0.34375 0.5500183333333333
vt 0.404451875 0.726342666666667
vt 0.404451875 0.7663708333333333
vt 0.3984375 0.7663708333333333
vt 0.3984375 0.726342666666667
vt 0.404451875 0.726342666666667
vt 0.404451875 0.7663708333333333
vt 0.3984375 0.7663708333333333
vt 0.3984375 0.726342666666667
vn -0.9371587592533763 0.15829388319193985 0.3109284588111692
vn -0.32215829920502054 -0.73476590012332 -0.5969364306769155
vn 0.9371587592533763 -0.15829388319193985 -0.3109284588111692
vn 0.32215829920502054 0.73476590012332 0.5969364306769155
vn -0.1339682432817602 0.6595923881913616 -0.7395879874849343
vn 0.1339682432817602 -0.6595923881913616 0.7395879874849343
usemtl m_890a103a-2c95-a057-8483-4c3958a0f191
f 4/4/1 7/3/1 5/2/1 2/1/1
f 3/8/2 4/7/2 2/6/2 1/5/2
f 8/12/3 3/11/3 1/10/3 6/9/3
f 7/16/4 8/15/4 6/14/4 5/13/4
f 6/20/5 1/19/5 2/18/5 5/17/5
f 7/24/6 4/23/6 3/22/6 8/21/6
o cube
v 0.25537062823619294 0.27733364447698694 -0.012946168556535409
v 0.19343661315437266 0.288033753961382 0.010499179585319651
v 0.26373981686954395 0.23450488071677578 0.028708572948993427
v 0.20180580178772356 0.2452049902011708 0.0521539210908486
v 0.3577161753225475 0.6025848867890491 0.300909084359007
v 0.4196501904043678 0.5918847773046543 0.2774637362171519
v 0.3660853639558985 0.5597561230288379 0.3425638258645358
v 0.4280193790377188 0.5490560135444431 0.31911847772268076
vt 0.40597849609375003 0.6586958333333337
vt 0.40597849609375003 0.7351208333333334
vt 0.3984375 0.7351208333333334
vt 0.3984375 0.6586958333333337
vt 0.39816599609375003 0.7239404947916668
vt 0.39816599609375003 0.7351208333333334
vt 0.390625 0.7351208333333334
vt 0.390625 0.7239404947916668
vt 0.36691599609375003 0.8045291666666671
vt 0.36691599609375003 0.8809541666666667
vt 0.359375 0.8809541666666667
vt 0.359375 0.8045291666666671
vt 0.35129099609375003 0.5468571614583333
vt 0.35129099609375003 0.5580375
vt 0.34375 0.5580375
vt 0.34375 0.5468571614583333
vt 0.42244775390625 0.6899458333333337
vt 0.42244775390625 0.7663708333333333
vt 0.4140625 0.7663708333333333
vt 0.4140625 0.6899458333333337
vt 0.37557275390625 0.8253625000000003
vt 0.37557275390625 0.9017875000000001
vt 0.3671875 0.9017875000000001
vt 0.3671875 0.8253625000000003
vn -0.9232578967533924 0.15950783369272173 0.34950265674692266
vn -0.35825877694510005 -0.6859691044110099 -0.6333222217286855
vn 0.9232578967533924 -0.15950783369272173 -0.34950265674692266
vn 0.35825877694510005 0.6859691044110099 0.6333222217286855
vn -0.138728168820551 0.7099321367456273 -0.6904714739882343
vn 0.138728168820551 -0.7099321367456273 0.6904714739882343
usemtl m_890a103a-2c95-a057-8483-4c3958a0f191
f 12/28/7 15/27/7 13/26/7 10/25/7
f 11/32/8 12/31/8 10/30/8 9/29/8
f 16/36/9 11/35/9 9/34/9 14/33/9
f 15/40/10 16/39/10 14/38/10 13/37/10
f 14/44/11 9/43/11 10/42/11 13/41/11
f 15/48/12 12/47/12 11/46/12 16/45/12
o cube
v 0.42605195165632437 0.5910901224328393 0.26123036565613966
v 0.34540288535424035 0.6051040027869461 0.29771169813549314
v 0.4319030843029277 0.5255692864056423 0.29933449856661065
v 0.35125401800084344 0.539583166759749 0.33581583104596424
v 0.6094498976270626 0.901859949944535 0.7674435170464486
v 0.6900989639291468 0.8878460695904282 0.7309621845670953
v 0.6153010302736659 0.836339113917338 0.8055476499569196
v 0.6959500965757499 0.8223252335632312 0.7690663174775663
vt 0.41575258242187507 0.7055093333333338
vt 0.41575258242187507 0.8080375000000001
vt 0.40625 0.8080375000000001
vt 0.40625 0.7055093333333338
vt 0.36887758242187507 0.6622041666666667
vt 0.36887758242187507 0.6472676822916668
vt 0.359375 0.6472676822916668
vt 0.359375 0.6622041666666667
vt 0.35325258242187507 0.5580375
vt 0.35325258242187507 0.45550933333333377
vt 0.34375 0.45550933333333377
vt 0.34375 0.5580375
vt 0.35325258242187507 0.5580375
vt 0.35325258242187507 0.543101015625
vt 0.34375 0.543101015625
vt 0.34375 0.5580375
vt 0.4140625 0.8080375000000001
vt 0.4140625 0.7055093333333338
vt 0.42526486328125 0.7055093333333338
vt 0.42526486328125 0.8080375000000001
vt 0.359375 0.9330375000000001
vt 0.359375 0.8305093333333338
vt 0.37057736328125 0.8305093333333338
vt 0.37057736328125 0.9330375000000001
vn -0.8999112985948099 0.15637191905705297 0.4070718334542655
vn -0.4292267852782304 -0.48239743413206815 -0.7635817456844506
vn 0.8999112985948099 -0.15637191905705297 -0.4070718334542655
vn 0.4292267852782304 0.48239743413206815 0.7635817456844506
vn -0.07696766503616218 0.8618819747930755 -0.5012339175132403
vn 0.07696766503616218 -0.8618819747930755 0.5012339175132403
usemtl m_890a103a-2c95-a057-8483-4c3958a0f191
f 20/52/13 23/51/13 21/50/13 18/49/13
f 19/56/14 20/55/14 18/54/14 17/53/14
f 24/60/15 19/59/15 17/58/15 22/57/15
f 23/64/16 24/63/16 22/62/16 21/61/16
f 22/68/17 17/67/17 18/66/17 21/65/17
f 23/72/18 20/71/18 19/70/18 24/69/18
o cube
v 1.3734510056018547 -0.0717638374472353 -0.7726002343732286
v 1.340166444538023 -0.07489236454484177 -0.7827271023782042
v 1.3683113194077055 -0.09843654733100915 -0.7474672421696147
v 1.3350267583438735 -0.10156507442861556 -0.7575941101745903
v 1.2676687800446504 0.1098315507557166 -0.6015122227807383
v 1.3009533411084824 0.11296007785332307 -0.5913853547757627
v 1.2625290938505012 0.08315884087194281 -0.5763792305771245
v 1.2958136549143329 0.08628736796954928 -0.5662523625721488
vt 0.3874383734375001 0.8809541666666667
vt 0.3874383734375001 0.8361652578125004
vt 0.3828125 0.8361652578125004
vt 0.3828125 0.8809541666666667
vt 0.3483758734375001 0.8705375000000001
vt 0.3483758734375001 0.8647155989583332
vt 0.34375 0.8647155989583332
vt 0.34375 0.8705375000000001
vt 0.3874383734375001 0.8705375000000001
vt 0.3874383734375001 0.8257485911458337
vt 0.3828125 0.8257485911458337
vt 0.3828125 0.8705375000000001
vt 0.3483758734375001 0.8913708333333333
vt 0.3483758734375001 0.8855489322916665
vt 0.34375 0.8855489322916665
vt 0.34375 0.8913708333333333
vt 0.359375 0.8361652578125004
vt 0.359375 0.8809541666666667
vt 0.3637414257812501 0.8809541666666667
vt 0.3637414257812501 0.8361652578125004
vt 0.359375 0.846581924479167
vt 0.359375 0.8913708333333333
vt 0.3637414257812501 0.8913708333333333
vt 0.3637414257812501 0.846581924479167
vn -0.9528548843873383 -0.08956201405737457 -0.289907252301799
vn 0.26977536160952464 -0.687387123383691 -0.674329442390546
vn 0.9528548843873383 0.08956201405737457 0.289907252301799
vn -0.26977536160952464 0.687387123383691 0.674329442390546
vn 0.13888420920911992 0.7207479366909634 -0.6791418027099176
vn -0.13888420920911992 -0.7207479366909634 0.6791418027099176
usemtl m_890a103a-2c95-a057-8483-4c3958a0f191
f 28/76/19 31/75/19 29/74/19 26/73/19
f 27/80/20 28/79/20 26/78/20 25/77/20
f 32/84/21 27/83/21 25/82/21 30/81/21
f 31/88/22 32/87/22 30/86/22 29/85/22
f 30/92/23 25/91/23 26/90/23 29/89/23
f 31/96/24 28/95/24 27/94/24 32/93/24
o cube
v 1.316016710111834 0.11196955423128463 -0.5913196086189336
v 1.2642087200398622 0.10771047530891109 -0.611951566056011
v 1.3055715974515127 0.07278970008865271 -0.5570034083201318
v 1.253763607379541 0.06853062116627917 -0.5776353657572091
v 1.1273524248463986 0.3935143665427753 -0.3272966431532962
v 1.1791604149183703 0.3977734454651487 -0.30666468571621885
v 1.1169073121860773 0.35433451240014335 -0.2929804428544944
v 1.1687153022580492 0.3585935913225168 -0.2723484854174171
vt 0.41636903750000004 0.6970159973958339
vt 0.41636903750000004 0.7680093333333338
vt 0.42300907109375 0.7680093333333338
vt 0.42300907109375 0.6970159973958339
vt 0.33043153750000004 0.6292387500000001
vt 0.33043153750000004 0.63856
vt 0.33707157109375 0.63856
vt 0.33707157109375 0.6292387500000001
vt 0.40074403750000004 0.6761826640625006
vt 0.40074403750000004 0.7471760000000005
vt 0.40738407109375 0.7471760000000005
vt 0.40738407109375 0.6761826640625006
vt 0.35386903750000004 0.5354887500000001
vt 0.35386903750000004 0.54481
vt 0.36050907109375 0.54481
vt 0.36050907109375 0.5354887500000001
vt 0.375 0.8203774973958335
vt 0.375 0.8913708333333333
vt 0.3819909374999999 0.8913708333333333
vt 0.3819909374999999 0.8203774973958335
vt 0.3125 0.8724608307291669
vt 0.3125 0.9434541666666667
vt 0.3194909374999999 0.9434541666666667
vt 0.3194909374999999 0.8724608307291669
vn -0.9263419618608484 -0.07615357243526996 -0.3689054121331653
vn 0.32128906510780897 -0.670964129847991 -0.6682667679149384
vn 0.9263419618608484 0.07615357243526996 0.3689054121331653
vn -0.32128906510780897 0.670964129847991 0.6682667679149384
vn 0.1966313971316499 0.737568823814208 -0.6460095384739928
vn -0.1966313971316499 -0.737568823814208 0.6460095384739928
usemtl m_890a103a-2c95-a057-8483-4c3958a0f191
f 36/100/25 39/99/25 37/98/25 34/97/25
f 35/104/26 36/103/26 34/102/26 33/101/26
f 40/108/27 35/107/27 33/106/27 38/105/27
f 39/112/28 40/111/28 38/110/28 37/109/28
f 38/116/29 33/115/29 34/114/29 37/113/29
f 39/120/30 36/119/30 35/118/30 40/117/30
o cube
v 1.1961723169879712 0.3852906196738468 -0.32609981943841404
v 1.1280725654005421 0.3817048592241341 -0.35462055329737574
v 1.1861208493416826 0.3241375428319644 -0.2944111981501788
v 1.1180210977542537 0.3205517823822517 -0.3229319320091405
v 0.9399346922082938 0.629279349857123 0.06347526677083493
v 1.008034443795723 0.6328651103068357 0.09199600062979663
v 0.9298832245620055 0.5681262730152405 0.09516388805907017
v 0.9979829761494345 0.5717120334649533 0.12368462191803187
vt 0.4227631640625001 0.7663708333333333
vt 0.4227631640625001 0.6795291666666674
vt 0.4140625 0.6795291666666674
vt 0.4140625 0.7663708333333333
vt 0.3993256640625001 0.7351208333333334
vt 0.3993256640625001 0.722801171875
vt 0.390625 0.722801171875
vt 0.390625 0.7351208333333334
vt 0.3833954882812501 0.9017875000000001
vt 0.3833954882812501 0.814945833333334
vt 0.37469482421875 0.814945833333334
vt 0.37469482421875 0.9017875000000001
vt 0.3524506640625001 0.5580375
vt 0.3524506640625001 0.5457178385416668
vt 0.34375 0.5457178385416668
vt 0.34375 0.5580375
vt 0.39765625 0.6691125000000007
vt 0.39765625 0.7559541666666667
vt 0.40689599609375 0.7559541666666667
vt 0.40689599609375 0.6691125000000007
vt 0.3828125 0.6274458333333339
vt 0.3828125 0.7142875
vt 0.39205224609375 0.7142875
vt 0.39205224609375 0.6274458333333339
vn -0.9212881893136291 -0.048509997100165556 -0.3858430411612428
vn 0.3610745095331534 -0.4751453615449394 -0.8024101718994603
vn 0.9212881893136291 0.048509997100165556 0.3858430411612428
vn -0.3610745095331534 0.4751453615449394 0.8024101718994603
vn 0.14440661618017153 0.8785691012001678 -0.45526153320890395
vn -0.14440661618017153 -0.8785691012001678 0.45526153320890395
usemtl m_890a103a-2c95-a057-8483-4c3958a0f191
f 44/124/31 47/123/31 45/122/31 42/121/31
f 43/128/32 44/127/32 42/126/32 41/125/32
f 48/132/33 43/131/33 41/130/33 46/129/33
f 47/136/34 48/135/34 46/134/34 45/133/34
f 46/140/35 41/139/35 42/138/35 45/137/35
f 47/144/36 44/143/36 43/142/36 48/141/36
o cube
v 1.0309505707033197 0.6464932998858437 0.08488904450196677
v 0.9273326280165393 0.6471699628349175 0.03839208497464608
v 1.0148611758478547 0.5359788083175472 0.11913577694224431
v 0.9112432331610743 0.5366554712666209 0.07263881741492362
v 0.6261076972678405 0.9001833499630247 0.7133504631971415
v 0.729725639954621 0.899506687013951 0.7598474227244623
v 0.6100183024123755 0.7896688583947284 0.747597195637419
v 0.7136362450991562 0.7889921954456547 0.7940941551647396
vt 0.41303906250000005 0.7194990885416674
vt 0.41303906250000005 0.8497041666666667
vt 0.3984375 0.8497041666666667
vt 0.3984375 0.7194990885416674
vt 0.35835156250000005 0.6328584635416667
vt 0.35835156250000005 0.6517875
vt 0.34375 0.6517875
vt 0.34375 0.6328584635416667
vt 0.37397656250000005 0.7403324218750009
vt 0.37397656250000005 0.8705375000000001
vt 0.359375 0.8705375000000001
vt 0.359375 0.7403324218750009
vt 0.35835156250000005 0.5391084635416667
vt 0.35835156250000005 0.5580375
vt 0.34375 0.5580375
vt 0.34375 0.5391084635416667
vt 0.38138427734375 0.3653324218750008
vt 0.38138427734375 0.4955375000000001
vt 0.3671875 0.4955375000000001
vt 0.3671875 0.3653324218750008
vt 0.36575927734375 0.22991575520833418
vt 0.36575927734375 0.36012083333333333
vt 0.3515625 0.36012083333333333
vt 0.3515625 0.22991575520833418
vn -0.9123368298474905 0.005957892174132271 -0.4093971328974746
vn 0.3855775507971067 -0.32386523215478347 -0.8639683233328828
vn 0.9123368298474905 -0.005957892174132271 0.4093971328974746
vn -0.3855775507971067 0.32386523215478347 0.8639683233328828
vn 0.13773692760162648 0.9460844650041399 -0.29317694972950153
vn -0.13773692760162648 -0.9460844650041399 0.29317694972950153
usemtl m_890a103a-2c95-a057-8483-4c3958a0f191
f 52/148/37 55/147/37 53/146/37 50/145/37
f 51/152/38 52/151/38 50/150/38 49/149/38
f 56/156/39 51/155/39 49/154/39 54/153/39
f 55/160/40 56/159/40 54/158/40 53/157/40
f 54/164/41 49/163/41 50/162/41 53/161/41
f 55/168/42 52/167/42 51/166/42 56/165/42
o cube
v 0.6751549656274689 0.1389497891285375 -0.5629219839825569
v 0.6323241376229105 0.14510802155060099 -0.5487491602447727
v 0.6811473807406063 0.10477061464521731 -0.5299614808289143
v 0.6383165527360479 0.1109288470672809 -0.5157886570911301
v 0.7569211174280999 0.41639165626293484 -0.29008763979634977
v 0.7997519454326583 0.41023342384087136 -0.30426046353413405
v 0.7629135325412373 0.38221248177961464 -0.25712713664270714
v 0.8057443605457957 0.37605424935755116 -0.2712999603804914
vt 0.3809824218750001 0.8255375000000001
vt 0.3809824218750001 0.8913708333333333
vt 0.375 0.8913708333333333
vt 0.375 0.8255375000000001
vt 0.3809824218750001 0.8837819661458334
vt 0.3809824218750001 0.8913708333333333
vt 0.375 0.8913708333333333
vt 0.375 0.8837819661458334
vt 0.4122324218750001 0.7109541666666668
vt 0.4122324218750001 0.7767875000000001
vt 0.40625 0.7767875000000001
vt 0.40625 0.7109541666666668
vt 0.3809824218750001 0.8837819661458334
vt 0.3809824218750001 0.8913708333333333
vt 0.375 0.8913708333333333
vt 0.375 0.8837819661458334
vt 0.404129150390625 0.7005375
vt 0.404129150390625 0.7663708333333333
vt 0.3984375 0.7663708333333333
vt 0.3984375 0.7005375
vt 0.380691650390625 0.8255375000000001
vt 0.380691650390625 0.8913708333333333
vt 0.375 0.8913708333333333
vt 0.375 0.8255375000000001
vn -0.9406504498920711 0.13524707245298856 0.31126349048794705
vn -0.3154353919118723 -0.6867940119299599 -0.6548392922744891
vn 0.9406504498920711 -0.13524707245298856 -0.31126349048794705
vn 0.3154353919118723 0.6867940119299599 0.6548392922744891
vn -0.12520880419222846 0.7141583959949264 -0.6886948096092391
vn 0.12520880419222846 -0.7141583959949264 0.6886948096092391
usemtl m_890a103a-2c95-a057-8483-4c3958a0f191
f 60/172/43 63/171/43 61/170/43 58/169/43
f 59/176/44 60/175/44 58/174/44 57/173/44
f 64/180/45 59/179/45 57/178/45 62/177/45
f 63/184/46 64/183/46 62/182/46 61/181/46
f 62/188/47 57/187/47 58/186/47 61/185/47
f 63/192/48 60/191/48 59/190/48 64/189/48
o cube
v 0.8112954857679262 0.4024706853925001 -0.32640677074490926
v 0.7442755844820339 0.41760063321203433 -0.3044010692134951
v 0.809793113679619 0.34127648819684164 -0.2889084805769004
v 0.7427732123937267 0.3564064360163759 -0.2669027790454862
v 0.9133538556290246 0.6366879004997776 0.05990588589213175
v 0.9803737569149169 0.6215579526802433 0.037900184360717626
v 0.9118514835407174 0.5754937033041192 0.09740417606014073
v 0.9788713848266095 0.5603637554845848 0.07539847452872639
vt 0.36834814453125014 0.8151208333333334
vt 0.36834814453125014 0.8913708333333333
vt 0.359375 0.8913708333333333
vt 0.359375 0.8151208333333334
vt 0.38397314453125014 0.8793467447916667
vt 0.38397314453125014 0.8913708333333333
vt 0.375 0.8913708333333333
vt 0.375 0.8793467447916667
vt 0.42303564453125014 0.6901208333333335
vt 0.42303564453125014 0.7663708333333333
vt 0.4140625 0.7663708333333333
vt 0.4140625 0.6901208333333335
vt 0.38397314453125014 0.8793467447916667
vt 0.38397314453125014 0.8913708333333333
vt 0.375 0.8913708333333333
vt 0.375 0.8793467447916667
vt 0.40745556640625 0.7005375
vt 0.40745556640625 0.7767875000000001
vt 0.3984375 0.7767875000000001
vt 0.3984375 0.7005375
vt 0.36839306640625 0.5859541666666668
vt 0.36839306640625 0.6622041666666667
vt 0.359375 0.6622041666666667
vt 0.359375 0.5859541666666668
vn -0.928967173598374 0.2097171824029858 0.30502244799621103
vn -0.36956999157812215 -0.47887927276009506 -0.7962993554221361
vn 0.928967173598374 -0.2097171824029858 -0.30502244799621103
vn 0.36956999157812215 0.47887927276009506 0.7962993554221361
vn 0.020928729096514564 0.8524631050818067 -0.5223683018452494
vn -0.020928729096514564 -0.8524631050818067 0.5223683018452494
usemtl m_890a103a-2c95-a057-8483-4c3958a0f191
f 68/196/49 71/195/49 69/194/49 66/193/49
f 67/200/50 68/199/50 66/198/50 65/197/50
f 72/204/51 67/203/51 65/202/51 70/201/51
f 71/208/52 72/207/52 70/206/52 69/205/52
f 70/212/53 65/211/53 66/210/53 69/209/53
f 71/216/54 68/215/54 67/214/54 72/213/54
o cube
v 0.5939008971543144 1.0698660583862576 1.4466604950275883
v 0.5568294596844683 0.9394689360997148 1.510497621579281
v 0.4576853465696703 1.0894870763117719 1.4076364642375696
v 0.7683372000834993 0.8996112976542436 0.7128746767275942
v 0.7390685436136168 0.7424004942996631 0.7766147653266092
v 0.6021684927747786 0.7621201103052051 0.7373946338793542
v 0.631437149244661 0.9193309136597856 0.6736545452803391
v 0.42061390909982416 0.959089954025229 1.471473590789262
vt 0.37655625 0.46875
vt 0.375 0.43832812500000007
vt 0.3951921875 0.43832812500000007
vt 0.3967484375 0.46875
vt 0.3515625 0.33333333333333337
vt 0.35156250000000006 0.1932356192277389
vt 0.3717526148091518 0.1928498731317917
vt 0.3716510627343553 0.3329495274599533
vt 0.359375 0.035712499999999925
vt 0.37946562500000003 0.035712499999999925
vt 0.37946562500000003 0.0625
vt 0.359375 0.0625
vt 0.4141731866479985 0.8850547469683184
vt 0.39554537122936395 0.8950895815805116
vt 0.392118012540416 0.7540370297317198
vt 0.4138984219401892 0.744973079366806
vt 0.4004312972714556 0.5666181819336209
vt 0.4040983636175972 0.7066329028581091
vt 0.3820298653718557 0.698634465885478
vt 0.3815823936790532 0.5575211060345582
vt 0.35607890625 0.7916666666666666
vt 0.33598828125 0.7916666666666666
vt 0.3359375 0.6505395833333334
vt 0.3561296875 0.6505395833333334
vn 0.19875995327642276 -0.39979321530162903 -0.8947959912585324
vn 0.1902582277604663 0.9653241885580963 -0.178748476228749
vn -0.1789661896392713 0.47317317509737694 0.8625997039961626
vn 0.9521563333083475 -0.13694041964859302 0.27321353994132613
vn -0.9657213739500551 0.07962051044331199 -0.24706841605669605
vn -0.19761744187952376 -0.9579237806025268 0.20815709745563643
usemtl m_890a103a-2c95-a057-8483-4c3958a0f191
f 76/217/55 77/218/55 78/219/55 79/220/55
f 73/221/56 76/222/56 79/223/56 75/224/56
f 80/225/57 74/226/57 73/227/57 75/228/57
f 73/229/58 74/230/58 77/231/58 76/232/58
f 75/233/59 79/234/59 78/235/59 80/236/59
f 74/237/60 80/238/60 78/239/60 77/240/60