# Made in Blockbench 4.12.3
mtllib birch_twig_branch_down_3.mtl

o cube
v 0.1365926100906112 0.0767996979781359 -0.0941511485170014
v 0.21396504665238114 0.2532676894448521 0.04921447710224158
v 0.207306516834318 0.28605094820045585 0.012455253071868788
v 0.12993408027254816 0.10958295673373963 -0.13091037254737403
v 0.1816840037920875 0.06918338778835575 -0.10911147131270083
v 0.17502547397402446 0.10196664654395937 -0.1458706953430735
v 0.25905644035385744 0.24565137925507197 0.034254154306542106
v 0.2523979105357943 0.2784346380106757 -0.0025050697238305775
vt 0.3125 0.8792659116479732
vt 0.39255749116954086 0.8792659116479732
vt 0.39255678052572374 0.8958333333333334
vt 0.3125022313608654 0.8958331747016727
vt 0.8958348347218701 0.8375987267213825
vt 0.9118732288685903 0.8375987267213825
vt 0.9118717274800542 0.854166666666667
vt 0.8958333333333338 0.854166666666667
vt 0.2883908245028742 0.8958333333333334
vt 0.20833333333333334 0.8958333333333334
vt 0.20833556469419875 0.8792660702796339
vt 0.28839011385905705 0.8792659116479732
vt 0.8958333333333343 0.8124999999999994
vt 0.8958333333333343 0.7964616058532791
vt 0.9124012732786188 0.7964601044647428
vt 0.9124012732786188 0.8124984986114633
vt 0.330055990146436 0.8541666666666666
vt 0.2500004080823597 0.8541666666666666
vt 0.25 0.8381279335797032
vt 0.33005602077836543 0.8381299701963952
vt 0.3925560208042711 0.9375
vt 0.3125 0.9375
vt 0.3125008161060309 0.9214612669286081
vt 0.3925563981442017 0.9214633035341386
vn -0.9371587592533763 0.15829388319193932 0.31092845881116965
vn -0.3221582992050197 -0.7347659001233195 -0.5969364306769165
vn 0.9371587592533765 -0.15829388319194057 -0.3109284588111684
vn 0.3221582992050202 0.7347659001233202 0.5969364306769153
vn -0.1339682432817599 0.6595923881913611 -0.7395879874849347
vn 0.13396824328176063 -0.6595923881913617 0.739587987484934
usemtl m_20af6a9d-1697-d90f-62e6-5c2e4a5f534e
f 1/1/1 2/2/1 3/3/1 4/4/1
f 5/5/2 1/6/2 4/7/2 6/8/2
f 7/9/3 5/10/3 6/11/3 8/12/3
f 2/13/4 7/14/4 8/15/4 3/16/4
f 8/17/5 6/18/5 4/19/5 3/20/5
f 2/21/6 1/22/6 5/23/6 7/24/6
o cube
v 0.20180580178772356 0.2452049902011708 0.0521539210908486
v 0.3660853639558985 0.5597561230288379 0.3425638258645358
v 0.3577161753225475 0.6025848867890491 0.300909084359007
v 0.19343661315437266 0.288033753961382 0.010499179585319651
v 0.26373981686954395 0.23450488071677578 0.028708572948993427
v 0.25537062823619294 0.27733364447698694 -0.012946168556535409
v 0.4280193790377188 0.5490560135444431 0.31911847772268076
v 0.4196501904043678 0.5918847773046543 0.2774637362171519
vt 0.3958350844216389 0.8340568612944782
vt 0.5486839778100747 0.8340568612944782
vt 0.548683724916429 0.854165219016661
vt 0.3958333333333333 0.8541666666666666
vt 0.8958333333333343 0.8340567063646214
vt 0.9166663407875247 0.8340567063646214
vt 0.9166666666666675 0.8541666666666677
vt 0.895833659212477 0.8541666666666677
vt 0.5486839778100747 0.8958333333333334
vt 0.3958350844216389 0.8958333333333334
vt 0.3958333333333333 0.8757235279611449
vt 0.548683724916429 0.8757249756111506
vt 0.8750000000000009 0.791666340787523
vt 0.8750000000000009 0.7708333333333324
vt 0.895109960302047 0.770833659212475
vt 0.8951099603020473 0.7916666666666657
vt 0.7570157549642511 0.8541666666666666
vt 0.6041666666666666 0.8541666666666666
vt 0.6041668817083393 0.8333352237863302
vt 0.7570154981523025 0.8333333333333334
vt 0.7361824616840976 0.9166666666666666
vt 0.5833338452266649 0.9166666666666666
vt 0.5833333333333334 0.8958352237921658
vt 0.7361824216174483 0.8958333333333334
vn -0.9232578967533923 0.15950783369272134 0.3495026567469232
vn -0.35825877694510117 -0.68596910441101 -0.6333222217286846
vn 0.9232578967533923 -0.15950783369272134 -0.34950265674692343
vn 0.3582587769450987 0.6859691044110103 0.6333222217286858
vn -0.13872816882054997 0.7099321367456269 -0.6904714739882347
vn 0.13872816882055108 -0.7099321367456272 0.6904714739882343
usemtl m_20af6a9d-1697-d90f-62e6-5c2e4a5f534e
f 9/25/7 10/26/7 11/27/7 12/28/7
f 13/29/8 9/30/8 12/31/8 14/32/8
f 15/33/9 13/34/9 14/35/9 16/36/9
f 10/37/10 15/38/10 16/39/10 11/40/10
f 16/41/11 14/42/11 12/43/11 11/44/11
f 10/45/12 9/46/12 13/47/12 15/48/12
o cube
v 0.35125401800084344 0.539583166759749 0.33581583104596424
v 0.6153010302736659 0.836339113917338 0.8055476499569196
v 0.6094498976270626 0.901859949944535 0.7674435170464486
v 0.34540288535424035 0.6051040027869461 0.29771169813549314
v 0.4319030843029277 0.5255692864056423 0.29933449856661065
v 0.42605195165632437 0.5910901224328393 0.26123036565613966
v 0.6959500965757499 0.8223252335632312 0.7690663174775663
v 0.6900989639291468 0.8878460695904282 0.7309621845670953
vt 0.3750016597145817 0.7454925589237411
vt 0.5800575200006842 0.7454925589237411
vt 0.5800568777933955 0.7708333333333334
vt 0.375 0.7708315153793498
vt 0.8749999999999992 0.8288260523257988
vt 0.9048736837953891 0.8288260523257988
vt 0.9048727150172358 0.8541666666666663
vt 0.875001081085518 0.8541662947302426
vt 0.7258908533340177 0.8125
vt 0.5208349930479151 0.8124999999999999
vt 0.5208333333333334 0.7871610435443911
vt 0.725890211126729 0.7871592255904076
vt 0.8749999999999994 0.7916666666666666
vt 0.8749999999999994 0.7617929828712767
vt 0.9003402424044432 0.7617940639567955
vt 0.900340614340867 0.7916656978885133
vt 0.663390062692441 0.8541666666666666
vt 0.45833502158685774 0.8541666666666666
vt 0.4583333333333333 0.8242926457808549
vt 0.6633903562492938 0.8242920033593367
vt 0.8300570229169667 0.9375
vt 0.625 0.9375
vt 0.6250015946614417 0.9076259791090457
vt 0.8300566357660187 0.9076253366937364
vn -0.8999112985948097 0.15637191905705172 0.4070718334542667
vn -0.42922678527823127 -0.4823974341320676 -0.7635817456844504
vn 0.8999112985948101 -0.15637191905705136 -0.407071833454266
vn 0.42922678527823066 0.48239743413206676 0.7635817456844513
vn -0.07696766503616106 0.8618819747930753 -0.501233917513241
vn 0.07696766503616186 -0.8618819747930753 0.5012339175132408
usemtl m_20af6a9d-1697-d90f-62e6-5c2e4a5f534e
f 17/49/13 18/50/13 19/51/13 20/52/13
f 21/53/14 17/54/14 20/55/14 22/56/14
f 23/57/15 21/58/15 22/59/15 24/60/15
f 18/61/16 23/62/16 24/63/16 19/64/16
f 24/65/17 22/66/17 20/67/17 19/68/17
f 18/69/18 17/70/18 21/71/18 23/72/18
o cube
v 1.3350267583438735 -0.10156507442861556 -0.7575941101745903
v 1.2625290938505012 0.08315884087194281 -0.5763792305771245
v 1.2676687800446504 0.1098315507557166 -0.6015122227807383
v 1.340166444538023 -0.07489236454484177 -0.7827271023782042
v 1.3683113194077055 -0.09843654733100915 -0.7474672421696147
v 1.3734510056018547 -0.0717638374472353 -0.7726002343732286
v 1.2958136549143329 0.08628736796954928 -0.5662523625721488
v 1.3009533411084824 0.11296007785332307 -0.5913853547757627
vt 0.5 0.8001648683839012
vt 0.5895801945186546 0.8001648683839013
vt 0.5895782996848217 0.8124999302301136
vt 0.5000010506182068 0.8125
vt 0.8749999999999988 0.8958311488885363
vt 0.8749999999999988 0.8841879030519532
vt 0.8873357744804989 0.8841900874967493
vt 0.8873357744804989 0.8958333333333325
vt 0.7562468611853213 0.875
vt 0.6666666666666666 0.875
vt 0.6666677172848736 0.8626648683839012
vt 0.7562449663514884 0.8626649381537876
vt 0.8958333333333321 0.9043308921861675
vt 0.9074765791699154 0.9043308921861675
vt 0.9074787636147116 0.9166666666666676
vt 0.8958355177781283 0.9166666666666676
vt 0.5895780740946519 0.875
vt 0.5 0.875
vt 0.5000006295912255 0.8633545332294061
vt 0.5895784344840266 0.8633565990968127
vt 0.7562448326036311 0.9166666666666666
vt 0.6666670276870081 0.9166666666666666
vt 0.6666666666666666 0.90502119988465
vt 0.7562447407374967 0.9050232657582643
vn -0.9528548843873389 -0.08956201405737585 -0.28990725230179676
vn 0.2697753616095224 -0.6873871233836918 -0.6743294423905459
vn 0.9528548843873386 0.08956201405737646 0.28990725230179754
vn -0.2697753616095251 0.6873871233836916 0.6743294423905452
vn 0.13888420920911973 0.7207479366909634 -0.6791418027099176
vn -0.13888420920911965 -0.7207479366909634 0.6791418027099176
usemtl m_20af6a9d-1697-d90f-62e6-5c2e4a5f534e
f 25/73/19 26/74/19 27/75/19 28/76/19
f 29/77/20 25/78/20 28/79/20 30/80/20
f 31/81/21 29/82/21 30/83/21 32/84/21
f 26/85/22 31/86/22 32/87/22 27/88/22
f 32/89/23 30/90/23 28/91/23 27/92/23
f 26/93/24 25/94/24 29/95/24 31/96/24
o cube
v 1.253763607379541 0.06853062116627917 -0.5776353657572091
v 1.1169073121860773 0.35433451240014335 -0.2929804428544944
v 1.1273524248463986 0.3935143665427753 -0.3272966431532962
v 1.2642087200398622 0.10771047530891109 -0.611951566056011
v 1.3055715974515127 0.07278970008865271 -0.5570034083201318
v 1.316016710111834 0.11196955423128463 -0.5913196086189336
v 1.1687153022580492 0.3585935913225168 -0.2723484854174171
v 1.1791604149183703 0.3977734454651487 -0.30666468571621885
vt 0.08333333333333333 0.669793709679551
vt 0.22531831146396844 0.669793709679551
vt 0.22531863063041038 0.6874999999999998
vt 0.0833336524997752 0.6875
vt 0.8750000000000003 0.8125
vt 0.8750000000000003 0.7938576746782281
vt 0.8927082296562792 0.7938575750319202
vt 0.8927082296562792 0.812499900353692
vt 0.5378183114639684 0.75
vt 0.3958333333333333 0.75
vt 0.3958336524997752 0.732293709679551
vt 0.5378186306304104 0.732293709679551
vt 0.875000099646309 0.7739584370103879
vt 0.8936424249680809 0.7739584370103879
vt 0.8936423253217729 0.7916666666666669
vt 0.875000000000001 0.7916666666666669
vt 0.5378203723820173 0.8125
vt 0.3958333333333333 0.8125
vt 0.39583357038915473 0.79385818688742
vt 0.5378206094378387 0.7938581868874199
vt 0.621153942771172 0.8541666666666666
vt 0.4791669037224881 0.8541666666666666
vt 0.4791666666666667 0.8355248535540866
vt 0.6211537057153507 0.8355248535540866
vn -0.9263419618608477 -0.07615357243526794 -0.3689054121331676
vn 0.32128906510780936 -0.6709641298479919 -0.6682667679149374
vn 0.9263419618608479 0.07615357243526764 0.3689054121331671
vn -0.32128906510780847 0.6709641298479909 0.668266767914939
vn 0.19663139713164965 0.7375688238142081 -0.6460095384739928
vn -0.1966313971316494 -0.7375688238142079 0.6460095384739933
usemtl m_20af6a9d-1697-d90f-62e6-5c2e4a5f534e
f 33/97/25 34/98/25 35/99/25 36/100/25
f 37/101/26 33/102/26 36/103/26 38/104/26
f 39/105/27 37/106/27 38/107/27 40/108/27
f 34/109/28 39/110/28 40/111/28 35/112/28
f 40/113/29 38/114/29 36/115/29 35/116/29
f 34/117/30 33/118/30 37/119/30 39/120/30
o cube
v 1.1180210977542537 0.3205517823822517 -0.3229319320091405
v 0.9298832245620055 0.5681262730152405 0.09516388805907017
v 0.9399346922082938 0.629279349857123 0.06347526677083493
v 1.1280725654005421 0.3817048592241341 -0.35462055329737574
v 1.1861208493416826 0.3241375428319644 -0.2944111981501788
v 1.1961723169879712 0.3852906196738468 -0.32609981943841404
v 0.9979829761494345 0.5717120334649533 0.12368462191803187
v 1.008034443795723 0.6328651103068357 0.09199600062979663
vt 0.3333333333333333 0.7916666666666667
vt 0.5070172716389442 0.7916666666666666
vt 0.5070189023798733 0.8124999999999999
vt 0.3333349640742626 0.8125
vt 0.8749999999999997 0.8541666666666665
vt 0.8749999999999997 0.8333334057178029
vt 0.895833333333333 0.8333333333333331
vt 0.8958333333333329 0.8541665942821968
vt 0.6111839383056109 0.7083333333333333
vt 0.4375 0.7083333333333333
vt 0.43750163074092924 0.6875
vt 0.6111855690465401 0.6875
vt 0.8750000723844685 0.791666666666666
vt 0.8958333333333321 0.791666666666666
vt 0.8958332609488625 0.8124999999999992
vt 0.8749999999999988 0.8124999999999992
vt 0.5070170361250789 0.7708333333333334
vt 0.3333333333333333 0.7708333333333334
vt 0.33333401182463707 0.75
vt 0.5070175030048633 0.7500017523754898
vt 0.6528505423239718 0.8333333333333333
vt 0.47916705113137975 0.8333333333333334
vt 0.4791666666666667 0.8125
vt 0.6528503694460462 0.8125017523776243
vn -0.9212881893136292 -0.04850999710016677 -0.3858430411612425
vn 0.3610745095331539 -0.47514536154493925 -0.8024101718994602
vn 0.921288189313629 0.048509997100164466 0.38584304116124357
vn -0.3610745095331529 0.4751453615449393 0.8024101718994605
vn 0.1444066161801701 0.8785691012001678 -0.4552615332089045
vn -0.14440661618017084 -0.8785691012001678 0.4552615332089043
usemtl m_20af6a9d-1697-d90f-62e6-5c2e4a5f534e
f 41/121/31 42/122/31 43/123/31 44/124/31
f 45/125/32 41/126/32 44/127/32 46/128/32
f 47/129/33 45/130/33 46/131/33 48/132/33
f 42/133/34 47/134/34 48/135/34 43/136/34
f 48/137/35 46/138/35 44/139/35 43/140/35
f 42/141/36 41/142/36 45/143/36 47/144/36
o cube
v 0.9112432331610743 0.5366554712666209 0.07263881741492362
v 0.6100183024123755 0.7896688583947284 0.747597195637419
v 0.6261076972678405 0.9001833499630247 0.7133504631971415
v 0.9273326280165393 0.6471699628349175 0.03839208497464608
v 1.0148611758478547 0.5359788083175472 0.11913577694224431
v 1.0309505707033197 0.6464932998858437 0.08488904450196677
v 0.7136362450991562 0.7889921954456547 0.7940941551647396
v 0.729725639954621 0.899506687013951 0.7598474227244623
vt 0.6666666666666666 0.6902278678355594
vt 0.9270775073431644 0.6902278678355594
vt 0.9270760881280807 0.7291666666666667
vt 0.6666672184956788 0.7291659919349051
vt 0.5208333333333334 0.7735617371571029
vt 0.5586924247507379 0.7735617371571027
vt 0.5586929909722488 0.8124979298923217
vt 0.5208359960304002 0.8125
vt 0.6354108406764977 0.7291666666666667
vt 0.375 0.7291666666666667
vt 0.3750005518290121 0.6902285425673211
vt 0.635409421461414 0.6902278678355593
vt 0.25 0.7916661004451557
vt 0.25 0.7538070090277512
vt 0.28893826284289714 0.7538096717248179
vt 0.2889361927352189 0.7916666666666666
vt 0.6145778588678926 0.8333333333333334
vt 0.3541671424608714 0.8333333333333334
vt 0.3541666666666667 0.7954748548050695
vt 0.6145773830736879 0.7954748548050695
vt 0.9062440497403546 0.8749999999999999
vt 0.6458333333333334 0.875
vt 0.6458338091275381 0.8371415214717363
vt 0.9062445255345594 0.8371415214717363
vn -0.9123368298474908 0.005957892174131605 -0.40939713289747465
vn 0.3855775507971072 -0.3238652321547834 -0.8639683233328826
vn 0.9123368298474906 -0.005957892174131899 0.40939713289747437
vn -0.38557755079710604 0.32386523215478175 0.8639683233328839
vn 0.1377369276016261 0.94608446500414 -0.2931769497295014
vn -0.13773692760162634 -0.9460844650041399 0.29317694972950153
usemtl m_20af6a9d-1697-d90f-62e6-5c2e4a5f534e
f 49/145/37 50/146/37 51/147/37 52/148/37
f 53/149/38 49/150/38 52/151/38 54/152/38
f 55/153/39 53/154/39 54/155/39 56/156/39
f 50/157/40 55/158/40 56/159/40 51/160/40
f 56/161/41 54/162/41 52/163/41 51/164/41
f 50/165/42 49/166/42 53/167/42 55/168/42
o cube
v 0.6383165527360479 0.1109288470672809 -0.5157886570911301
v 0.7629135325412373 0.38221248177961464 -0.25712713664270714
v 0.7569211174280999 0.41639165626293484 -0.29008763979634977
v 0.6323241376229105 0.14510802155060099 -0.5487491602447727
v 0.6811473807406063 0.10477061464521731 -0.5299614808289143
v 0.6751549656274689 0.1389497891285375 -0.5629219839825569
v 0.8057443605457957 0.37605424935755116 -0.2712999603804914
v 0.7997519454326583 0.41023342384087136 -0.30426046353413405
vt 0.3958333333333333 0.7340457925393726
vt 0.5275011171497965 0.7340457925393726
vt 0.5275017608679635 0.75
vt 0.39583397705150025 0.75
vt 0.8749999999999994 0.8798796785453605
vt 0.8901777231905837 0.8798796785453606
vt 0.8901780200208972 0.8958312864052181
vt 0.8750006845970809 0.895833333333334
vt 0.6108344504831299 0.8333333333333334
vt 0.4791666666666667 0.8333333333333334
vt 0.47916731038483357 0.8173791258727059
vt 0.6108350942012969 0.817379125872706
vt 0.895833333333334 0.9166663698363529
vt 0.895833333333334 0.9014886466457686
vt 0.9117869881213073 0.90148933124285
vt 0.9117849411931916 0.9166666666666664
vt 0.48583512361981707 0.8333333333333333
vt 0.3541666666666667 0.8333333333333334
vt 0.35416751884389813 0.8181555146550993
vt 0.4858339317188293 0.8181559171746788
vt 0.6108338853190828 0.8958333333333334
vt 0.47916747244353625 0.8958333333333333
vt 0.4791666666666667 0.880655514652565
vt 0.6108351236192017 0.8806559171783936
vn -0.9406504498920715 0.13524707245298986 0.31126349048794566
vn -0.3154353919118722 -0.6867940119299601 -0.6548392922744888
vn 0.9406504498920715 -0.13524707245298992 -0.31126349048794594
vn 0.3154353919118723 0.686794011929959 0.65483929227449
vn -0.12520880419222827 0.7141583959949264 -0.6886948096092392
vn 0.1252088041922267 -0.7141583959949264 0.6886948096092396
usemtl m_20af6a9d-1697-d90f-62e6-5c2e4a5f534e
f 57/169/43 58/170/43 59/171/43 60/172/43
f 61/173/44 57/174/44 60/175/44 62/176/44
f 63/177/45 61/178/45 62/179/45 64/180/45
f 58/181/46 63/182/46 64/183/46 59/184/46
f 64/185/47 62/186/47 60/187/47 59/188/47
f 58/189/48 57/190/48 61/191/48 63/192/48
o cube
v 0.7427732123937267 0.3564064360163759 -0.2669027790454862
v 0.9118514835407174 0.5754937033041192 0.09740417606014073
v 0.9133538556290246 0.6366879004997776 0.05990588589213175
v 0.7442755844820339 0.41760063321203433 -0.3044010692134951
v 0.809793113679619 0.34127648819684164 -0.2889084805769004
v 0.8112954857679262 0.4024706853925001 -0.32640677074490926
v 0.9788713848266095 0.5603637554845848 0.07539847452872639
v 0.9803737569149169 0.6215579526802433 0.037900184360717626
vt 0.43750032550518747 0.6875
vt 0.5900009886554988 0.6875
vt 0.589999867132598 0.7083333333333333
vt 0.4375 0.7083308636605397
vt 0.8958346896354801 0.8749999999999999
vt 0.9166666666666666 0.8749999999999999
vt 0.9166653103645199 0.8958333333333331
vt 0.8958333333333334 0.8958333333333331
vt 0.5066676553221654 0.7708333333333334
vt 0.35416699217185404 0.7708333333333333
vt 0.3541666666666667 0.7500024696727937
vt 0.5066665337992645 0.75
vt 0.8749999999999994 0.9166666666666666
vt 0.8749999999999992 0.8958346896354801
vt 0.8958333333333326 0.8958333333333334
vt 0.8958333333333326 0.9166653103645199
vt 0.6733345386325359 0.8124999999999999
vt 0.5208340558094158 0.8125
vt 0.5208333333333334 0.7916683198854876
vt 0.6733329804065948 0.7916666666666666
vt 0.7774996470852019 0.8541666666666666
vt 0.625 0.8541666666666666
vt 0.6250004215629064 0.8333349865612132
vt 0.777500904374086 0.8333333333333334
vn -0.9289671735983741 0.20971718240298537 0.3050224479962112
vn -0.3695699915781219 -0.4788792727600957 -0.7962993554221359
vn 0.9289671735983742 -0.20971718240298462 -0.30502244799621125
vn 0.3695699915781252 0.4788792727600929 0.7962993554221359
vn 0.020928729096515396 0.8524631050818066 -0.5223683018452494
vn -0.02092872909651539 -0.8524631050818066 0.5223683018452495
usemtl m_20af6a9d-1697-d90f-62e6-5c2e4a5f534e
f 65/193/49 66/194/49 67/195/49 68/196/49
f 69/197/50 65/198/50 68/199/50 70/200/50
f 71/201/51 69/202/51 70/203/51 72/204/51
f 66/205/52 71/206/52 72/207/52 67/208/52
f 72/209/53 70/210/53 68/211/53 67/212/53
f 66/213/54 65/214/54 69/215/54 71/216/54
o cube
v 0.7683372000834993 0.8996112976542436 0.7128746767275942
v 0.7390685436136168 0.7424004942996631 0.7766147653266092
v 0.6021684927747786 0.7621201103052051 0.7373946338793542
v 0.631437149244661 0.9193309136597856 0.6736545452803391
v 0.5939008971543144 1.0698660583862576 1.4466604950275883
v 0.4576853465696703 1.0894870763117719 1.4076364642375696
v 0.42061390909982416 0.959089954025229 1.471473590789262
v 0.5568294596844683 0.9394689360997148 1.510497621579281
vt 0.2708333333333333 0.9344154979732305
vt 0.2708333333333333 0.87703363851278
vt 0.3186568314876829 0.8801181405395495
vt 0.3186568314876829 0.9375
vt 0.5709025897803119 0.7916666666666666
vt 0.31316542707562456 0.7916666666666666
vt 0.3125 0.7437485253647045
vt 0.570241402125338 0.743987880864099
vt 0.25 0.8333326976067144
vt 0.25 0.7856510383969091
vt 0.2999487488107428 0.7856519985407203
vt 0.29994669089158427 0.8333333333333334
vt 0.628338505141537 0.4375
vt 0.6149276385173318 0.38938711807368176
vt 0.8752754170487475 0.38125877798842234
vt 0.8860501859756971 0.4374999999999999
vt 0.11757673486079989 0.4375
vt 0.3753171912341882 0.4375
vt 0.36448842153484584 0.3811481934465867
vt 0.10416666666666667 0.3894946826239435
vt 0.9688107970244436 0.6813676580652064
vt 0.9688107970244436 0.7290505510729746
vt 0.7083333333333334 0.7291666666666667
vt 0.7083350689750163 0.6812451769046055
vn 0.19875995327642276 -0.39979321530162887 -0.8947959912585325
vn 0.19025822776046644 0.9653241885580962 -0.17874847622874898
vn -0.17896618963927247 0.4731731750973779 0.8625997039961621
vn 0.9521563333083476 -0.13694041964859252 0.27321353994132586
vn -0.9657213739500549 0.07962051044331213 -0.24706841605669608
vn -0.19761744187952368 -0.9579237806025268 0.20815709745563665
usemtl m_20af6a9d-1697-d90f-62e6-5c2e4a5f534e
f 73/217/55 74/218/55 75/219/55 76/220/55
f 77/221/56 73/222/56 76/223/56 78/224/56
f 79/225/57 80/226/57 77/227/57 78/228/57
f 77/229/58 80/230/58 74/231/58 73/232/58
f 78/233/59 76/234/59 75/235/59 79/236/59
f 80/237/60 79/238/60 75/239/60 74/240/60