# Made in Blockbench 4.8.1
mtllib birch_twig_branch_down.mtl

o cube
v -0.4777405081953905 1.0842876833702144 0.580363661321228
v -0.5475677322769401 0.9395208647316862 0.5803636666227332
v -0.47774051429685566 1.0842876804272168 0.41963633632122804
v 0.380253028787245 1.0254332872999512 0.5807674673280803
v 0.29514267554304596 0.8568088703383268 0.580767473646602
v 0.29514266941092016 0.8568088673805403 0.4192324736466021
v 0.3802530226551192 1.0254332843421647 0.4192324673280804
v -0.5475677383784053 0.9395208617886888 0.41963634162273333
vt 0.375 0.47916666666666663
vt 0.375 0.4476854166666667
vt 0.3951921875 0.4476854166666667
vt 0.3951921875 0.47916666666666663
vt 0.35161328125 0.33333333333333337
vt 0.3515625 0.18999791666666666
vt 0.3717546875 0.18999791666666666
vt 0.37170390625 0.33333333333333337
vt 0.359375 0.035712499999999925
vt 0.37946562500000003 0.035712499999999925
vt 0.37946562500000003 0.0625
vt 0.359375 0.0625
vt 0.40745442722255903 0.8957595241135482
vt 0.38882255706825686 0.9057809672366701
vt 0.3854522314712625 0.7647259722348183
vt 0.4071854513074069 0.7524256995740312
vt 0.3854830914002776 0.7405808689494315
vt 0.3817313709039121 0.597333911108596
vt 0.40379440785580567 0.6085418164845959
vt 0.4043834491323047 0.7496670696927366
vt 0.35607890625 0.7916666666666666
vt 0.33598828125 0.7916666666666666
vt 0.3359375 0.6505395833333334
vt 0.3561296875 0.6505395833333334
vn 0.892730589238502 -0.45059082884350443 -2.5638931982677422e-8
vn 0.06843456937603716 0.9976556067673434 -2.0865457125296292e-8
vn -0.9006982393225829 0.43444525740442685 2.6237030136546795e-8
vn -0.000457513285871435 0.00022071483326035736 0.9999998709832695
vn -0.00045496390734874276 0.00022959794936286366 -0.999999870146304
vn -0.09768059074609389 -0.9952178164560228 2.1931045514532878e-8
usemtl m_890a103a-2c95-a057-8483-4c3958a0f191
f 4/1/1 5/2/1 6/3/1 7/4/1
f 1/5/2 4/6/2 7/7/2 3/8/2
f 8/9/3 2/10/3 1/11/3 3/12/3
f 1/13/4 2/14/4 5/15/4 4/16/4
f 3/17/5 7/18/5 6/19/5 8/20/5
f 2/21/6 8/22/6 6/23/6 5/24/6
o cube
v 1.2433446368864338 0.7225936243978421 0.6375886890675635
v 1.253877534324138 0.7241686935299203 0.5254958283591797
v 1.2107160926951432 0.6176669466592908 0.6330483474478594
v 1.2212489901328472 0.619242015791369 0.5209554867394757
v 0.3438864246235047 1.0106701175440405 0.44401353394080667
v 0.3333535271858006 1.0090950484119623 0.5561063946491904
v 0.3112578804322139 0.9057434398054891 0.4394731923211026
v 0.3007249829945098 0.9041683706734109 0.5515660530294864
vt 0.3653095703125 0.3151208333333342
vt 0.3653095703125 0.4747041666666667
vt 0.3515625 0.4747041666666667
vt 0.3515625 0.3151208333333342
vt 0.3653095703125 0.643437890625
vt 0.3653095703125 0.6622041666666667
vt 0.3515625 0.6622041666666667
vt 0.3515625 0.643437890625
vt 0.4121845703125 0.2942875000000008
vt 0.4121845703125 0.45387083333333333
vt 0.3984375 0.45387083333333333
vt 0.3984375 0.2942875000000008
vt 0.3574970703125 0.5392712239583333
vt 0.3574970703125 0.5580375
vt 0.34375 0.5580375
vt 0.34375 0.5392712239583333
vt 0.41251220703125 0.7109541666666674
vt 0.41251220703125 0.8705375000000001
vt 0.3984375 0.8705375000000001
vt 0.3984375 0.7109541666666674
vt 0.37344970703125 0.1380375000000008
vt 0.37344970703125 0.29762083333333333
vt 0.359375 0.29762083333333333
vt 0.359375 0.1380375000000008
vn 0.09354455313277503 0.013988471736756394 -0.9955168201681274
vn 0.9503823600006661 -0.29921819740378225 0.08509900200352315
vn -0.09354455313277503 -0.013988471736756394 0.9955168201681274
vn -0.9503823600006661 0.29921819740378225 -0.08509900200352315
vn 0.29668634343149997 0.9540821730862082 0.04128462934731247
vn -0.29668634343149997 -0.9540821730862082 -0.04128462934731247
usemtl m_890a103a-2c95-a057-8483-4c3958a0f191
f 12/28/7 15/27/7 13/26/7 10/25/7
f 11/32/8 12/31/8 10/30/8 9/29/8
f 16/36/9 11/35/9 9/34/9 14/33/9
f 15/40/10 16/39/10 14/38/10 13/37/10
f 14/44/11 9/43/11 10/42/11 13/41/11
f 15/48/12 12/47/12 11/46/12 16/45/12
o cube
v 1.8346264532048027 0.4253269763280775 0.6685748424433386
v 1.8402249163993627 0.42265664636356104 0.5976776893006295
v 1.8056140413214554 0.36450118989993685 0.6685748424433386
v 1.811212504516016 0.3618308599354204 0.5976776893006295
v 1.2040758139465533 0.7260842033814472 0.5360150013066614
v 1.198477350751993 0.7287545333459635 0.6069121544493705
v 1.1750634020632063 0.6652584169533067 0.5360150013066614
v 1.169464938868646 0.667928746917823 0.6069121544493705
vt 0.4146738281250001 0.6692875000000003
vt 0.4146738281250001 0.7872041666666667
vt 0.40625 0.7872041666666667
vt 0.40625 0.6692875000000003
vt 0.3209238281250001 0.6295095052083333
vt 0.3209238281250001 0.6413708333333334
vt 0.3125 0.6413708333333334
vt 0.3125 0.6295095052083333
vt 0.3209238281250001 0.8255375000000001
vt 0.3209238281250001 0.9434541666666667
vt 0.3125 0.9434541666666667
vt 0.3125 0.8255375000000001
vt 0.3521738281250001 0.546176171875
vt 0.3521738281250001 0.5580375
vt 0.34375 0.5580375
vt 0.34375 0.546176171875
vt 0.36045849609375 0.7012499999999997
vt 0.36045849609375 0.5833333333333333
vt 0.3515625 0.5833333333333333
vt 0.3515625 0.7012499999999997
vt 0.38389599609375 0.7734541666666669
vt 0.38389599609375 0.8913708333333333
vt 0.375 0.8913708333333333
vt 0.375 0.7734541666666669
vn 0.07866549085061833 -0.03752151440343601 -0.9961946980917455
vn 0.8991506748449614 -0.42887287211008673 0.08715574274765821
vn -0.07866549085061833 0.03752151440343601 0.9961946980917455
vn -0.8991506748449614 0.42887287211008673 -0.08715574274765821
vn 0.4305110968082962 0.9025852843498603 2.0816681711721682e-17
vn -0.4305110968082962 -0.9025852843498603 -2.0816681711721682e-17
usemtl m_890a103a-2c95-a057-8483-4c3958a0f191
f 20/52/13 23/51/13 21/50/13 18/49/13
f 19/56/14 20/55/14 18/54/14 17/53/14
f 24/60/15 19/59/15 17/58/15 22/57/15
f 23/64/16 24/63/16 22/62/16 21/61/16
f 22/68/17 17/67/17 18/66/17 21/65/17
f 23/72/18 20/71/18 19/70/18 24/69/18
o cube
v 0.19113777647577912 0.9583922290540463 0.5820419890053115
v 0.20568970346198112 0.9010936658833573 0.5175265559325746
v 0.2559176057767534 1.0108229534997297 0.5500878699304952
v 0.2704695327629554 0.9535243903290405 0.4855724368577583
v 0.749287267154918 0.5138143322103099 0.9840961810324729
v 0.734735340168716 0.5711128953809992 1.0486116141052098
v 0.8140670964558923 0.5662450566559933 0.9521420619576566
v 0.7995151694696903 0.6235436198266826 1.0166574950303935
vt 0.40178188750000005 0.5892875
vt 0.40178188750000005 0.4535620000000006
vt 0.390625 0.4535620000000006
vt 0.390625 0.5892875
vt 0.35490688750000005 0.5580375
vt 0.35490688750000005 0.5434533333333333
vt 0.34375 0.5434533333333333
vt 0.34375 0.5580375
vt 0.35490688750000005 0.6830375
vt 0.35490688750000005 0.5473120000000005
vt 0.34375 0.5473120000000005
vt 0.34375 0.6830375
vt 0.34709438750000005 0.5163708333333334
vt 0.34709438750000005 0.5017866666666666
vt 0.3359375 0.5017866666666666
vt 0.3359375 0.5163708333333334
vt 0.378125625 0.36809166666666604
vt 0.378125625 0.23236616666666654
vt 0.3671875 0.23236616666666654
vt 0.3671875 0.36809166666666604
vt 0.393750625 0.7247041666666667
vt 0.393750625 0.5889786666666672
vt 0.3828125 0.5889786666666672
vt 0.3828125 0.7247041666666667
vn 0.166298234228924 -0.6548033046190409 -0.7372771049967071
vn -0.667520797114935 0.47556690240356264 -0.5729328990006789
vn -0.166298234228924 0.6548033046190409 0.7372771049967071
vn 0.667520797114935 -0.47556690240356264 0.5729328990006789
vn -0.7257829446269619 -0.5874255302574648 0.3580088877253644
vn 0.7257829446269619 0.5874255302574648 -0.3580088877253644
usemtl m_890a103a-2c95-a057-8483-4c3958a0f191
f 28/76/19 31/75/19 29/74/19 26/73/19
f 27/80/20 28/79/20 26/78/20 25/77/20
f 32/84/21 27/83/21 25/82/21 30/81/21
f 31/88/22 32/87/22 30/86/22 29/85/22
f 30/92/23 25/91/23 26/90/23 29/89/23
f 31/96/24 28/95/24 27/94/24 32/93/24
o cube
v 0.7376971936153685 0.5799467796052222 1.0282917642991634
v 0.743436432678287 0.5429841392291044 0.9840101659615601
v 0.7723714086271356 0.6178209218807811 1.001171589411663
v 0.7781106476900541 0.5808582815046632 0.95688999107406
v 1.18547021276862 0.31536863535853155 1.2312959000476764
v 1.1797309737057018 0.3523312757346494 1.2755774983852795
v 1.2201444277803875 0.3532427776340905 1.2041757251601761
v 1.214405188717469 0.39020541801020825 1.2484573234977794
vt 0.3744463908046875 0.6726208333333334
vt 0.3744463908046875 0.5800716100000003
vt 0.3671875 0.5800716100000003
vt 0.3671875 0.6726208333333334
vt 0.3510088908046875 0.5580375
vt 0.3510088908046875 0.5483765309895834
vt 0.34375 0.5483765309895834
vt 0.34375 0.5580375
vt 0.3197588908046875 0.9434541666666667
vt 0.3197588908046875 0.8509049433333338
vt 0.3125 0.8509049433333338
vt 0.3125 0.9434541666666667
vt 0.3431963908046875 0.5163708333333334
vt 0.3431963908046875 0.5067098643229166
vt 0.3359375 0.5067098643229166
vt 0.3359375 0.5163708333333334
vt 0.36662072675781254 0.4122041666666667
vt 0.36662072675781254 0.31965494333333366
vt 0.359375 0.31965494333333366
vt 0.359375 0.4122041666666667
vt 0.41349572675781254 0.7767875000000001
vt 0.41349572675781254 0.684238276666667
vt 0.40625 0.684238276666667
vt 0.40625 0.7767875000000001
vn 0.0990107558349857 -0.6376627495693176 -0.763926101164689
vn -0.7960336567750323 0.4098998991610008 -0.4453229052599601
vn -0.0990107558349857 0.6376627495693176 0.763926101164689
vn 0.7960336567750323 -0.4098998991610008 0.4453229052599601
vn -0.5970990600481253 -0.6522026452564412 0.46701651149627066
vn 0.5970990600481253 0.6522026452564412 -0.46701651149627066
usemtl m_890a103a-2c95-a057-8483-4c3958a0f191
f 36/100/25 39/99/25 37/98/25 34/97/25
f 35/104/26 36/103/26 34/102/26 33/101/26
f 40/108/27 35/107/27 33/106/27 38/105/27
f 39/112/28 40/111/28 38/110/28 37/109/28
f 38/116/29 33/115/29 34/114/29 37/113/29
f 39/120/30 36/119/30 35/118/30 40/117/30
o cube
v 0.3415536807186996 0.7687335268959901 -0.0770642243414687
v 0.2981142160303898 0.7670298546657353 -0.1434638751954077
v 0.3225782856005648 0.6913650785973595 -0.06266518050992259
v 0.27913882091225506 0.6896614063671045 -0.1290648313638616
v -0.09569530419813393 0.9108771867666039 0.11048032219023796
v -0.05225583950982421 0.9125808589968587 0.17687997304417702
v -0.11467069931626861 0.8335087384679731 0.12487936602178418
v -0.07123123462795888 0.8352124106982282 0.19127901687572313
vt 0.35386903750000004 0.4122041666666667
vt 0.35386903750000004 0.3305093333333339
vt 0.34375 0.3305093333333339
vt 0.34375 0.4122041666666667
vt 0.35386903750000004 0.6622041666666667
vt 0.35386903750000004 0.6489766666666665
vt 0.34375 0.6489766666666665
vt 0.34375 0.6622041666666667
vt 0.33824403750000004 0.8913708333333333
vt 0.33824403750000004 0.8096760000000005
vt 0.328125 0.8096760000000005
vt 0.328125 0.8913708333333333
vt 0.35386903750000004 0.5580375
vt 0.35386903750000004 0.54481
vt 0.34375 0.54481
vt 0.34375 0.5580375
vt 0.4140625 0.6846760000000005
vt 0.4140625 0.7663708333333333
vt 0.42398312500000007 0.7663708333333333
vt 0.42398312500000007 0.6846760000000005
vt 0.390625 0.632592666666667
vt 0.390625 0.7142875
vt 0.40054562500000007 0.7142875
vt 0.40054562500000007 0.632592666666667
vn -0.5473378024105027 -0.021466291567503307 -0.8366364373960654
vn 0.8034158019550928 -0.29346476847958436 -0.518074781117629
vn 0.5473378024105027 0.021466291567503307 0.8366364373960654
vn -0.8034158019550928 0.29346476847958436 0.518074781117629
vn 0.23440217409677916 0.9557288464766369 -0.17787071931923013
vn -0.23440217409677916 -0.9557288464766369 0.17787071931923013
usemtl m_890a103a-2c95-a057-8483-4c3958a0f191
f 44/124/31 47/123/31 45/122/31 42/121/31
f 43/128/32 44/127/32 42/126/32 41/125/32
f 48/132/33 43/131/33 41/130/33 46/129/33
f 47/136/34 48/135/34 46/134/34 45/133/34
f 46/140/35 41/139/35 42/138/35 45/137/35
f 47/144/36 44/143/36 43/142/36 48/141/36
o cube
v 0.6016693151869852 0.5664470666568211 -0.21536674658480204
v 0.5804229715999862 0.5645458548340592 -0.25849482911565663
v 0.57804182761678 0.5248474925467039 -0.2018932210526056
v 0.5567954840297809 0.522946280723942 -0.2450213035834602
v 0.3025521788740346 0.763859826592445 -0.13039267545403277
v 0.3237985224610338 0.7657610384152069 -0.08726459292317823
v 0.27892469130382935 0.7222602524823278 -0.11691914992183633
v 0.3001710348908285 0.7241614643050895 -0.07379106739098173
vt 0.3577752875000001 0.6517875
vt 0.3577752875000001 0.5909260000000005
vt 0.3515625 0.5909260000000005
vt 0.3515625 0.6517875
vt 0.3343377875000001 0.5059541666666667
vt 0.3343377875000001 0.4979349999999999
vt 0.328125 0.4979349999999999
vt 0.328125 0.5059541666666667
vt 0.4280877875000001 0.45387083333333333
vt 0.4280877875000001 0.3930093333333339
vt 0.421875 0.3930093333333339
vt 0.421875 0.45387083333333333
vt 0.3499627875000001 0.5580375
vt 0.3499627875000001 0.5500183333333333
vt 0.34375 0.5500183333333333
vt 0.34375 0.5580375
vt 0.40625 0.6846760000000005
vt 0.40625 0.7455375
vt 0.41226437500000007 0.7455375
vt 0.41226437500000007 0.6846760000000005
vt 0.421875 0.268009333333334
vt 0.421875 0.32887083333333333
vt 0.42788937500000007 0.32887083333333333
vt 0.42788937500000007 0.268009333333334
vn -0.4415742198274757 -0.03951391089601583 -0.8963542041121122
vn 0.7609375185898967 -0.5458129571743154 -0.35080237824575755
vn 0.4415742198274757 0.03951391089601583 0.8963542041121122
vn -0.7609375185898967 0.5458129571743154 0.35080237824575755
vn 0.47538016490594853 0.8369748303421858 -0.27108454804297233
vn -0.47538016490594853 -0.8369748303421858 0.27108454804297233
usemtl m_890a103a-2c95-a057-8483-4c3958a0f191
f 52/148/37 55/147/37 53/146/37 50/145/37
f 51/152/38 52/151/38 50/150/38 49/149/38
f 56/156/39 51/155/39 49/154/39 54/153/39
f 55/160/40 56/159/40 54/158/40 53/157/40
f 54/164/41 49/163/41 50/162/41 53/161/41
f 55/168/42 52/167/42 51/166/42 56/165/42
o cube
v -0.023333271658101007 0.9025061106436898 0.17567150651037222
v -0.0852922833796339 0.9210225408091564 0.09711397866982496
v -0.05947088263470435 0.8053776092213716 0.18127984934568964
v -0.12142989435623724 0.8238940393868381 0.10272232150514249
v -0.4566509473614217 1.0782420470979512 0.427065296333457
v -0.3946919356398888 1.0597256169324847 0.5056228241740042
v -0.49278855833802504 0.981113545675633 0.43267363916877444
v -0.43082954661649214 0.9625971155101665 0.5112311670093217
vt 0.35672312500000003 0.8184541666666667
vt 0.35672312500000003 0.7316125000000004
vt 0.34375 0.7316125000000004
vt 0.34375 0.8184541666666667
vt 0.36453562500000003 0.6517875
vt 0.36453562500000003 0.6348291666666668
vt 0.3515625 0.6348291666666668
vt 0.3515625 0.6517875
vt 0.35672312500000003 0.5580375
vt 0.35672312500000003 0.4711958333333337
vt 0.34375 0.4711958333333337
vt 0.34375 0.5580375
vt 0.35672312500000003 0.5580375
vt 0.35672312500000003 0.5410791666666668
vt 0.34375 0.5410791666666668
vt 0.34375 0.5580375
vt 0.3984375 0.6274458333333337
vt 0.3984375 0.7142875
vt 0.41115625 0.7142875
vt 0.41115625 0.6274458333333337
vt 0.3984375 0.2732791666666671
vt 0.3984375 0.36012083333333333
vt 0.41115625 0.36012083333333333
vt 0.41115625 0.2732791666666671
vn -0.6089337761330016 0.18197965764586357 -0.7720641556810536
vn 0.7127121465920533 -0.30173592992763754 -0.63324310078425
vn 0.6089337761330016 -0.18197965764586357 0.7720641556810536
vn -0.7127121465920533 0.30173592992763754 0.63324310078425
vn 0.3481968586655419 0.9358626142729489 -0.05403808676896868
vn -0.3481968586655419 -0.9358626142729489 0.05403808676896868
usemtl m_890a103a-2c95-a057-8483-4c3958a0f191
f 60/172/43 63/171/43 61/170/43 58/169/43
f 59/176/44 60/175/44 58/174/44 57/173/44
f 64/180/45 59/179/45 57/178/45 62/177/45
f 63/184/46 64/183/46 62/182/46 61/181/46
f 62/188/47 57/187/47 58/186/47 61/185/47
f 63/192/48 60/191/48 59/190/48 64/189/48