# Made in Blockbench 4.8.1
mtllib birch_twig_branch_up_5.mtl

o cube
v 0.9075992614562094 1.794546206176797 0.1324448387308388
v 0.8798580934641285 1.801979328630972 0.04135741623161837
v 0.9468515468866925 1.707061504893527 0.11335121752621502
v 0.9191103788946116 1.714494627347702 0.022263795026994604
v 0.15675679591732328 1.435995195314041 0.23171596646347004
v 0.18449796390940432 1.4285620728598656 0.32280338896269045
v 0.19600908134780626 1.348510494030771 0.21262234525884627
v 0.2237502493398873 1.3410773715765958 0.3037097677580667
vt 0.3515625 0.5963708333333344
vt 0.3515625 0.7351208333333334
vt 0.36378369140625 0.7351208333333334
vt 0.36378369140625 0.5963708333333344
vt 0.34375 0.8650361979166667
vt 0.34375 0.8809541666666667
vt 0.35597119140625 0.8809541666666667
vt 0.35597119140625 0.8650361979166667
vt 0.40625 0.6172041666666677
vt 0.40625 0.7559541666666667
vt 0.41847119140625 0.7559541666666667
vt 0.41847119140625 0.6172041666666677
vt 0.34375 0.54211953125
vt 0.34375 0.5580375
vt 0.35597119140625 0.5580375
vt 0.35597119140625 0.54211953125
vt 0.3203125 0.5130375000000009
vt 0.3203125 0.6517875
vt 0.33225097656249997 0.6517875
vt 0.33225097656249997 0.5130375000000009
vt 0.390625 0.5963708333333344
vt 0.390625 0.7351208333333334
vt 0.40256347656249997 0.7351208333333334
vt 0.40256347656249997 0.5963708333333344
vn -0.290459673045921 0.07782737620731651 -0.95371697995094
vn 0.8685901472033755 0.43962058056088116 -0.22865891919742096
vn 0.290459673045921 -0.07782737620731651 0.95371697995094
vn -0.8685901472033755 -0.43962058056088116 0.22865891919742096
vn -0.40147768868926637 0.8948053669150622 0.1952921422503371
vn 0.40147768868926637 -0.8948053669150622 -0.1952921422503371
usemtl m_890a103a-2c95-a057-8483-4c3958a0f191
f 4/4/1 7/3/1 5/2/1 2/1/1
f 3/8/2 4/7/2 2/6/2 1/5/2
f 8/12/3 3/11/3 1/10/3 6/9/3
f 7/16/4 8/15/4 6/14/4 5/13/4
f 6/20/5 1/19/5 2/18/5 5/17/5
f 7/24/6 4/23/6 3/22/6 8/21/6
o cube
v 1.4595939806788218 1.5649243015959042 0.428742233271722
v 1.4546492608561725 1.5666791668606885 0.380809801189254
v 1.4567467895732886 1.518149535781014 0.42732346842829516
v 1.4518020697506395 1.5199044010457978 0.37939103634582727
v 1.12451914633807 1.5857201305159117 0.41556320665325464
v 1.1294638661607193 1.5839652652511278 0.46349563873572275
v 1.1216719552325367 1.5389453647010214 0.4141444418098279
v 1.126616675055186 1.537190499436237 0.462076873892296
vt 0.4199228515625001 0.7559541666666667
vt 0.4199228515625001 0.7005375
vt 0.4140625 0.7005375
vt 0.4140625 0.7559541666666667
vt 0.3808603515625001 0.8913708333333333
vt 0.3808603515625001 0.8833343750000001
vt 0.375 0.8833343750000001
vt 0.375 0.8913708333333333
vt 0.3730478515625001 0.8913708333333333
vt 0.3730478515625001 0.8359541666666667
vt 0.3671875 0.8359541666666667
vt 0.3671875 0.8913708333333333
vt 0.3808603515625001 0.8913708333333333
vt 0.3808603515625001 0.8833343750000001
vt 0.375 0.8833343750000001
vt 0.375 0.8913708333333333
vt 0.421875 0.7109541666666666
vt 0.421875 0.7663708333333333
vt 0.4279023437499999 0.7663708333333333
vt 0.4279023437499999 0.7109541666666666
vt 0.3984375 0.7005375
vt 0.3984375 0.7559541666666667
vt 0.4044648437499999 0.7559541666666667
vt 0.4044648437499999 0.7005375
vn -0.1025476567237701 0.03639383569221137 -0.9940621041082253
vn 0.9928725248664727 -0.05726605610593479 -0.10452152019248331
vn 0.1025476567237701 -0.03639383569221137 0.9940621041082253
vn -0.9928725248664727 0.05726605610593479 0.10452152019248331
vn 0.060729955258830605 0.9976953881529573 0.030261939669825898
vn -0.060729955258830605 -0.9976953881529573 -0.030261939669825898
usemtl m_890a103a-2c95-a057-8483-4c3958a0f191
f 12/28/7 15/27/7 13/26/7 10/25/7
f 11/32/8 12/31/8 10/30/8 9/29/8
f 16/36/9 11/35/9 9/34/9 14/33/9
f 15/40/10 16/39/10 14/38/10 13/37/10
f 14/44/11 9/43/11 10/42/11 13/41/11
f 15/48/12 12/47/12 11/46/12 16/45/12
o cube
v 1.4076928205070638 1.8325278581171869 -0.09678295056086877
v 1.4258277059439959 1.8230416818426631 -0.03649819922288988
v 1.3989073779905126 1.893951427445153 -0.084474733588288
v 1.4170422634274447 1.8844652511706292 -0.02418998225030916
v 0.9114888532771652 1.721668074019283 0.10227368039517648
v 0.8933539678402331 1.7311542502938067 0.04198892905719753
v 0.902703410760614 1.783091643347249 0.11458189736775726
v 0.8845685253236819 1.7925778196217728 0.05429714602977831
vt 0.328125 0.8809541666666667
vt 0.328125 0.7905724609375003
vt 0.33603220703125003 0.7905724609375003
vt 0.33603220703125003 0.8809541666666667
vt 0.34375 0.5059541666666667
vt 0.34375 0.4953434895833334
vt 0.35165720703125003 0.4953434895833334
vt 0.35165720703125003 0.5059541666666667
vt 0.375 0.9122041666666667
vt 0.375 0.8218224609375003
vt 0.38290720703125003 0.8218224609375003
vt 0.38290720703125003 0.9122041666666667
vt 0.34375 0.5580375
vt 0.34375 0.5474268229166668
vt 0.35165720703125003 0.5474268229166668
vt 0.35165720703125003 0.5580375
vt 0.3438955078125 0.5614057942708337
vt 0.3438955078125 0.6517875
vt 0.3359375 0.6517875
vt 0.3359375 0.5614057942708337
vt 0.4142080078125 0.6864057942708337
vt 0.4142080078125 0.7767875000000001
vt 0.40625 0.7767875000000001
vt 0.40625 0.6864057942708337
vn 0.28485278389094415 -0.14900362782415316 0.9469196430557454
vn 0.9484567858014575 0.18693607481280858 -0.25589964712900265
vn -0.28485278389094415 0.14900362782415316 -0.9469196430557454
vn -0.9484567858014575 -0.18693607481280858 0.25589964712900265
vn 0.13888346545484476 -0.9710060879463224 -0.1945727632389273
vn -0.13888346545484476 0.9710060879463224 0.1945727632389273
usemtl m_890a103a-2c95-a057-8483-4c3958a0f191
f 20/52/13 23/51/13 21/50/13 18/49/13
f 19/56/14 20/55/14 18/54/14 17/53/14
f 24/60/15 19/59/15 17/58/15 22/57/15
f 23/64/16 24/63/16 22/62/16 21/61/16
f 22/68/17 17/67/17 18/66/17 21/65/17
f 23/72/18 20/71/18 19/70/18 24/69/18
o cube
v 0.17577440868234329 1.1138230472561526 -0.03755783531667267
v 0.15917063061530745 1.1912365061265264 -0.043060031662274456
v 0.12071566184047933 1.0979496719202007 -0.0947403958306744
v 0.10411188377344349 1.1753631307905748 -0.10024259217627624
v -0.31695837421568207 1.123045103958132 0.4343144303588474
v -0.3003545961486462 1.045631645087758 0.4398166267044493
v -0.37201712105754603 1.10717172862218 0.3771318698448457
v -0.35541334299051014 1.0297582697518062 0.3826340661904476
vt 0.3515625 0.6013426666666672
vt 0.3515625 0.7142875
vt 0.3616815374999999 0.7142875
vt 0.3616815374999999 0.6013426666666672
vt 0.34375 0.5580375
vt 0.34375 0.54481
vt 0.3538690374999999 0.54481
vt 0.3538690374999999 0.5580375
vt 0.34375 0.5580375
vt 0.34375 0.44509266666666714
vt 0.3538690374999999 0.44509266666666714
vt 0.3538690374999999 0.5580375
vt 0.34375 0.5580375
vt 0.34375 0.54481
vt 0.3538690374999999 0.54481
vt 0.3538690374999999 0.5580375
vt 0.377108125 0.9330375000000001
vt 0.377108125 0.8200926666666671
vt 0.3671875 0.8200926666666671
vt 0.3671875 0.9330375000000001
vt 0.408358125 0.8184541666666667
vt 0.408358125 0.7055093333333338
vt 0.3984375 0.7055093333333338
vt 0.3984375 0.8184541666666667
vn -0.20920781285246456 0.9754105571772679 -0.0693277432823263
vn 0.7025981782123598 0.10062641520918739 -0.7044360329617029
vn 0.20920781285246456 -0.9754105571772679 0.0693277432823263
vn -0.7025981782123598 -0.10062641520918739 0.7044360329617029
vn 0.6801381411258755 0.19608306788012103 0.7063735127229493
vn -0.6801381411258755 -0.19608306788012103 -0.7063735127229493
usemtl m_890a103a-2c95-a057-8483-4c3958a0f191
f 28/76/19 31/75/19 29/74/19 26/73/19
f 27/80/20 28/79/20 26/78/20 25/77/20
f 32/84/21 27/83/21 25/82/21 30/81/21
f 31/88/22 32/87/22 30/86/22 29/85/22
f 30/92/23 25/91/23 26/90/23 29/89/23
f 31/96/24 28/95/24 27/94/24 32/93/24
o cube
v 0.6345631013711701 1.5697186710179571 0.45299787474792186
v 0.6554030610499835 1.5654386733405872 0.37661637742955256
v 0.6522101388497765 1.4868733152212783 0.4624548964777333
v 0.6730500985285899 1.482593317543908 0.3860733991593641
v 0.22328264878007287 1.4606039109065403 0.2645908250538733
v 0.2024426891012594 1.4648839085839105 0.3409723223722425
v 0.24092968625867928 1.3777585551098614 0.27404784678368477
v 0.2200897265798658 1.3820385527872316 0.35042934410205406
vt 0.4012787890625001 0.38786250000000067
vt 0.4012787890625001 0.4642875000000001
vt 0.390625 0.4642875000000001
vt 0.390625 0.38786250000000067
vt 0.3856537890625001 0.8677393229166667
vt 0.3856537890625001 0.8809541666666667
vt 0.375 0.8809541666666667
vt 0.375 0.8677393229166667
vt 0.4169037890625001 0.6482791666666674
vt 0.4169037890625001 0.7247041666666667
vt 0.40625 0.7247041666666667
vt 0.40625 0.6482791666666674
vt 0.3544037890625001 0.54482265625
vt 0.3544037890625001 0.5580375
vt 0.34375 0.5580375
vt 0.34375 0.54482265625
vt 0.4005361328125 0.6795291666666674
vt 0.4005361328125 0.7559541666666667
vt 0.390625 0.7559541666666667
vt 0.390625 0.6795291666666674
vt 0.3849111328125 0.6274458333333339
vt 0.3849111328125 0.7038708333333334
vt 0.375 0.7038708333333334
vt 0.375 0.6274458333333339
vn 0.26283523883024085 -0.053979673140544124 -0.9633295553011392
vn 0.9423626916801092 0.2286223147618527 0.2443038978861199
vn -0.26283523883024085 0.053979673140544124 0.9633295553011392
vn -0.9423626916801092 -0.2286223147618527 -0.2443038978861199
vn -0.20705118825659902 0.9720175060566413 -0.11095843077908973
vn 0.20705118825659902 -0.9720175060566413 0.11095843077908973
usemtl m_890a103a-2c95-a057-8483-4c3958a0f191
f 36/100/25 39/99/25 37/98/25 34/97/25
f 35/104/26 36/103/26 34/102/26 33/101/26
f 40/108/27 35/107/27 33/106/27 38/105/27
f 39/112/28 40/111/28 38/110/28 37/109/28
f 38/116/29 33/115/29 34/114/29 37/113/29
f 39/120/30 36/119/30 35/118/30 40/117/30
o cube
v 1.1261325695492146 1.5916904242712606 0.46746754037325233
v 1.1280314513920011 1.5910388509018896 0.4066903752021196
v 1.1303400729305115 1.5328659862968976 0.4682296356255743
v 1.1322389547732983 1.532214412927527 0.40745247045444144
v 0.6393509591967761 1.5558923468185384 0.39179915767135787
v 0.6374520773539893 1.5565439201879094 0.4525763228424907
v 0.643558462578073 1.4970679088441756 0.3925612529236797
v 0.6416595807352863 1.4977194822135464 0.45333841809481257
vt 0.42143495546875004 0.6742593333333338
vt 0.42143495546875004 0.7559541666666667
vt 0.4140625 0.7559541666666667
vt 0.4140625 0.6742593333333338
vt 0.36674745546875004 0.56873578125
vt 0.36674745546875004 0.5788708333333334
vt 0.359375 0.5788708333333334
vt 0.359375 0.56873578125
vt 0.42924745546875004 0.3721760000000005
vt 0.42924745546875004 0.45387083333333333
vt 0.421875 0.45387083333333333
vt 0.421875 0.3721760000000005
vt 0.35112245546875004 0.5479024479166668
vt 0.35112245546875004 0.5580375
vt 0.34375 0.5580375
vt 0.34375 0.5479024479166668
vt 0.3982262890625 0.6742593333333338
vt 0.3982262890625 0.7559541666666667
vt 0.390625 0.7559541666666667
vt 0.390625 0.6742593333333338
vt 0.4138512890625 0.3721760000000005
vt 0.4138512890625 0.45387083333333333
vt 0.40625 0.45387083333333333
vt 0.40625 0.3721760000000005
vn 0.031226312852555244 -0.010714849876338889 -0.9994549061252149
vn 0.99696327632965 0.07170282919432173 0.030379761940803565
vn -0.031226312852555244 0.010714849876338889 0.9994549061252149
vn -0.99696327632965 -0.07170282919432173 -0.030379761940803565
vn -0.07133822983284852 0.9973684857050866 -0.012921326814930386
vn 0.07133822983284852 -0.9973684857050866 0.012921326814930386
usemtl m_890a103a-2c95-a057-8483-4c3958a0f191
f 44/124/31 47/123/31 45/122/31 42/121/31
f 43/128/32 44/127/32 42/126/32 41/125/32
f 48/132/33 43/131/33 41/130/33 46/129/33
f 47/136/34 48/135/34 46/134/34 45/133/34
f 46/140/35 41/139/35 42/138/35 45/137/35
f 47/144/36 44/143/36 43/142/36 48/141/36
o cube
v 1.6931069562164347 1.8390174324641015 -0.15631674885923186
v 1.705353197010636 1.836756265063665 -0.10984127217100759
v 1.6926357756644324 1.8886525997692925 -0.15377769770512117
v 1.7048820164586336 1.886391432368856 -0.1073022210168969
v 1.4126659230640464 1.8300493517909544 -0.03304478432771485
v 1.4004196822698454 1.8323105191913909 -0.07952026101593918
v 1.412194742512044 1.8796845190961453 -0.030505733173604166
v 1.3999485017178428 1.8819456864965818 -0.07698120986182844
vt 0.3203125 0.601342666666667
vt 0.3203125 0.6517875
vt 0.32652528750000004 0.6517875
vt 0.32652528750000004 0.601342666666667
vt 0.359375 0.6021016666666665
vt 0.359375 0.6101208333333334
vt 0.36558778750000004 0.6101208333333334
vt 0.36558778750000004 0.6021016666666665
vt 0.40625 0.695092666666667
vt 0.40625 0.7455375
vt 0.4124627875 0.7455375
vt 0.4124627875 0.695092666666667
vt 0.34375 0.5500183333333333
vt 0.34375 0.5580375
vt 0.34996278750000004 0.5580375
vt 0.34996278750000004 0.5500183333333333
vt 0.3984375 0.2784260000000005
vt 0.3984375 0.32887083333333333
vt 0.40445187500000007 0.32887083333333333
vt 0.40445187500000007 0.2784260000000005
vt 0.40625 0.7159260000000005
vt 0.40625 0.7663708333333333
vt 0.41226437500000007 0.7663708333333333
vt 0.41226437500000007 0.7159260000000005
vn 0.25452022849841194 -0.04699506184010388 0.9659249025922052
vn 0.967020983141953 0.022159234254947688 -0.2537309332746115
vn -0.25452022849841194 0.04699506184010388 -0.9659249025922052
vn -0.967020983141953 -0.022159234254947688 0.2537309332746115
vn 0.009480055289240622 -0.9986493040601787 -0.05108518426935326
vn -0.009480055289240622 0.9986493040601787 0.05108518426935326
usemtl m_890a103a-2c95-a057-8483-4c3958a0f191
f 52/148/37 55/147/37 53/146/37 50/145/37
f 51/152/38 52/151/38 50/150/38 49/149/38
f 56/156/39 51/155/39 49/154/39 54/153/39
f 55/160/40 56/159/40 54/158/40 53/157/40
f 54/164/41 49/163/41 50/162/41 53/161/41
f 55/168/42 52/167/42 51/166/42 56/165/42
o cube
v 0.2183332677104063 1.457757030683672 0.34043189326422707
v 0.17319428818510196 1.453807727022371 0.19672239130482283
v 0.28253186291934074 1.3319750380304094 0.3237238276329344
v 0.2373928833940364 1.3280257343691084 0.18001432567353004
v -0.5790581824747049 1.0369534497048065 0.444459614725644
v -0.5339192029494005 1.0409027533661075 0.5881691166850482
v -0.5148595872657704 0.9111714570515437 0.4277515490943512
v -0.4697206077404661 0.9151207607128446 0.5714610510537554
vt 0.34375 0.4088708333333343
vt 0.34375 0.5580375
vt 0.361525390625 0.5580375
vt 0.361525390625 0.4088708333333343
vt 0.34375 0.5329235677083333
vt 0.34375 0.5580375
vt 0.361525390625 0.5580375
vt 0.361525390625 0.5329235677083333
vt 0.390625 0.5234541666666677
vt 0.390625 0.6726208333333334
vt 0.408400390625 0.6726208333333334
vt 0.408400390625 0.5234541666666677
vt 0.34375 0.5329235677083333
vt 0.34375 0.5580375
vt 0.361525390625 0.5580375
vt 0.361525390625 0.5329235677083333
vt 0.375 0.2005375000000008
vt 0.375 0.3497041666666667
vt 0.39383544921875 0.3497041666666667
vt 0.39383544921875 0.2005375000000008
vt 0.34375 0.6484541666666677
vt 0.34375 0.7976208333333333
vt 0.36258544921875 0.7976208333333333
vt 0.36258544921875 0.6484541666666677
vn -0.2995613417622271 -0.026209247888349024 -0.9537169799509397
vn 0.840505553809845 0.4657589690699074 -0.2768013669506398
vn 0.2995613417622271 0.026209247888349024 0.9537169799509397
vn -0.840505553809845 -0.4657589690699074 0.2768013669506398
vn -0.4514569930086585 0.88452340729687 0.1174943633010368
vn 0.4514569930086585 -0.88452340729687 -0.1174943633010368
usemtl m_890a103a-2c95-a057-8483-4c3958a0f191
f 60/172/43 63/171/43 61/170/43 58/169/43
f 59/176/44 60/175/44 58/174/44 57/173/44
f 64/180/45 59/179/45 57/178/45 62/177/45
f 63/184/46 64/183/46 62/182/46 61/181/46
f 62/188/47 57/187/47 58/186/47 61/185/47
f 63/192/48 60/191/48 59/190/48 64/189/48
o cube
v 0.41478492963322533 1.0716598399569475 -0.23297832116726636
v 0.41235526409360435 1.1333828713211267 -0.2514460580889927
v 0.3699549083544782 1.054558868510004 -0.2842353779007608
v 0.3675252428148572 1.1162818998741832 -0.30270311482248713
v 0.14535386189216504 1.1873555975322128 -0.03593051357124044
v 0.14778352743178602 1.1256325661680333 -0.017462776649514122
v 0.1005238406134179 1.1702546260852693 -0.0871875703047349
v 0.10295350615303889 1.1085315947210899 -0.06871983338300858
vt 0.3984375 0.7559541666666667
vt 0.3984375 0.6772297109375005
vt 0.40721376406250004 0.6772297109375005
vt 0.40721376406250004 0.7559541666666667
vt 0.4140625 0.7351208333333334
vt 0.4140625 0.7243754296875
vt 0.42283876406250004 0.7243754296875
vt 0.42283876406250004 0.7351208333333334
vt 0.3671875 0.8913708333333333
vt 0.3671875 0.8126463776041671
vt 0.37596376406250004 0.8126463776041671
vt 0.37596376406250004 0.8913708333333333
vt 0.34375 0.5580375
vt 0.34375 0.5472920963541668
vt 0.35252626406250004 0.5472920963541668
vt 0.35252626406250004 0.5580375
vt 0.359621552734375 0.8022297109375006
vt 0.359621552734375 0.8809541666666667
vt 0.3515625 0.8809541666666667
vt 0.3515625 0.8022297109375006
vt 0.367434052734375 0.5938963776041672
vt 0.367434052734375 0.6726208333333334
vt 0.359375 0.6726208333333334
vt 0.359375 0.5938963776041672
vn -0.03768534621410203 0.957355557138039 -0.28644397689188456
vn 0.7686883905267505 -0.1553857309417416 -0.6204622735421507
vn 0.03768534621410203 -0.957355557138039 0.28644397689188456
vn -0.7686883905267505 0.1553857309417416 0.6204622735421507
vn 0.6385123122932848 0.2435684951643292 0.7300523373110088
vn -0.6385123122932848 -0.2435684951643292 -0.7300523373110088
usemtl m_890a103a-2c95-a057-8483-4c3958a0f191
f 68/196/49 71/195/49 69/194/49 66/193/49
f 67/200/50 68/199/50 66/198/50 65/197/50
f 72/204/51 67/203/51 65/202/51 70/201/51
f 71/208/52 72/207/52 70/206/52 69/205/52
f 70/212/53 65/211/53 66/210/53 69/209/53
f 71/216/54 68/215/54 67/214/54 72/213/54
o cube
v 0.852833415183208 1.6103473103210528 -0.23567872508429588
v 0.8761423007087186 1.5635845131398147 -0.21565059482561794
v 0.8915813061819335 1.6419976465272654 -0.20687483327642786
v 0.9148901917074443 1.5952348493460278 -0.18684670301774997
v 0.5956102965541046 1.5784068617441962 0.14544266546435458
v 0.572301411028594 1.6251696589254339 0.12541453520567658
v 0.6343581875528304 1.6100571979504088 0.1742465572722225
v 0.6110493020273196 1.656819995131647 0.1542184270135446
vt 0.34375 0.627620833333334
vt 0.34375 0.7038708333333334
vt 0.34864697265625 0.7038708333333334
vt 0.34864697265625 0.627620833333334
vt 0.359375 0.3531546875
vt 0.359375 0.36012083333333333
vt 0.36427197265625 0.36012083333333333
vt 0.36427197265625 0.3531546875
vt 0.4140625 0.7005375000000007
vt 0.4140625 0.7767875000000001
vt 0.41895947265625 0.7767875000000001
vt 0.41895947265625 0.7005375000000007
vt 0.34375 0.5510713541666667
vt 0.34375 0.5580375
vt 0.34864697265625 0.5580375
vt 0.34864697265625 0.5510713541666667
vt 0.3984375 0.7005375000000007
vt 0.3984375 0.7767875000000001
vt 0.403662109375 0.7767875000000001
vt 0.403662109375 0.7005375000000007
vt 0.421875 0.25262083333333407
vt 0.421875 0.32887083333333333
vt 0.427099609375 0.32887083333333333
vt 0.427099609375 0.25262083333333407
vn 0.4165497168956852 -0.8356911747571947 0.3579198147449573
vn 0.6131847085346813 -0.03239857618444022 -0.789274885879729
vn -0.4165497168956852 0.8356911747571947 -0.3579198147449573
vn -0.6131847085346813 0.03239857618444022 0.789274885879729
vn -0.6711861489731167 -0.548243187549249 -0.4989374316810438
vn 0.6711861489731167 0.548243187549249 0.4989374316810438
usemtl m_890a103a-2c95-a057-8483-4c3958a0f191
f 76/220/55 79/219/55 77/218/55 74/217/55
f 75/224/56 76/223/56 74/222/56 73/221/56
f 80/228/57 75/227/57 73/226/57 78/225/57
f 79/232/58 80/231/58 78/230/58 77/229/58
f 78/236/59 73/235/59 74/234/59 77/233/59
f 79/240/60 76/239/60 75/238/60 80/237/60
o cube
v 1.0363548606291604 1.5333019783859552 -0.4941138872551156
v 1.051917933256903 1.4997655053830978 -0.47461838755190494
v 1.0660154110164972 1.5549771081965078 -0.48050571563054323
v 1.08157848364424 1.5214406351936507 -0.46101021592733255
v 0.8734384916559121 1.5741803295636676 -0.204130360334487
v 0.8578754190281694 1.6077168025665247 -0.2236258600376977
v 0.903099042043249 1.5958554593742202 -0.19052218870991466
v 0.8875359694155065 1.6293919323770778 -0.21001768841312535
vt 0.359375 0.8151208333333341
vt 0.359375 0.8913708333333333
vt 0.36427197265625 0.8913708333333333
vt 0.36427197265625 0.8151208333333341
vt 0.359375 0.3531546875
vt 0.359375 0.36012083333333333
vt 0.36427197265625 0.36012083333333333
vt 0.36427197265625 0.3531546875
vt 0.4140625 0.7005375000000007
vt 0.4140625 0.7767875000000001
vt 0.41895947265625 0.7767875000000001
vt 0.41895947265625 0.7005375000000007
vt 0.34375 0.5510713541666667
vt 0.34375 0.5580375
vt 0.34864697265625 0.5580375
vt 0.34864697265625 0.5510713541666667
vt 0.3984375 0.7005375000000007
vt 0.3984375 0.7767875000000001
vt 0.403662109375 0.7767875000000001
vt 0.403662109375 0.7005375000000007
vt 0.4296875 0.2630375000000007
vt 0.4296875 0.3392875000000001
vt 0.434912109375 0.3392875000000001
vt 0.434912109375 0.2630375000000007
vn 0.3723501488506609 -0.8023679522178875 0.4664343854226066
vn 0.5367802754917085 -0.22380398249795702 -0.8134978262178085
vn -0.3723501488506609 0.8023679522178875 -0.4664343854226066
vn -0.5367802754917085 0.22380398249795702 0.8134978262178085
vn -0.7571144579876522 -0.5532788145878427 -0.3473618442407507
vn 0.7571144579876522 0.5532788145878427 0.3473618442407507
usemtl m_890a103a-2c95-a057-8483-4c3958a0f191
f 84/244/61 87/243/61 85/242/61 82/241/61
f 83/248/62 84/247/62 82/246/62 81/245/62
f 88/252/63 83/251/63 81/250/63 86/249/63
f 87/256/64 88/255/64 86/254/64 85/253/64
f 86/260/65 81/259/65 82/258/65 85/257/65
f 87/264/66 84/263/66 83/262/66 88/261/66
o cube
v 0.7240589087765668 0.9475328920871022 -0.5566176408723331
v 0.7242795019352561 0.9937791557821412 -0.5751558137032109
v 0.6941905860183648 0.9372523871006508 -0.5826193238095374
v 0.6944111791770544 0.98349865079569 -0.6011574966404152
v 0.4014827130504628 1.123411110808547 -0.255610469821592
v 0.4012621198917734 1.0771648471135078 -0.2370722969907143
v 0.37161439029226107 1.1131306058220958 -0.2816121527587963
v 0.37139379713357146 1.0668843421270566 -0.2630739799279186
vt 0.421875 0.3392875000000001
vt 0.421875 0.2605630442708339
vt 0.42698915468750004 0.2605630442708339
vt 0.42698915468750004 0.3392875000000001
vt 0.3515625 0.6101208333333334
vt 0.3515625 0.6018168359375
vt 0.35667665468750004 0.6018168359375
vt 0.35667665468750004 0.6101208333333334
vt 0.421875 0.7663708333333333
vt 0.421875 0.6876463776041672
vt 0.42698915468750004 0.6876463776041672
vt 0.42698915468750004 0.7663708333333333
vt 0.34375 0.5580375
vt 0.34375 0.5497335026041668
vt 0.34886415468750004 0.5497335026041668
vt 0.34886415468750004 0.5580375
vt 0.326540498046875 0.8647297109375005
vt 0.326540498046875 0.9434541666666667
vt 0.3203125 0.9434541666666667
vt 0.3203125 0.8647297109375005
vt 0.404665498046875 0.6980630442708338
vt 0.404665498046875 0.7767875000000001
vt 0.3984375 0.7767875000000001
vt 0.3984375 0.6980630442708338
vn 0.0044274491784759 0.9281928026262775 -0.37207327080367963
vn 0.6833894793660716 -0.27444236530592947 -0.6765058814356726
vn -0.0044274491784759 -0.9281928026262775 0.37207327080367963
vn -0.6833894793660716 0.27444236530592947 0.6765058814356726
vn 0.7300405585894126 0.25127576341156155 0.6355322757629195
vn -0.7300405585894126 -0.25127576341156155 -0.6355322757629195
usemtl m_890a103a-2c95-a057-8483-4c3958a0f191
f 92/268/67 95/267/67 93/266/67 90/265/67
f 91/272/68 92/271/68 90/270/68 89/269/68
f 96/276/69 91/275/69 89/274/69 94/273/69
f 95/280/70 96/279/70 94/278/70 93/277/70
f 94/284/71 89/283/71 90/282/71 93/281/71
f 95/288/72 92/287/72 91/286/72 96/285/72