# Made in Blockbench 4.8.1
mtllib birch_twig_branch_up_5.mtl

o cube
v 0.19898466021227768 0.7945462061767965 -0.871590945785258
v 0.10789723771305726 0.8019793286309718 -0.8438497777931769
v 0.17989103900765402 0.7070615048935269 -0.9108432312157408
v 0.0888036165084336 0.7144946273477022 -0.8831020632236598
v 0.2982557879449088 0.43599519531404096 -0.12074848024637186
v 0.38934321044412923 0.4285620728598656 -0.14848964823845295
v 0.27916216674028504 0.3485104940307713 -0.16000076567685478
v 0.37024958923950557 0.341077371576596 -0.18774193366893588
vt 0.3515625 0.5963708333333344
vt 0.3515625 0.7351208333333334
vt 0.36378369140625 0.7351208333333334
vt 0.36378369140625 0.5963708333333344
vt 0.34375 0.8650361979166667
vt 0.34375 0.8809541666666667
vt 0.35597119140625 0.8809541666666667
vt 0.35597119140625 0.8650361979166667
vt 0.40625 0.6172041666666677
vt 0.40625 0.7559541666666667
vt 0.41847119140625 0.7559541666666667
vt 0.41847119140625 0.6172041666666677
vt 0.34375 0.54211953125
vt 0.34375 0.5580375
vt 0.35597119140625 0.5580375
vt 0.35597119140625 0.54211953125
vt 0.3203125 0.5130375000000009
vt 0.3203125 0.6517875
vt 0.33225097656249997 0.6517875
vt 0.33225097656249997 0.5130375000000009
vt 0.390625 0.5963708333333344
vt 0.390625 0.7351208333333334
vt 0.40256347656249997 0.7351208333333334
vt 0.40256347656249997 0.5963708333333344
vn -0.95371697995094 0.0778273762073166 0.2904596730459211
vn -0.22865891919742093 0.439620580560881 -0.8685901472033755
vn 0.95371697995094 -0.0778273762073166 -0.2904596730459211
vn 0.22865891919742093 -0.439620580560881 0.8685901472033755
vn 0.19529214225033703 0.8948053669150621 0.4014776886892661
vn -0.19529214225033703 -0.8948053669150621 -0.4014776886892661
usemtl m_890a103a-2c95-a057-8483-4c3958a0f191
f 4/4/1 7/3/1 5/2/1 2/1/1
f 3/8/2 4/7/2 2/6/2 1/5/2
f 8/12/3 3/11/3 1/10/3 6/9/3
f 7/16/4 8/15/4 6/14/4 5/13/4
f 6/20/5 1/19/5 2/18/5 5/17/5
f 7/24/6 4/23/6 3/22/6 8/21/6
o cube
v -0.16913890360285688 0.6103473103210528 -0.8168250995122566
v -0.149110773344179 0.563584513139815 -0.8401339850377672
v -0.14033501179498897 0.6419976465272654 -0.8555729905109821
v -0.12030688153631108 0.5952348493460273 -0.8788818760364928
v 0.21198248694579347 0.5784068617441962 -0.5596019808831533
v 0.19195435668711558 0.6251696589254343 -0.5362930953576426
v 0.2407863787536615 0.6100571979504088 -0.5983498718818788
v 0.2207582484949835 0.6568199951316467 -0.5750409863563681
vt 0.34375 0.627620833333334
vt 0.34375 0.7038708333333334
vt 0.34864697265625 0.7038708333333334
vt 0.34864697265625 0.627620833333334
vt 0.359375 0.3531546875
vt 0.359375 0.36012083333333333
vt 0.36427197265625 0.36012083333333333
vt 0.36427197265625 0.3531546875
vt 0.4140625 0.7005375000000007
vt 0.4140625 0.7767875000000001
vt 0.41895947265625 0.7767875000000001
vt 0.41895947265625 0.7005375000000007
vt 0.34375 0.5510713541666667
vt 0.34375 0.5580375
vt 0.34864697265625 0.5580375
vt 0.34864697265625 0.5510713541666667
vt 0.3984375 0.7005375000000007
vt 0.3984375 0.7767875000000001
vt 0.403662109375 0.7767875000000001
vt 0.403662109375 0.7005375000000007
vt 0.421875 0.25262083333333407
vt 0.421875 0.32887083333333333
vt 0.427099609375 0.32887083333333333
vt 0.427099609375 0.25262083333333407
vn 0.35791981474495743 -0.8356911747571948 -0.4165497168956851
vn -0.7892748858797289 -0.0323985761844403 -0.6131847085346813
vn -0.35791981474495743 0.8356911747571948 0.4165497168956851
vn 0.7892748858797289 0.0323985761844403 0.6131847085346813
vn -0.49893743168104376 -0.5482431875492487 0.6711861489731168
vn 0.49893743168104376 0.5482431875492487 -0.6711861489731168
usemtl m_890a103a-2c95-a057-8483-4c3958a0f191
f 12/28/7 15/27/7 13/26/7 10/25/7
f 11/32/8 12/31/8 10/30/8 9/29/8
f 16/36/9 11/35/9 9/34/9 14/33/9
f 15/40/10 16/39/10 14/38/10 13/37/10
f 14/44/11 9/43/11 10/42/11 13/41/11
f 15/48/12 12/47/12 11/46/12 16/45/12
o cube
v -0.4275740657736766 0.5333019783859547 -1.0003465449582087
v -0.40807856607046594 0.4997655053830974 -1.0159096175859514
v -0.4139658941491043 0.5549771081965078 -1.0300070953455458
v -0.3944703944458936 0.5214406351936502 -1.0455701679732883
v -0.13759053885304817 0.5741803295636672 -0.8374301759849607
v -0.15708603855625886 0.6077168025665245 -0.8218671033572181
v -0.12398236722847583 0.59585545937422 -0.8670907263722977
v -0.14347786693168652 0.6293919323770774 -0.8515276537445551
vt 0.359375 0.8151208333333341
vt 0.359375 0.8913708333333333
vt 0.36427197265625 0.8913708333333333
vt 0.36427197265625 0.8151208333333341
vt 0.359375 0.3531546875
vt 0.359375 0.36012083333333333
vt 0.36427197265625 0.36012083333333333
vt 0.36427197265625 0.3531546875
vt 0.4140625 0.7005375000000007
vt 0.4140625 0.7767875000000001
vt 0.41895947265625 0.7767875000000001
vt 0.41895947265625 0.7005375000000007
vt 0.34375 0.5510713541666667
vt 0.34375 0.5580375
vt 0.34864697265625 0.5580375
vt 0.34864697265625 0.5510713541666667
vt 0.3984375 0.7005375000000007
vt 0.3984375 0.7767875000000001
vt 0.403662109375 0.7767875000000001
vt 0.403662109375 0.7005375000000007
vt 0.4296875 0.2630375000000007
vt 0.4296875 0.3392875000000001
vt 0.434912109375 0.3392875000000001
vt 0.434912109375 0.2630375000000007
vn 0.4664343854226066 -0.8023679522178875 -0.37235014885066076
vn -0.8134978262178086 -0.22380398249795708 -0.5367802754917085
vn -0.4664343854226066 0.8023679522178875 0.37235014885066076
vn 0.8134978262178086 0.22380398249795708 0.5367802754917085
vn -0.34736184424075056 -0.5532788145878424 0.7571144579876523
vn 0.34736184424075056 0.5532788145878424 -0.7571144579876523
usemtl m_890a103a-2c95-a057-8483-4c3958a0f191
f 20/52/13 23/51/13 21/50/13 18/49/13
f 19/56/14 20/55/14 18/54/14 17/53/14
f 24/60/15 19/59/15 17/58/15 22/57/15
f 23/64/16 24/63/16 22/62/16 21/61/16
f 22/68/17 17/67/17 18/66/17 21/65/17
f 23/72/18 20/71/18 19/70/18 24/69/18
o cube
v 0.4952820547531609 0.564924301595904 -1.4235856650078704
v 0.4473496226706928 0.5666791668606879 -1.418640945185221
v 0.49386328990973416 0.5181495357810135 -1.4207384739023372
v 0.44593085782726605 0.5199044010457974 -1.4157937540796879
v 0.48210302813469363 0.5857201305159112 -1.0885108306671185
v 0.5300354602171615 0.5839652652511274 -1.0934555504897678
v 0.4806842632912668 0.5389453647010207 -1.0856636395615853
v 0.5286166953737348 0.5371904994362369 -1.0906083593842346
vt 0.4199228515625001 0.7559541666666667
vt 0.4199228515625001 0.7005375
vt 0.4140625 0.7005375
vt 0.4140625 0.7559541666666667
vt 0.3808603515625001 0.8913708333333333
vt 0.3808603515625001 0.8833343750000001
vt 0.375 0.8833343750000001
vt 0.375 0.8913708333333333
vt 0.3730478515625001 0.8913708333333333
vt 0.3730478515625001 0.8359541666666667
vt 0.3671875 0.8359541666666667
vt 0.3671875 0.8913708333333333
vt 0.3808603515625001 0.8913708333333333
vt 0.3808603515625001 0.8833343750000001
vt 0.375 0.8833343750000001
vt 0.375 0.8913708333333333
vt 0.421875 0.7109541666666666
vt 0.421875 0.7663708333333333
vt 0.4279023437499999 0.7663708333333333
vt 0.4279023437499999 0.7109541666666666
vt 0.3984375 0.7005375
vt 0.3984375 0.7559541666666667
vt 0.4044648437499999 0.7559541666666667
vt 0.4044648437499999 0.7005375
vn -0.9940621041082254 0.03639383569221139 0.1025476567237701
vn -0.1045215201924833 -0.057266056105934986 -0.9928725248664727
vn 0.9940621041082254 -0.03639383569221139 -0.1025476567237701
vn 0.1045215201924833 0.057266056105934986 0.9928725248664727
vn 0.030261939669825898 0.9976953881529573 -0.0607299552588308
vn -0.030261939669825898 -0.9976953881529573 0.0607299552588308
usemtl m_890a103a-2c95-a057-8483-4c3958a0f191
f 28/76/19 31/75/19 29/74/19 26/73/19
f 27/80/20 28/79/20 26/78/20 25/77/20
f 32/84/21 27/83/21 25/82/21 30/81/21
f 31/88/22 32/87/22 30/86/22 29/85/22
f 30/92/23 25/91/23 26/90/23 29/89/23
f 31/96/24 28/95/24 27/94/24 32/93/24
o cube
v 0.5340073618546912 0.5916904242712602 -1.0901242538782634
v 0.47323019668355837 0.5910388509018896 -1.0920231357210501
v 0.5347694571070132 0.5328659862968972 -1.0943317572595603
v 0.4739922919358803 0.5322144129275266 -1.096230639102347
v 0.45833897915279675 0.5558923468185384 -0.6033426435258247
v 0.5191161443239296 0.556543920187909 -0.601443761683038
v 0.4591010744051187 0.4970679088441753 -0.6075501469071217
v 0.5198782395762516 0.497719482213546 -0.6056512650643351
vt 0.42143495546875004 0.6742593333333338
vt 0.42143495546875004 0.7559541666666667
vt 0.4140625 0.7559541666666667
vt 0.4140625 0.6742593333333338
vt 0.36674745546875004 0.56873578125
vt 0.36674745546875004 0.5788708333333334
vt 0.359375 0.5788708333333334
vt 0.359375 0.56873578125
vt 0.42924745546875004 0.3721760000000005
vt 0.42924745546875004 0.45387083333333333
vt 0.421875 0.45387083333333333
vt 0.421875 0.3721760000000005
vt 0.35112245546875004 0.5479024479166668
vt 0.35112245546875004 0.5580375
vt 0.34375 0.5580375
vt 0.34375 0.5479024479166668
vt 0.3982262890625 0.6742593333333338
vt 0.3982262890625 0.7559541666666667
vt 0.390625 0.7559541666666667
vt 0.390625 0.6742593333333338
vt 0.4138512890625 0.3721760000000005
vt 0.4138512890625 0.45387083333333333
vt 0.40625 0.45387083333333333
vt 0.40625 0.3721760000000005
vn -0.9994549061252149 -0.010714849876338896 -0.03122631285255524
vn 0.030379761940803565 0.07170282919432154 -0.99696327632965
vn 0.9994549061252149 0.010714849876338896 0.03122631285255524
vn -0.030379761940803565 -0.07170282919432154 0.99696327632965
vn -0.012921326814930387 0.9973684857050866 0.07133822983284832
vn 0.012921326814930387 -0.9973684857050866 -0.07133822983284832
usemtl m_890a103a-2c95-a057-8483-4c3958a0f191
f 36/100/25 39/99/25 37/98/25 34/97/25
f 35/104/26 36/103/26 34/102/26 33/101/26
f 40/108/27 35/107/27 33/106/27 38/105/27
f 39/112/28 40/111/28 38/110/28 37/109/28
f 38/116/29 33/115/29 34/114/29 37/113/29
f 39/120/30 36/119/30 35/118/30 40/117/30
o cube
v 0.5195376962293607 0.5697186710179569 -0.5985547857002187
v 0.44315619891099156 0.5654386733405867 -0.619394745379032
v 0.5289947179591723 0.4868733152212781 -0.6162018231788251
v 0.4526132206408031 0.4825933175439079 -0.6370417828576385
v 0.3311306465353122 0.46060391090654007 -0.1872743331091215
v 0.4075121438536814 0.46488390858391027 -0.1664343734303081
v 0.34058766826512366 0.37775855510986134 -0.20492137058772786
v 0.41696916558349284 0.3820385527872314 -0.1840814109089145
vt 0.4012787890625001 0.38786250000000067
vt 0.4012787890625001 0.4642875000000001
vt 0.390625 0.4642875000000001
vt 0.390625 0.38786250000000067
vt 0.3856537890625001 0.8677393229166667
vt 0.3856537890625001 0.8809541666666667
vt 0.375 0.8809541666666667
vt 0.375 0.8677393229166667
vt 0.4169037890625001 0.6482791666666674
vt 0.4169037890625001 0.7247041666666667
vt 0.40625 0.7247041666666667
vt 0.40625 0.6482791666666674
vt 0.3544037890625001 0.54482265625
vt 0.3544037890625001 0.5580375
vt 0.34375 0.5580375
vt 0.34375 0.54482265625
vt 0.4005361328125 0.6795291666666674
vt 0.4005361328125 0.7559541666666667
vt 0.390625 0.7559541666666667
vt 0.390625 0.6795291666666674
vt 0.3849111328125 0.6274458333333339
vt 0.3849111328125 0.7038708333333334
vt 0.375 0.7038708333333334
vt 0.375 0.6274458333333339
vn -0.9633295553011391 -0.05397967314054417 -0.26283523883024085
vn 0.24430389788611995 0.22862231476185257 -0.9423626916801094
vn 0.9633295553011391 0.05397967314054417 0.26283523883024085
vn -0.24430389788611995 -0.22862231476185257 0.9423626916801094
vn -0.11095843077908973 0.9720175060566413 0.20705118825659882
vn 0.11095843077908973 -0.9720175060566413 -0.20705118825659882
usemtl m_890a103a-2c95-a057-8483-4c3958a0f191
f 44/124/31 47/123/31 45/122/31 42/121/31
f 43/128/32 44/127/32 42/126/32 41/125/32
f 48/132/33 43/131/33 41/130/33 46/129/33
f 47/136/34 48/135/34 46/134/34 45/133/34
f 46/140/35 41/139/35 42/138/35 45/137/35
f 47/144/36 44/143/36 43/142/36 48/141/36
o cube
v 0.40697171474566596 0.457757030683672 -0.18232495203945465
v 0.2632622127862617 0.45380772702237104 -0.13718597251415032
v 0.39026364911437317 0.3319750380304092 -0.2465235472483891
v 0.24655414715496904 0.3280257343691082 -0.20138456772308477
v 0.5109994362070829 0.03695344970480663 0.6150664981456564
v 0.654708938166487 0.040902753366107714 0.5699275186203523
v 0.4942913705757901 -0.08882854294845621 0.550867902936722
v 0.6380008725351942 -0.08487923928715518 0.5057289234114177
vt 0.34375 0.4088708333333343
vt 0.34375 0.5580375
vt 0.361525390625 0.5580375
vt 0.361525390625 0.4088708333333343
vt 0.34375 0.5329235677083333
vt 0.34375 0.5580375
vt 0.361525390625 0.5580375
vt 0.361525390625 0.5329235677083333
vt 0.390625 0.5234541666666677
vt 0.390625 0.6726208333333334
vt 0.408400390625 0.6726208333333334
vt 0.408400390625 0.5234541666666677
vt 0.34375 0.5329235677083333
vt 0.34375 0.5580375
vt 0.361525390625 0.5580375
vt 0.361525390625 0.5329235677083333
vt 0.375 0.2005375000000008
vt 0.375 0.3497041666666667
vt 0.39383544921875 0.3497041666666667
vt 0.39383544921875 0.2005375000000008
vt 0.34375 0.6484541666666677
vt 0.34375 0.7976208333333333
vt 0.36258544921875 0.7976208333333333
vt 0.36258544921875 0.6484541666666677
vn -0.9537169799509398 -0.026209247888348962 0.2995613417622271
vn -0.2768013669506398 0.4657589690699072 -0.840505553809845
vn 0.9537169799509398 0.026209247888348962 -0.2995613417622271
vn 0.2768013669506398 -0.4657589690699072 0.840505553809845
vn 0.11749436330103673 0.8845234072968698 0.4514569930086581
vn -0.11749436330103673 -0.8845234072968698 -0.4514569930086581
usemtl m_890a103a-2c95-a057-8483-4c3958a0f191
f 52/148/37 55/147/37 53/146/37 50/145/37
f 51/152/38 52/151/38 50/150/38 49/149/38
f 56/156/39 51/155/39 49/154/39 54/153/39
f 55/160/40 56/159/40 54/158/40 53/157/40
f 54/164/41 49/163/41 50/162/41 53/161/41
f 55/168/42 52/167/42 51/166/42 56/165/42
o cube
v 0.028981986164766327 0.11382304725615244 -0.1397660930113918
v 0.023479789819164543 0.19123650612652643 -0.12316231494435592
v -0.028200574349235397 0.09794967192020065 -0.0847073461695278
v -0.03370277069483729 0.17536313079057453 -0.06810356810249196
v 0.5008542518402865 0.12304510395813195 0.3529666898866336
v 0.5063564481858882 0.045631645087757966 0.33636291181959765
v 0.4436716913262848 0.10717172862218005 0.40802543672849756
v 0.4491738876718866 0.029758269751806177 0.3914216586614617
vt 0.3515625 0.6013426666666672
vt 0.3515625 0.7142875
vt 0.3616815374999999 0.7142875
vt 0.3616815374999999 0.6013426666666672
vt 0.34375 0.5580375
vt 0.34375 0.54481
vt 0.3538690374999999 0.54481
vt 0.3538690374999999 0.5580375
vt 0.34375 0.5580375
vt 0.34375 0.44509266666666714
vt 0.3538690374999999 0.44509266666666714
vt 0.3538690374999999 0.5580375
vt 0.34375 0.5580375
vt 0.34375 0.54481
vt 0.3538690374999999 0.54481
vt 0.3538690374999999 0.5580375
vt 0.377108125 0.9330375000000001
vt 0.377108125 0.8200926666666671
vt 0.3671875 0.8200926666666671
vt 0.3671875 0.9330375000000001
vt 0.408358125 0.8184541666666667
vt 0.408358125 0.7055093333333338
vt 0.3984375 0.7055093333333338
vt 0.3984375 0.8184541666666667
vn -0.0693277432823263 0.975410557177268 0.20920781285246437
vn -0.704436032961703 0.10062641520918725 -0.7025981782123598
vn 0.0693277432823263 -0.975410557177268 -0.20920781285246437
vn 0.704436032961703 -0.10062641520918725 0.7025981782123598
vn 0.7063735127229493 0.19608306788012098 -0.6801381411258756
vn -0.7063735127229493 -0.19608306788012098 0.6801381411258756
usemtl m_890a103a-2c95-a057-8483-4c3958a0f191
f 60/172/43 63/171/43 61/170/43 58/169/43
f 59/176/44 60/175/44 58/174/44 57/173/44
f 64/180/45 59/179/45 57/178/45 62/177/45
f 63/184/46 64/183/46 62/182/46 61/181/46
f 62/188/47 57/187/47 58/186/47 61/185/47
f 63/192/48 60/191/48 59/190/48 64/189/48
o cube
v -0.4900778193908944 -0.0524671079128981 -0.688050593105615
v -0.5086159922217721 -0.006220844217858956 -0.6882711862643045
v -0.5160795023280986 -0.06274761289934927 -0.6581822703474134
v -0.5346176751589763 -0.016501349204310123 -0.6584028635061028
v -0.18907064834015308 0.12341111080854694 -0.365474397379511
v -0.17053247550927542 0.0771648471135078 -0.3652538042208215
v -0.21507233127735725 0.11313060582209578 -0.3356060746213093
v -0.1965341584464796 0.06688434212705663 -0.3353854814626198
vt 0.421875 0.3392875000000001
vt 0.421875 0.2605630442708339
vt 0.42698915468750004 0.2605630442708339
vt 0.42698915468750004 0.3392875000000001
vt 0.3515625 0.6101208333333334
vt 0.3515625 0.6018168359375
vt 0.35667665468750004 0.6018168359375
vt 0.35667665468750004 0.6101208333333334
vt 0.421875 0.7663708333333333
vt 0.421875 0.6876463776041672
vt 0.42698915468750004 0.6876463776041672
vt 0.42698915468750004 0.7663708333333333
vt 0.34375 0.5580375
vt 0.34375 0.5497335026041668
vt 0.34886415468750004 0.5497335026041668
vt 0.34886415468750004 0.5580375
vt 0.326540498046875 0.8647297109375005
vt 0.326540498046875 0.9434541666666667
vt 0.3203125 0.9434541666666667
vt 0.3203125 0.8647297109375005
vt 0.404665498046875 0.6980630442708338
vt 0.404665498046875 0.7767875000000001
vt 0.3984375 0.7767875000000001
vt 0.3984375 0.6980630442708338
vn -0.3720732708036797 0.9281928026262776 -0.004427449178476012
vn -0.6765058814356726 -0.2744423653059296 -0.6833894793660715
vn 0.3720732708036797 -0.9281928026262776 0.004427449178476012
vn 0.6765058814356726 0.2744423653059296 0.6833894793660715
vn 0.6355322757629194 0.2512757634115614 -0.7300405585894126
vn -0.6355322757629194 -0.2512757634115614 0.7300405585894126
usemtl m_890a103a-2c95-a057-8483-4c3958a0f191
f 68/196/49 71/195/49 69/194/49 66/193/49
f 67/200/50 68/199/50 66/198/50 65/197/50
f 72/204/51 67/203/51 65/202/51 70/201/51
f 71/208/52 72/207/52 70/206/52 69/205/52
f 70/212/53 65/211/53 66/210/53 69/209/53
f 71/216/54 68/215/54 67/214/54 72/213/54
o cube
v -0.1664384996858274 0.07165983995694736 -0.3787766139622737
v -0.18490623660755373 0.1333828713211267 -0.3763469484226527
v -0.2176955564193217 0.05455886851000402 -0.3339465926835267
v -0.23616329334104802 0.11628189987418325 -0.3315169271439057
v 0.030609307910198558 0.18735559753221265 -0.1093455462212134
v 0.049077044831924876 0.1256325661680333 -0.11177521176083438
v -0.02064774882329573 0.1702546260852693 -0.06451552494246637
v -0.002180011901569412 0.10853159472108997 -0.06694519048208736
vt 0.3984375 0.7559541666666667
vt 0.3984375 0.6772297109375005
vt 0.40721376406250004 0.6772297109375005
vt 0.40721376406250004 0.7559541666666667
vt 0.4140625 0.7351208333333334
vt 0.4140625 0.7243754296875
vt 0.42283876406250004 0.7243754296875
vt 0.42283876406250004 0.7351208333333334
vt 0.3671875 0.8913708333333333
vt 0.3671875 0.8126463776041671
vt 0.37596376406250004 0.8126463776041671
vt 0.37596376406250004 0.8913708333333333
vt 0.34375 0.5580375
vt 0.34375 0.5472920963541668
vt 0.35252626406250004 0.5472920963541668
vt 0.35252626406250004 0.5580375
vt 0.359621552734375 0.8022297109375006
vt 0.359621552734375 0.8809541666666667
vt 0.3515625 0.8809541666666667
vt 0.3515625 0.8022297109375006
vt 0.367434052734375 0.5938963776041672
vt 0.367434052734375 0.6726208333333334
vt 0.359375 0.6726208333333334
vt 0.359375 0.5938963776041672
vn -0.28644397689188456 0.957355557138039 0.03768534621410182
vn -0.6204622735421507 -0.15538573094174177 -0.7686883905267506
vn 0.28644397689188456 -0.957355557138039 -0.03768534621410182
vn 0.6204622735421507 0.15538573094174177 0.7686883905267506
vn 0.7300523373110088 0.2435684951643291 -0.6385123122932848
vn -0.7300523373110088 -0.2435684951643291 0.6385123122932848
usemtl m_890a103a-2c95-a057-8483-4c3958a0f191
f 76/220/55 79/219/55 77/218/55 74/217/55
f 75/224/56 76/223/56 74/222/56 73/221/56
f 80/228/57 75/227/57 73/226/57 78/225/57
f 79/232/58 80/231/58 78/230/58 77/229/58
f 78/236/59 73/235/59 74/234/59 77/233/59
f 79/240/60 76/239/60 75/238/60 80/237/60
o cube
v -0.08977692737779308 0.8390174324641011 -1.657098640545483
v -0.043301450689568755 0.8367562650636646 -1.6693448813396843
v -0.08723787622368234 0.888652599769292 -1.6566274599934805
v -0.04076239953545807 0.8863914323688555 -1.6688737007876817
v 0.03349503715372404 0.830049351790954 -1.3766576073930943
v -0.012980439534500232 0.8323105191913904 -1.3644113665988933
v 0.03603408830783472 0.8796845190961449 -1.376186426841092
v -0.010441388380389494 0.8819456864965813 -1.3639401860468907
vt 0.3203125 0.601342666666667
vt 0.3203125 0.6517875
vt 0.32652528750000004 0.6517875
vt 0.32652528750000004 0.601342666666667
vt 0.359375 0.6021016666666665
vt 0.359375 0.6101208333333334
vt 0.36558778750000004 0.6101208333333334
vt 0.36558778750000004 0.6021016666666665
vt 0.40625 0.695092666666667
vt 0.40625 0.7455375
vt 0.4124627875 0.7455375
vt 0.4124627875 0.695092666666667
vt 0.34375 0.5500183333333333
vt 0.34375 0.5580375
vt 0.34996278750000004 0.5580375
vt 0.34996278750000004 0.5500183333333333
vt 0.3984375 0.2784260000000005
vt 0.3984375 0.32887083333333333
vt 0.40445187500000007 0.32887083333333333
vt 0.40445187500000007 0.2784260000000005
vt 0.40625 0.7159260000000005
vt 0.40625 0.7663708333333333
vt 0.41226437500000007 0.7663708333333333
vt 0.41226437500000007 0.7159260000000005
vn 0.9659249025922052 -0.04699506184010393 -0.25452022849841194
vn -0.25373093327461144 0.022159234254947494 -0.967020983141953
vn -0.9659249025922052 0.04699506184010393 0.25452022849841194
vn 0.25373093327461144 -0.022159234254947494 0.967020983141953
vn -0.051085184269353254 -0.9986493040601787 -0.009480055289240435
vn 0.051085184269353254 0.9986493040601787 0.009480055289240435
usemtl m_890a103a-2c95-a057-8483-4c3958a0f191
f 84/244/61 87/243/61 85/242/61 82/241/61
f 83/248/62 84/247/62 82/246/62 81/245/62
f 88/252/63 83/251/63 81/250/63 86/249/63
f 87/256/64 88/255/64 86/254/64 85/253/64
f 86/260/65 81/259/65 82/258/65 85/257/65
f 87/264/66 84/263/66 83/262/66 88/261/66
o cube
v -0.030243129079429942 0.8325278581171867 -1.3716845048361126
v 0.030041622258548895 0.8230416818426631 -1.3898193902730447
v -0.017934912106849166 0.8939514274451525 -1.3628990623195614
v 0.04234983923112967 0.884465251170629 -1.3810339477564935
v 0.16881350187661526 0.7216680740192829 -0.875480537606214
v 0.10852875053863653 0.7311542502938064 -0.8573456521692818
v 0.18112171884919603 0.7830916433472488 -0.8666950950896626
v 0.1208369675112172 0.7925778196217723 -0.8485602096527305
vt 0.328125 0.8809541666666667
vt 0.328125 0.7905724609375003
vt 0.33603220703125003 0.7905724609375003
vt 0.33603220703125003 0.8809541666666667
vt 0.34375 0.5059541666666667
vt 0.34375 0.4953434895833334
vt 0.35165720703125003 0.4953434895833334
vt 0.35165720703125003 0.5059541666666667
vt 0.375 0.9122041666666667
vt 0.375 0.8218224609375003
vt 0.38290720703125003 0.8218224609375003
vt 0.38290720703125003 0.9122041666666667
vt 0.34375 0.5580375
vt 0.34375 0.5474268229166668
vt 0.35165720703125003 0.5474268229166668
vt 0.35165720703125003 0.5580375
vt 0.3438955078125 0.5614057942708337
vt 0.3438955078125 0.6517875
vt 0.3359375 0.6517875
vt 0.3359375 0.5614057942708337
vt 0.4142080078125 0.6864057942708337
vt 0.4142080078125 0.7767875000000001
vt 0.40625 0.7767875000000001
vt 0.40625 0.6864057942708337
vn 0.9469196430557454 -0.1490036278241532 -0.2848527838909441
vn -0.25589964712900276 0.18693607481280844 -0.9484567858014578
vn -0.9469196430557454 0.1490036278241532 0.2848527838909441
vn 0.25589964712900276 -0.18693607481280844 0.9484567858014578
vn -0.19457276323892728 -0.9710060879463225 -0.13888346545484456
vn 0.19457276323892728 0.9710060879463225 0.13888346545484456
usemtl m_890a103a-2c95-a057-8483-4c3958a0f191
f 92/268/67 95/267/67 93/266/67 90/265/67
f 91/272/68 92/271/68 90/270/68 89/269/68
f 96/276/69 91/275/69 89/274/69 94/273/69
f 95/280/70 96/279/70 94/278/70 93/277/70
f 94/284/71 89/283/71 90/282/71 93/281/71
f 95/288/72 92/287/72 91/286/72 96/285/72