# Made in Blockbench 4.8.1
mtllib birch_twig_branch_3.mtl

o cube
v -0.24647597038388958 0.5158005842470454 0.07207951247273536
v -1.1262334046007287 0.17867023084260447 0.16206528662717068
v -0.22489392926864293 0.4952375725621938 0.20604008383649064
v -1.1046513634854822 0.15810721915775294 0.29602585799092607
v -1.1721596245265817 0.30569627738061 0.18896289992687043
v -0.29240219030974246 0.6428266307850508 0.098977125772435
v -1.150577583411335 0.28513326569575836 0.3229234712906258
v -0.2708201491944958 0.6222636191001993 0.2329376971361905
vt 0.38179902193458337 0.9479166666666665
vt 0.3645833333333333 0.9479166666666665
vt 0.3645833333333333 0.9250437954066665
vt 0.38179902193458337 0.9250437954066665
vt 0.39583333333333326 0.6458333333333324
vt 0.39583333333333326 0.4880952013799996
vt 0.41298798677833326 0.4880952013799996
vt 0.41298798677833326 0.6458333333333324
vt 0.3817990219345832 0.8645833333333329
vt 0.36458333333333315 0.8645833333333329
vt 0.36458333333333315 0.8417104620733329
vt 0.3817990219345832 0.8417104620733329
vt 0.39215465344500017 0.1443452013800003
vt 0.39215465344500017 0.30208333333333304
vt 0.3750000000000001 0.30208333333333304
vt 0.3750000000000001 0.1443452013800003
vt 0.36096568860125017 0.625
vt 0.3437500000000001 0.625
vt 0.3437500000000001 0.46726186804666725
vt 0.36096568860125017 0.46726186804666725
vt 0.3713823552679164 0.45833333333333337
vt 0.35416666666666635 0.45833333333333337
vt 0.35416666666666635 0.3005952013800006
vt 0.3713823552679164 0.3005952013800006
vn -0.9295548084690114 -0.3562131206847118 0.0950792864098094
vn 0.33346197318617654 -0.9223131403583669 -0.19529870342905312
vn 0.9295548084690114 0.3562131206847118 -0.0950792864098094
vn -0.33346197318617654 0.9223131403583669 0.19529870342905312
vn -0.15726083584580494 0.14983552240489117 -0.9761241446326039
vn 0.15726083584580494 -0.14983552240489117 0.9761241446326039
usemtl m_3722afce-2475-6df4-1e92-dcadf5eef328
f 4/4/1 7/3/1 5/2/1 2/1/1
f 3/8/2 4/7/2 2/6/2 1/5/2
f 8/12/3 3/11/3 1/10/3 6/9/3
f 7/16/4 8/15/4 6/14/4 5/13/4
f 6/20/5 1/19/5 2/18/5 5/17/5
f 7/24/6 4/23/6 3/22/6 8/21/6
o cube
v -0.30319231882810926 1.0114461228815619 0.7832301646547577
v -0.9186928793758519 0.4346925462809029 1.6556386824053346
v -0.24014532688639112 0.8480566033880126 0.7196933814411868
v -0.8556458874341338 0.2713030267873535 1.5921018991917637
v -0.7906448917282581 0.4460517448319181 1.753488559875382
v -0.1751443311805153 1.022805321432577 0.8810800421248051
v -0.7275978997865399 0.2826622253383687 1.689951776661811
v -0.11209733923879717 0.8594158019390277 0.8175432589112341
vt 0.3645833333333333 0.9479166666666665
vt 0.38477766927083346 0.9479166666666665
vt 0.38477766927083346 0.9168665364583332
vt 0.3645833333333333 0.9168665364583332
vt 0.3982875976562502 0.037124999999999964
vt 0.3982875976562502 0.23937499999999978
vt 0.3750000000000002 0.23937499999999978
vt 0.3750000000000002 0.037124999999999964
vt 0.36458333333333315 0.8645833333333329
vt 0.3847776692708333 0.8645833333333329
vt 0.3847776692708333 0.8335332031249996
vt 0.36458333333333315 0.8335332031249996
vt 0.33333333333333326 0.49545833333333344
vt 0.33333333333333326 0.6977083333333332
vt 0.35662093098958325 0.6977083333333332
vt 0.35662093098958325 0.49545833333333344
vt 0.34375 0.4062500000000001
vt 0.36394433593750014 0.4062500000000001
vt 0.36394433593750014 0.2040000000000003
vt 0.34375 0.2040000000000003
vt 0.36979166666666663 0.78125
vt 0.3899860026041668 0.78125
vt 0.3899860026041668 0.5790000000000002
vt 0.36979166666666663 0.5790000000000002
vn -0.5072110099280951 -0.47528106848014806 0.7189192564899696
vn -0.7925984050917312 -0.07031178560520027 -0.6056764986781743
vn 0.5072110099280951 0.47528106848014806 -0.7189192564899696
vn 0.7925984050917312 0.07031178560520027 0.6056764986781743
vn -0.3384150700748504 0.8770200446679524 0.34104410506099786
vn 0.3384150700748504 -0.8770200446679524 -0.34104410506099786
usemtl m_3722afce-2475-6df4-1e92-dcadf5eef328
f 12/28/7 15/27/7 13/26/7 10/25/7
f 11/32/8 12/31/8 10/30/8 9/29/8
f 16/36/9 11/35/9 9/34/9 14/33/9
f 15/40/10 16/39/10 14/38/10 13/37/10
f 14/44/11 9/43/11 10/42/11 13/41/11
f 15/48/12 12/47/12 11/46/12 16/45/12
o cube
v 0.24498050027408502 1.193875315460886 0.3448190666088915
v -0.33592702180685796 1.0083292100171979 0.7930993439687686
v 0.2849400618026534 0.9884815937970464 0.31158718910126404
v -0.2959674602782896 0.8029354883533584 0.7598674664611411
v -0.20134118488540753 1.0064228089085072 0.9667143871967769
v 0.37956633719553556 1.1919689143521954 0.5184341098368999
v -0.16138162335683914 0.8010290872446677 0.9334825096891493
v 0.41952589872410395 0.9865751926883557 0.4852022323292724
vt 0.3645833333333333 0.9479166666666665
vt 0.3920432942708333 0.9479166666666665
vt 0.3920432942708333 0.9126054687499998
vt 0.3645833333333333 0.9126054687499998
vt 0.38541666666666685 0.24864843749999987
vt 0.38541666666666685 0.3747916666666664
vt 0.4119000651041669 0.3747916666666664
vt 0.4119000651041669 0.24864843749999987
vt 0.36458333333333315 0.8645833333333329
vt 0.3920432942708332 0.8645833333333329
vt 0.3920432942708332 0.8292721354166663
vt 0.36458333333333315 0.8292721354166663
vt 0.3437499999999999 0.12364843749999999
vt 0.3437499999999999 0.24979166666666652
vt 0.3702333984374999 0.24979166666666652
vt 0.3702333984374999 0.12364843749999999
vt 0.34375 0.78125
vt 0.3712099609375 0.78125
vt 0.3712099609375 0.6551067708333334
vt 0.34375 0.6551067708333334
vt 0.35416666666666663 0.5729166666666667
vt 0.38162662760416666 0.5729166666666667
vt 0.38162662760416666 0.4467734375000001
vt 0.35416666666666663 0.4467734375000001
vn -0.7675237187634011 -0.2451526816902921 0.5922900503939419
vn -0.6126457955811252 0.008678094594843463 -0.7903099517473973
vn 0.7675237187634011 0.2451526816902921 -0.5922900503939419
vn 0.6126457955811252 -0.008678094594843463 0.7903099517473973
vn -0.1886066549524965 0.9694456422792675 0.15685240314821014
vn 0.1886066549524965 -0.9694456422792675 -0.15685240314821014
usemtl m_3722afce-2475-6df4-1e92-dcadf5eef328
f 20/52/13 23/51/13 21/50/13 18/49/13
f 19/56/14 20/55/14 18/54/14 17/53/14
f 24/60/15 19/59/15 17/58/15 22/57/15
f 23/64/16 24/63/16 22/62/16 21/61/16
f 22/68/17 17/67/17 18/66/17 21/65/17
f 23/72/18 20/71/18 19/70/18 24/69/18
o cube
v 1.4174057568971308 1.1331022176310737 -0.6339578988581533
v 0.2513946094981312 1.2223279507795834 0.33665883043583866
v 1.401013318762472 0.9013117537080304 -0.6323425254208475
v 0.23500217136347268 0.9905374868565402 0.33827420387314455
v 0.3995267594265892 1.2130979910807478 0.5154598780461108
v 1.5655379068255888 1.123872257932238 -0.45515685124788136
v 0.3831343212919305 0.9813075271577045 0.5170752514834165
v 1.5491454686909298 0.8920817940091947 -0.45354147781057547
vt 0.3645833333333333 0.9479166666666665
vt 0.3936302083333333 0.9479166666666665
vt 0.3936302083333333 0.9091874999999997
vt 0.3645833333333333 0.9091874999999997
vt 0.3437500000000002 0.45483333333333376
vt 0.3437500000000002 0.7081249999999997
vt 0.3727968750000003 0.7081249999999997
vt 0.3727968750000003 0.45483333333333376
vt 0.36458333333333315 0.8645833333333329
vt 0.3936302083333331 0.8645833333333329
vt 0.3936302083333331 0.8258541666666662
vt 0.36458333333333315 0.8258541666666662
vt 0.3854166666666665 0.017333333333333978
vt 0.3854166666666665 0.2706249999999999
vt 0.4144635416666666 0.2706249999999999
vt 0.4144635416666666 0.017333333333333978
vt 0.34375 0.7395833333333333
vt 0.37279687499999997 0.7395833333333333
vt 0.37279687499999997 0.48629166666666734
vt 0.34375 0.48629166666666734
vt 0.35416666666666663 0.7916666666666666
vt 0.3832135416666666 0.7916666666666666
vt 0.3832135416666666 0.5383750000000007
vt 0.35416666666666663 0.5383750000000007
vn -0.7672387875630877 0.05871079661030436 0.6386686818845171
vn -0.6374702525162252 0.0397201062886961 -0.7694504469511437
vn 0.7672387875630877 -0.05871079661030436 -0.6386686818845171
vn 0.6374702525162252 -0.0397201062886961 0.7694504469511437
vn 0.07054303662037083 0.9974845139237993 -0.006951580149783277
vn -0.07054303662037083 -0.9974845139237993 0.006951580149783277
usemtl m_3722afce-2475-6df4-1e92-dcadf5eef328
f 28/76/19 31/75/19 29/74/19 26/73/19
f 27/80/20 28/79/20 26/78/20 25/77/20
f 32/84/21 27/83/21 25/82/21 30/81/21
f 31/88/22 32/87/22 30/86/22 29/85/22
f 30/92/23 25/91/23 26/90/23 29/89/23
f 31/96/24 28/95/24 27/94/24 32/93/24
o cube
v 1.1226654335225772 1.1301655091167415 -0.3588058000543607
v 0.2305331383777678 0.871066482327532 -0.06810131625805094
v 1.1660242985098046 0.9266162539638605 -0.40716270874139926
v 0.2738920033649952 0.667517227174651 -0.1164582249450895
v 0.3041931213672733 0.8396964416142982 0.12999161273154114
v 1.1963254165120827 1.0987954684035077 -0.16071287106476861
v 0.3475519863545007 0.6361471864614172 0.08163470404450257
v 1.23968428149931 0.8952462132506267 -0.20906977975180718
vt 0.3912908583333332 0.9479166666666665
vt 0.3645833333333333 0.9479166666666665
vt 0.3645833333333333 0.9123066333333332
vt 0.3912908583333332 0.9123066333333332
vt 0.3541666666666666 0.6145833333333324
vt 0.3541666666666666 0.45234710000000067
vt 0.38087419166666653 0.45234710000000067
vt 0.38087419166666653 0.6145833333333324
vt 0.3912908583333331 0.8645833333333329
vt 0.36458333333333315 0.8645833333333329
vt 0.36458333333333315 0.8289732999999997
vt 0.3912908583333331 0.8289732999999997
vt 0.3333333333333336 0.18749999999999967
vt 0.3333333333333336 0.025263766666668075
vt 0.36004085833333355 0.025263766666668075
vt 0.36004085833333355 0.18749999999999967
vt 0.37045752499999995 0.78125
vt 0.34375 0.78125
vt 0.34375 0.6190137666666684
vt 0.37045752499999995 0.6190137666666684
vt 0.36264502499999995 0.375
vt 0.3359375 0.375
vt 0.3359375 0.2127637666666683
vt 0.36264502499999995 0.2127637666666683
vn -0.9164951182758999 -0.26617464079562614 0.2986431964297258
vn -0.3447529441117517 0.14682210684644972 -0.9271400522399241
vn 0.9164951182758999 0.26617464079562614 -0.2986431964297258
vn 0.3447529441117517 -0.14682210684644972 0.9271400522399241
vn -0.20293374707702933 0.9526774530440454 0.22632623524193382
vn 0.20293374707702933 -0.9526774530440454 -0.22632623524193382
usemtl m_3722afce-2475-6df4-1e92-dcadf5eef328
f 36/100/25 39/99/25 37/98/25 34/97/25
f 35/104/26 36/103/26 34/102/26 33/101/26
f 40/108/27 35/107/27 33/106/27 38/105/27
f 39/112/28 40/111/28 38/110/28 37/109/28
f 38/116/29 33/115/29 34/114/29 37/113/29
f 39/120/30 36/119/30 35/118/30 40/117/30
o cube
v 0.2894631159712526 0.6879306612989948 -0.09978450662106925
v -0.31266039329485895 0.473775311293269 0.06075183882928126
v 0.3394051026157574 0.6721721639391076 0.06651103016562043
v -0.2627184066503543 0.4580168139333819 0.227047375615971
v -0.36286804505437853 0.6379022360303648 0.09138322967842827
v 0.23925546421173305 0.8520575860360906 -0.06915311577192229
v -0.31292605840987386 0.6221437386704776 0.2576787664651179
v 0.2891974508562378 0.8362990886762032 0.09714242101476744
vt 0.38637665865333337 0.9895833333333331
vt 0.3645833333333333 0.9895833333333331
vt 0.3645833333333333 0.9605255662399997
vt 0.38637665865333337 0.9605255662399997
vt 0.34375 0.23958333333333226
vt 0.34375 0.12976186804666723
vt 0.36554332532 0.12976186804666723
vt 0.36554332532 0.23958333333333226
vt 0.38637665865333315 0.9062499999999997
vt 0.36458333333333315 0.9062499999999997
vt 0.36458333333333315 0.8771922329066663
vt 0.38637665865333315 0.8771922329066663
vt 0.37595999198666685 0.29642853471333463
vt 0.37595999198666685 0.40624999999999967
vt 0.3541666666666668 0.40624999999999967
vt 0.3541666666666668 0.29642853471333463
vt 0.36554332532 0.8229166666666666
vt 0.34375 0.8229166666666666
vt 0.34375 0.7130952013800016
vt 0.36554332532 0.7130952013800016
vt 0.36554332531999967 0.6458333333333333
vt 0.34374999999999967 0.6458333333333333
vt 0.34374999999999967 0.5360118680466683
vt 0.36554332531999967 0.5360118680466683
vn -0.9137914700834352 -0.3250053005677896 0.24363231272882346
vn 0.2879760834011143 -0.9413829826744835 -0.1756925021731089
vn 0.9137914700834352 0.3250053005677896 -0.24363231272882346
vn -0.2879760834011143 0.9413829826744835 0.1756925021731089
vn -0.28645230770882074 0.0903860306338003 -0.9538214931917592
vn 0.28645230770882074 -0.0903860306338003 0.9538214931917592
usemtl m_3722afce-2475-6df4-1e92-dcadf5eef328
f 44/124/31 47/123/31 45/122/31 42/121/31
f 43/128/32 44/127/32 42/126/32 41/125/32
f 48/132/33 43/131/33 41/130/33 46/129/33
f 47/136/34 48/135/34 46/134/34 45/133/34
f 46/140/35 41/139/35 42/138/35 45/137/35
f 47/144/36 44/143/36 43/142/36 48/141/36