# Made in Blockbench 4.12.3
mtllib birch_twig_branch_up_3.mtl

o cube
v 0.47311472215945205 0.23933350105881246 -0.37303843008146054
v 0.5272712729046005 0.31133299528805425 -0.15040804266069396
v 0.52863149461801 0.2639640590419934 -0.13541963710516636
v 0.4744749438728614 0.19196456481275148 -0.35805002452593293
v 0.42625743827963525 0.24138472980149384 -0.36230341107581754
v 0.4276176599930446 0.19401579355543286 -0.34731500552028993
v 0.4804139890247838 0.3133842240307356 -0.13967302365505102
v 0.48177421073819315 0.26601528778467465 -0.12468461809952341
vt 0.33333341026512714 0.7959325358741108
vt 0.4133894425359772 0.7959325358741108
vt 0.4133887404452587 0.8125
vt 0.3333333333333333 0.8124980126766502
vt 0.9535395939001389 0.8750000000000001
vt 0.9375006578500744 0.8750000000000001
vt 0.9374999999999997 0.8584334830735555
vt 0.9535389360500641 0.8584334830735555
vt 0.5175561092026438 0.8541666666666666
vt 0.4375000769317938 0.8541666666666666
vt 0.4375 0.8376011898641273
vt 0.5175554071119253 0.8375992025407775
vt 0.9332331835931104 0.7964610639499355
vt 0.9332331835931104 0.8124999999999999
vt 0.9166666666666656 0.8124993421499253
vt 0.9166666666666656 0.7964604060998609
vt 0.3717244291522707 0.8541666666666666
vt 0.2916666666666667 0.8541666666666666
vt 0.2916684169762395 0.8381280072767209
vt 0.3717241168777426 0.8381277139772075
vt 0.6425575089723385 0.7916666666666666
vt 0.5625018090702981 0.7916666666666666
vt 0.5625 0.7756280072832412
vt 0.6425577624850668 0.7756277139761711
vn 0.973860207415904 -0.04263179346734387 -0.22311169085821161
vn -0.2254935097583331 -0.2997867927552777 -0.9269738701529686
vn -0.973860207415904 0.042631793467345976 0.22311169085821148
vn 0.2254935097583326 0.2997867927552777 0.9269738701529688
vn 0.02736737964660266 -0.9530532036960276 0.3015636209094479
vn -0.02736737964660265 0.9530532036960276 -0.3015636209094478
usemtl m_7cbccec9-fc37-f7bf-4558-988d219157db
f 1/1/1 2/2/1 3/3/1 4/4/1
f 5/5/2 1/6/2 4/7/2 6/8/2
f 7/9/3 5/10/3 6/11/3 8/12/3
f 2/13/4 7/14/4 8/15/4 3/16/4
f 8/17/5 6/18/5 4/19/5 3/20/5
f 2/21/6 1/22/6 5/23/6 7/24/6
o cube
v 0.5385742287145905 0.3139344049855274 -0.15850721779632732
v 0.6290122914874967 0.423708576913165 0.27742705532232015
v 0.6281506078457437 0.36525544004878974 0.2923251124277666
v 0.5377125450728375 0.255481268121152 -0.1436091606908808
v 0.47281680206034227 0.3181125477210782 -0.1459174251166006
v 0.47195511841858906 0.25965941085670285 -0.1310193680111541
v 0.5632548648332485 0.42788671964871583 0.29001684800204686
v 0.5623931811914953 0.36943358278434046 0.3049149051074933
vt 0.354166810633112 0.7298917043114335
vt 0.5070163741342879 0.7298917043114332
vt 0.5070182526834318 0.75
vt 0.3541666666666667 0.7499995002916164
vt 0.9374999999999996 0.8958333333333343
vt 0.9166678129770492 0.8958333333333343
vt 0.9166666666666662 0.8757252718959209
vt 0.937498729094593 0.8757231928595536
vt 0.4028497074676212 0.875
vt 0.2500001439664454 0.8749999999999999
vt 0.25 0.8548922040198169
vt 0.40285158601676513 0.8548917043114334
vt 0.936776807140448 0.7916678129770498
vt 0.936776807140448 0.8125
vt 0.9166666666666673 0.8124987290945934
vt 0.9166687457030346 0.7916666666666666
vt 0.611185253961623 0.8125
vt 0.4583333333333333 0.8125
vt 0.4583348213044048 0.7916666666666666
vt 0.611184201148688 0.7916680563462125
vt 0.6736839829307145 0.8958333333333333
vt 0.520834603079153 0.8958333333333334
vt 0.5208333333333334 0.875
vt 0.6736852539543445 0.8750013897026453
vn 0.9802539581603423 -0.06228408200669463 -0.18767757095498974
vn -0.19722617549429058 -0.23939411607815547 -0.950679910846471
vn -0.9802539581603423 0.062284082006698264 0.18767757095498888
vn 0.19722617549429058 0.2393941160781539 0.9506799108464715
vn -0.014283319322816304 -0.9689226750962854 0.24695108113426176
vn 0.014283319322816354 0.9689226750962855 -0.24695108113426184
usemtl m_7cbccec9-fc37-f7bf-4558-988d219157db
f 9/25/7 10/26/7 11/27/7 12/28/7
f 13/29/8 9/30/8 12/31/8 14/32/8
f 15/33/9 13/34/9 14/35/9 16/36/9
f 10/37/10 15/38/10 16/39/10 11/40/10
f 16/41/11 14/42/11 12/43/11 11/44/11
f 10/45/12 9/46/12 13/47/12 15/48/12
o cube
v 0.6386077434746018 0.4274446818574642 0.26954307212856954
v 0.7222999895850806 0.4264309859713511 0.8789915760422562
v 0.7150711411975363 0.35075976950934784 0.8798584104903324
v 0.6313788950870576 0.35177346539546084 0.2704099065766459
v 0.5502320121038728 0.436026375224031 0.2816935042648061
v 0.5430031637163286 0.3603551587620277 0.28256033871288255
v 0.6339242582143516 0.435012679337918 0.8911420081784927
v 0.6266954098268074 0.3593414628759146 0.8920088426265691
vt 0.47588990400221237 0.7916666666666666
vt 0.27083337625848874 0.7916666666666665
vt 0.2708333333333333 0.7663249657459763
vt 0.47588986450598947 0.766327049076488
vt 0.9465393462894793 0.854166666666666
vt 0.9166666666666664 0.8541666666666659
vt 0.9166674125986147 0.8288272456368921
vt 0.9465400922214275 0.8288272456368921
vt 0.3541667095918221 0.7246582990793098
vt 0.5592232373355457 0.7246582990793096
vt 0.5592231978393228 0.7499979166694883
vt 0.3541666666666667 0.75
vt 0.9420060876964408 0.8034599077785718
vt 0.9420060876964408 0.8333325874013847
vt 0.916666666666667 0.8333333333333329
vt 0.916666666666667 0.8034606537105201
vt 0.5833333333333334 0.720126817672545
vt 0.7883907884953798 0.720126817672545
vt 0.788391235799723 0.75
vt 0.5833337806376764 0.75
vt 0.500000447304343 0.8034601510058784
vt 0.7050579024663897 0.8034601510058784
vt 0.7050574551620464 0.8333333333333334
vt 0.5 0.8333333333333333
vn 0.9861282074141449 -0.09575762219891082 -0.13557889339044
vn -0.13604756759602446 0.0016478331744825324 -0.9907009357000902
vn -0.9861282074141446 0.09575762219891126 0.13557889339044
vn 0.13604756759602338 -0.0016478331744809727 0.9907009357000903
vn -0.09509057731116247 -0.9954033164685762 0.011402616804470777
vn 0.09509057731116127 0.9954033164685763 -0.011402616804470609
usemtl m_7cbccec9-fc37-f7bf-4558-988d219157db
f 17/49/13 18/50/13 19/51/13 20/52/13
f 21/53/14 17/54/14 20/55/14 22/56/14
f 23/57/15 21/58/15 22/59/15 24/60/15
f 18/61/16 23/62/16 24/63/16 19/64/16
f 24/65/17 22/66/17 20/67/17 19/68/17
f 18/69/18 17/70/18 21/71/18 23/72/18
o cube
v 0.937723426509925 0.6692037649592566 0.18396283931408186
v 0.6364984957612259 0.35832667137826846 0.8343012274516852
v 0.6204091009057608 0.46543582253839755 0.8780496133326705
v 0.92163403165446 0.7763129161193858 0.22771122519506704
v 1.0413413691967057 0.6658253759584079 0.23034183893450155
v 1.0252519743412407 0.772934527118537 0.27409022481548684
v 0.7401164384480063 0.3549482823774195 0.880680227072105
v 0.7240270435925416 0.4620574335375487 0.9244286129530901
vt 0.46874432384647347 0.8541666666666665
vt 0.20833333333333334 0.8541666666666666
vt 0.20833436485581683 0.8152298062321316
vt 0.4687442736287121 0.815227065722398
vt 4.186948320642851e-7 0.9610628602678736
vt 0.03785781083635372 0.9610628602678736
vt 0.03785739214152158 1
vt 0 1
vt 0.3541666666666667 0.7110603990557316
vt 0.6145776571798068 0.7110603990557316
vt 0.6145776069620454 0.75
vt 0.35416769818915017 0.7499972594902666
vt 0.9166666666666662 0.8124999999999999
vt 0.9166666666666662 0.7746426078584782
vt 0.9556038063987927 0.7746421891636461
vt 0.9556038063987927 0.8124995813051678
vt 0.375 0.7538071109536433
vt 0.6354099859559734 0.7538071109536434
vt 0.635410629289144 0.7916666666666666
vt 0.3750007986371548 0.7916645891300362
vt 0.5000011006622259 0.7954737776266475
vt 0.7604109313225026 0.7954737776266475
vt 0.7604099859476863 0.8333333333333334
vt 0.5 0.8333312557954642
vn -0.9123368298474903 0.029746090600766963 -0.40835851772407344
vn 0.38557755079710626 0.39793262809937013 -0.8324539481648422
vn 0.9123368298474904 -0.029746090600767227 0.40835851772407356
vn -0.38557755079710854 -0.3979326280993686 0.8324539481648416
vn -0.13773692760162673 0.9169322731739241 0.3745180171726919
vn 0.13773692760162648 -0.916932273173924 -0.3745180171726919
usemtl m_7cbccec9-fc37-f7bf-4558-988d219157db
f 25/73/19 26/74/19 27/75/19 28/76/19
f 29/77/20 25/78/20 28/79/20 30/80/20
f 31/81/21 29/82/21 30/83/21 32/84/21
f 26/85/22 31/86/22 32/87/22 27/88/22
f 32/89/23 30/90/23 28/91/23 27/92/23
f 26/93/24 25/94/24 29/95/24 31/96/24
o cube
v 0.6383165527360499 0.6924113077289467 -0.49200485815261197
v 0.7629135325412388 0.7501719286765733 -0.12164786376588566
v 0.7569211174281016 0.7973531739219704 -0.12699022593970344
v 0.6323241376229123 0.7395925529743437 -0.4973472203264297
v 0.6811473807406083 0.696153521898315 -0.5069978095757652
v 0.6751549656274709 0.743334767143712 -0.5123401717495829
v 0.8057443605457975 0.7539141428459417 -0.13664081518903892
v 0.79975194543266 0.8010953880913387 -0.1419831773628567
vt 0.4166666666666667 0.7132129366887756
vt 0.5483333133076198 0.7132129366887756
vt 0.54833454969362 0.7291666666666665
vt 0.41666790305266693 0.7291666666666667
vt 0.9374999999999994 0.9374979908027391
vt 0.9374999999999994 0.9223203911489731
vt 0.953453209849726 0.9223203242329242
vt 0.9534530365543173 0.937500000000001
vt 0.5274999799742864 0.7916666666666666
vt 0.3958333333333333 0.7916666666666666
vt 0.39583456971933356 0.7757129366887755
vt 0.5275012163602867 0.7757129366887756
vt 0.9375000669160478 0.9007134568169395
vt 0.9526776665698139 0.9007134568169395
vt 0.9526796757670758 0.9166664933712574
vt 0.937499999999999 0.9166666666666661
vt 0.6108351822951665 0.75
vt 0.4791666666666667 0.75
vt 0.47916768890310285 0.734822668333186
vt 0.6108333676450163 0.7348234637136306
vt 0.7149999426291987 0.7708333333333334
vt 0.583334263884883 0.7708333333333334
vt 0.5833333333333334 0.755656001660621
vt 0.7150018489594306 0.755656797058203
vn -0.9406504498920725 -0.08218649057248982 0.3292751309850471
vn -0.3154353919118725 -0.1462294201205741 -0.9376126440170292
vn 0.9406504498920717 0.08218649057249457 -0.32927513098504824
vn 0.3154353919118711 0.14622942012057363 0.9376126440170298
vn -0.12520880419222785 0.985830785408215 -0.1116262419602782
vn 0.12520880419222855 -0.9858307854082148 0.11162624196027802
usemtl m_7cbccec9-fc37-f7bf-4558-988d219157db
f 33/97/25 34/98/25 35/99/25 36/100/25
f 37/101/26 33/102/26 36/103/26 38/104/26
f 39/105/27 37/106/27 38/107/27 40/108/27
f 34/109/28 39/110/28 40/111/28 35/112/28
f 40/113/29 38/114/29 36/115/29 35/116/29
f 34/117/30 33/118/30 37/119/30 39/120/30
o cube
v 0.7427732123937285 0.7356496501091936 -0.1451131276155173
v 0.911851483540719 0.6876872428392855 0.27728289002056306
v 0.9133538556290262 0.7590633762989627 0.28478616319243377
v 0.7442755844820357 0.8070257835688706 -0.13760985444364654
v 0.8097931136796208 0.7370424777787372 -0.17178195308636368
v 0.811295485767928 0.8084186112384142 -0.16427867991449296
v 0.9788713848266113 0.6890800705088291 0.2506140645497166
v 0.9803737569149185 0.7604562039685061 0.2581173377215874
vt 0.48583381576613344 0.8125
vt 0.33333490808277316 0.8124999999999999
vt 0.3333333333333333 0.7916682802544296
vt 0.485834531305184 0.7916666666666666
vt 0.9375 0.9166666666666674
vt 0.9375 0.8958335602001578
vt 0.9583333333333331 0.895833333333334
vt 0.9583333333333334 0.9166664397998437
vt 0.3541682414161065 0.8333333333333335
vt 0.5066671490994669 0.8333333333333334
vt 0.5066678646385173 0.8541666666666666
vt 0.3541666666666667 0.8541650530789038
vt 0.9166668935334896 0.9166666666666675
vt 0.9374999999999992 0.9166666666666675
vt 0.9374997731331756 0.9375000000000009
vt 0.916666666666666 0.9375000000000008
vt 0.520833644269418 0.7916666666666666
vt 0.6733329424946932 0.7916666666666667
vt 0.6733343030997704 0.812497898283321
vt 0.5208333333333334 0.8125
vt 0.5416666666666666 0.8333333333333334
vt 0.6941676364524038 0.8333333333333334
vt 0.6941666584303902 0.8541645649730237
vt 0.5416673602244146 0.8541666666666666
vn -0.9289671735983743 -0.019306074146037924 0.3696583096289272
vn -0.3695699915781212 0.10483586288504461 -0.9232699839040018
vn 0.9289671735983742 0.019306074146037563 -0.36965830962892726
vn 0.36956999157812254 -0.10483586288504529 0.9232699839040012
vn 0.02092872909651424 0.9943021257918622 0.10452402089562474
vn -0.020928729096514134 -0.9943021257918622 -0.1045240208956247
usemtl m_7cbccec9-fc37-f7bf-4558-988d219157db
f 41/121/31 42/122/31 43/123/31 44/124/31
f 45/125/32 41/126/32 44/127/32 46/128/32
f 47/129/33 45/130/33 46/131/33 48/132/33
f 42/133/34 47/134/34 48/135/34 43/136/34
f 48/137/35 46/138/35 44/139/35 43/140/35
f 42/141/36 41/142/36 45/143/36 47/144/36
o cube
v 1.3350267583438764 0.6710303784797826 -0.813200125362519
v 1.2625290938505036 0.7072650846537589 -0.5569799006729417
v 1.2676687800446529 0.743725964383807 -0.5606819270048111
v 1.3401664445380257 0.7074912582098305 -0.8169021516943884
v 1.3683113194077081 0.6673475592647686 -0.8032614141774517
v 1.3734510056018576 0.7038084389948165 -0.8069634405093211
v 1.2958136549143355 0.7035822654387449 -0.5470411894878744
v 1.3009533411084848 0.740043145168793 -0.5507432158197438
vt 0.5 0.7793297974529211
vt 0.5895775327821674 0.7793297974529211
vt 0.5895773799621947 0.791664602579528
vt 0.5000001297080111 0.7916666666666666
vt 0.9166666666666661 0.904329982878023
vt 0.9283119948086603 0.904329982878023
vt 0.9283103798757549 0.9166648169293001
vt 0.9166673449906652 0.9166666666666669
vt 0.5687441994488341 0.8125
vt 0.4791666666666667 0.8125
vt 0.47916679637467774 0.8001631307862543
vt 0.5687440466288615 0.8001651948733931
vt 0.9166666666666666 0.9166666666666674
vt 0.9166666666666666 0.9050213385246731
vt 0.9290033504553107 0.9050220168486723
vt 0.929001500717944 0.9166650517337619
vt 0.7770777035294948 0.8125
vt 0.6875 0.8125
vt 0.6875003799172865 0.800855553532425
vt 0.7770780834467811 0.800855553532425
vt 0.7354114167801146 0.8958333333333334
vt 0.6458337132506199 0.8958333333333334
vt 0.6458333333333334 0.8841888868657585
vt 0.735411036862828 0.8841888868657584
vn -0.9528548843873385 0.10543003017560364 -0.2845207866507531
vn 0.26977536160952514 -0.1348351154373113 -0.9534362830905153
vn 0.9528548843873379 -0.1054300301756098 0.28452078665075303
vn -0.26977536160952365 0.1348351154373103 0.9534362830905159
vn 0.13888420920912062 0.9852431173990396 -0.10003587381624543
vn -0.1388842092091212 -0.9852431173990396 0.10003587381624446
usemtl m_7cbccec9-fc37-f7bf-4558-988d219157db
f 49/145/37 50/146/37 51/147/37 52/148/37
f 53/149/38 49/150/38 52/151/38 54/152/38
f 55/153/39 53/154/39 54/155/39 56/156/39
f 50/157/40 55/158/40 56/159/40 51/160/40
f 56/161/41 54/162/41 52/163/41 51/164/41
f 50/165/42 49/166/42 53/167/42 55/168/42
o cube
v 1.2537636073795437 0.6964244243350131 -0.5668815556457931
v 1.1169073121860797 0.7498809584730077 -0.16706323648680033
v 1.1273524248464009 0.801854805761236 -0.17043692462373583
v 1.2642087200398648 0.7483982716232411 -0.5702552437827286
v 1.3055715974515156 0.6872434389319997 -0.5479203603252962
v 1.3160167101118367 0.739217286220228 -0.5512940484622317
v 1.1687153022580516 0.7406999730699944 -0.14810204116630332
v 1.1791604149183728 0.7926738203582224 -0.15147572930323888
vt 0.6041666666666666 0.7531249605623771
vt 0.746153838442094 0.7531249605623772
vt 0.7461544782323847 0.7708312669299104
vt 0.6041675715129348 0.7708333333333334
vt 0.895833333333333 0.815624813194686
vt 0.9144758477027493 0.815624813194686
vt 0.9144771961736898 0.8333312787311148
vt 0.8958350266049407 0.8333333333333337
vt 0.558653838442094 0.7708333333333334
vt 0.4166666666666667 0.7708333333333334
vt 0.4166675715129348 0.7531249605623772
vt 0.5586544782323847 0.7531270269658
vt 0.916666666666667 0.8124986515290594
vt 0.916666666666667 0.7938561371596432
vt 0.9343751868053145 0.7938578304312509
vt 0.9343731322030958 0.8125000000000001
vt 0.6628198629183633 0.8333333333333334
vt 0.5208338503052267 0.8333333333333334
vt 0.5208333333333334 0.8146904557814828
vt 0.6628193459464699 0.8146904557814827
vt 0.43365267927980317 0.9375
vt 0.2916666666666667 0.9374999999999999
vt 0.29166718363856003 0.9188571224481493
vt 0.43365319625169657 0.9188571224481493
vn -0.9263419618608482 0.16415869479260534 -0.33903169854717624
vn 0.32128906510780886 -0.1254966010355673 -0.9386287550308001
vn 0.9263419618608482 -0.16415869479260528 0.33903169854717613
vn -0.3212890651078104 0.12549660103556856 0.9386287550307996
vn 0.19663139713164707 0.978418379862372 -0.06351037403092193
vn -0.1966313971316511 -0.9784183798623715 0.06351037403092111
usemtl m_7cbccec9-fc37-f7bf-4558-988d219157db
f 57/169/43 58/170/43 59/171/43 60/172/43
f 61/173/44 57/174/44 60/175/44 62/176/44
f 63/177/45 61/178/45 62/179/45 64/180/45
f 58/181/46 63/182/46 64/183/46 59/184/46
f 64/185/47 62/186/47 60/187/47 59/188/47
f 58/189/48 57/190/48 61/191/48 63/192/48
o cube
v 1.1180210977542555 0.7413126281078779 -0.2113909734558428
v 0.929883224562007 0.6832060683351635 0.2710205426609198
v 0.9399346922082954 0.7510128764954995 0.283107903559219
v 1.128072565400544 0.8091194362682141 -0.1993036125575437
v 1.1861208493416844 0.7267950804377827 -0.18658108132582818
v 1.196172316987973 0.7946018885981188 -0.1744937204275291
v 0.9979829761494359 0.6686885206650681 0.2958304347909344
v 1.0080344437957243 0.7364953288254044 0.3079177956892336
vt 0.48618305677316204 0.7291666666666667
vt 0.3125 0.7291666666666665
vt 0.31250096964817103 0.7083351918069911
vt 0.48618426334814896 0.7083333333333333
vt 0.9375004712966116 0.8750000000000009
vt 0.9583333333333339 0.8750000000000009
vt 0.9583328620367229 0.8958333333333343
vt 0.9375000000000006 0.8958333333333343
vt 0.4166666666666667 0.7500000000000001
vt 0.5903497234398287 0.75
vt 0.5903509300148156 0.7708333333333334
vt 0.41666763631483766 0.7708314748596755
vt 0.9166666666666657 0.8124999999999991
vt 0.9166666666666657 0.7916671379632769
vt 0.9374999999999991 0.7916666666666657
vt 0.9374999999999991 0.812499528703388
vt 0.5000012970542195 0.7083333333333335
vt 0.6736854610525089 0.7083333333333333
vt 0.6736851926654421 0.7291666666666667
vt 0.5 0.72916513491299
vt 0.6458333333333334 0.7291666666666667
vt 0.8195185260082241 0.7291666666666667
vt 0.8195185373783721 0.75
vt 0.6458343733895311 0.7499984682553952
vn -0.9212881893136292 0.19640079287345408 -0.33564088068930675
vn 0.3610745095331535 0.11151820319108478 -0.9258449594410637
vn 0.9212881893136288 -0.19640079287345633 0.3356408806893063
vn -0.36107450953315406 -0.11151820319108609 0.9258449594410633
vn 0.14440661618017311 0.9741613926427743 0.1736557234521298
vn -0.14440661618017062 -0.974161392642775 -0.17365572345212887
usemtl m_7cbccec9-fc37-f7bf-4558-988d219157db
f 65/193/49 66/194/49 67/195/49 68/196/49
f 69/197/50 65/198/50 68/199/50 70/200/50
f 71/201/51 69/202/51 70/203/51 72/204/51
f 66/205/52 71/206/52 72/207/52 67/208/52
f 72/209/53 70/210/53 68/211/53 67/212/53
f 66/213/54 65/214/54 69/215/54 71/216/54
o cube
v 0.6021684927747792 0.48358002909463693 0.8691706324647676
v 0.7390685436136176 0.4886963317609347 0.9127700064645491
v 0.7683372000834999 0.3627668941790364 0.7991046540641379
v 0.6314371492446615 0.35765059151273865 0.7555052800643565
v 0.5939008971543144 -0.04818977887981192 1.4304072150905527
v 0.4576853465696702 -0.05328050003277819 1.38702583796077
v 0.5568294596844683 0.05250985153186187 1.534992934297052
v 0.4206139090998241 0.0474191303788956 1.4916115571672695
vt 0.29782399073658455 0.8302481405731711
vt 0.25 0.8333333333333334
vt 0.25 0.7759512094412961
vt 0.2978239907365845 0.772866016681134
vt 0.695212375954347 0.9583333333333334
vt 0.695212375954347 0.997105952106005
vt 0.4375012981506173 1
vt 0.4375 0.9614198986035839
vt 0.3541666666666667 0.8541666666666666
vt 0.3541666666666666 0.8958333333333334
vt 0.3125 0.8958323459351288
vt 0.3125000962829395 0.8541674147175748
vt 0.5506786568740099 0.7291666666666667
vt 0.8111565183256572 0.7291666666666667
vt 0.7992506112206503 0.6806597798850655
vt 0.5416666666666666 0.6726172074928605
vt 0.5003638631550428 0.7794327767563175
vt 0.5093816563266517 0.8361031609869615
vt 0.25177335247679916 0.827844769877723
vt 0.23990707870349448 0.7794327767563178
vt 0.8854973110365231 0.4375
vt 0.625020283631887 0.4374999999999999
vt 0.625 0.3960401040448903
vt 0.8854742824408781 0.39583333333333337
vn 0.19875995327642354 0.6817209874366873 -0.7040958572963641
vn 0.19025822776046497 -0.8459724371951886 -0.49812894141525227
vn -0.17896618963927236 -0.739663815386288 0.6487438193726391
vn 0.9521563333083474 0.035237367741862945 0.3035731293369493
vn -0.9657213739500549 0.009683568944169375 -0.2594001857912249
vn -0.19761744187952296 0.8289599876015044 0.5232329171800139
usemtl m_7cbccec9-fc37-f7bf-4558-988d219157db
f 73/217/55 74/218/55 75/219/55 76/220/55
f 76/221/56 75/222/56 77/223/56 78/224/56
f 77/225/57 79/226/57 80/227/57 78/228/57
f 74/229/58 79/230/58 77/231/58 75/232/58
f 73/233/59 76/234/59 78/235/59 80/236/59
f 73/237/60 80/238/60 79/239/60 74/240/60