# Made in Blockbench 4.8.1
mtllib birch_twig_branch_down_5.mtl

o cube
v 0.17989103900765424 0.5591742461887241 -1.0183235909289514
v 0.08880361650843382 0.5517411237345489 -0.9905824229368703
v 0.198984660212278 0.47168954490545456 -0.9790713054984685
v 0.1078972377130577 0.46425642245127907 -0.9513301375063874
v 0.27916216674028527 0.9177252570514793 -0.2674811253900649
v 0.3702495892395057 0.9251583795056548 -0.29522229338214595
v 0.29825578794490903 0.8302405557682095 -0.22822883995958204
v 0.38934321044412945 0.837673678222385 -0.2559700079516631
vt 0.36378369140625 0.5963708333333344
vt 0.36378369140625 0.7351208333333334
vt 0.3515625 0.7351208333333334
vt 0.3515625 0.5963708333333344
vt 0.35597119140625 0.54211953125
vt 0.35597119140625 0.5580375
vt 0.34375 0.5580375
vt 0.34375 0.54211953125
vt 0.41847119140625 0.6172041666666677
vt 0.41847119140625 0.7559541666666667
vt 0.40625 0.7559541666666667
vt 0.40625 0.6172041666666677
vt 0.35597119140625 0.54211953125
vt 0.35597119140625 0.5580375
vt 0.34375 0.5580375
vt 0.34375 0.54211953125
vt 0.40256347656249997 0.5963708333333344
vt 0.40256347656249997 0.7351208333333334
vt 0.390625 0.7351208333333334
vt 0.390625 0.5963708333333344
vt 0.33225097656249997 0.5130375000000009
vt 0.33225097656249997 0.6517875
vt 0.3203125 0.6517875
vt 0.3203125 0.5130375000000009
vn -0.9537169799509398 -0.07782737620731751 0.2904596730459211
vn -0.22865891919742065 -0.43962058056088066 -0.8685901472033758
vn 0.9537169799509398 0.07782737620731751 -0.2904596730459211
vn 0.22865891919742065 0.43962058056088066 0.8685901472033758
vn -0.19529214225033778 0.8948053669150624 -0.40147768868926553
vn 0.19529214225033778 -0.8948053669150624 0.40147768868926553
usemtl m_890a103a-2c95-a057-8483-4c3958a0f191
f 4/4/1 7/3/1 5/2/1 2/1/1
f 3/8/2 4/7/2 2/6/2 1/5/2
f 8/12/3 3/11/3 1/10/3 6/9/3
f 7/16/4 8/15/4 6/14/4 5/13/4
f 6/20/5 1/19/5 2/18/5 5/17/5
f 7/24/6 4/23/6 3/22/6 8/21/6
o cube
v -0.1527398190621328 0.3166647492858039 -1.2197863699205245
v -0.17762988109630068 0.298280881023551 -1.1731633332759115
v -0.11722485102650143 0.27116246622108386 -1.2187683800281761
v -0.1421149130606693 0.25277859795883095 -1.1721453433835631
v 0.12016479507906563 0.5363695434519855 -0.9203029574463956
v 0.14505485711323352 0.5547534117142383 -0.9669259940910085
v 0.155679763114697 0.49086726038726547 -0.9192849675540471
v 0.18056982514886488 0.5092511286495185 -0.9659080041986602
vt 0.34864697265625 0.627620833333334
vt 0.34864697265625 0.7038708333333334
vt 0.34375 0.7038708333333334
vt 0.34375 0.627620833333334
vt 0.36427197265625 0.3531546875
vt 0.36427197265625 0.36012083333333333
vt 0.359375 0.36012083333333333
vt 0.359375 0.3531546875
vt 0.41895947265625 0.7005375000000007
vt 0.41895947265625 0.7767875000000001
vt 0.4140625 0.7767875000000001
vt 0.4140625 0.7005375000000007
vt 0.34864697265625 0.5510713541666667
vt 0.34864697265625 0.5580375
vt 0.34375 0.5580375
vt 0.34375 0.5510713541666667
vt 0.427099609375 0.25262083333333407
vt 0.427099609375 0.32887083333333333
vt 0.421875 0.32887083333333333
vt 0.421875 0.25262083333333407
vt 0.403662109375 0.7005375000000007
vt 0.403662109375 0.7767875000000001
vt 0.3984375 0.7767875000000001
vt 0.3984375 0.7005375000000007
vn -0.44480669324585936 -0.3285354467809214 0.833193534451717
vn -0.6509173249734839 -0.5204123768927577 -0.5527002750371981
vn 0.44480669324585936 0.3285354467809214 -0.833193534451717
vn 0.6509173249734839 0.5204123768927577 0.5527002750371981
vn -0.6151858594709797 0.7881848883258871 -0.017633494312279674
vn 0.6151858594709797 -0.7881848883258871 0.017633494312279674
usemtl m_890a103a-2c95-a057-8483-4c3958a0f191
f 12/28/7 15/27/7 13/26/7 10/25/7
f 11/32/8 12/31/8 10/30/8 9/29/8
f 16/36/9 11/35/9 9/34/9 14/33/9
f 15/40/10 16/39/10 14/38/10 13/37/10
f 14/44/11 9/43/11 10/42/11 13/41/11
f 15/48/12 12/47/12 11/46/12 16/45/12
o cube
v -0.34456668480864766 0.07862177560655081 -1.3591131683189066
v -0.3610224554494209 0.06887603279757692 -1.3219485767096173
v -0.3168372209411694 0.05143137375485596 -1.3539652835772442
v -0.3332929915819427 0.04168563094588218 -1.316800691967955
v -0.1660111402096086 0.29534508973534856 -1.176213875357632
v -0.1495553695688353 0.30509083254432245 -1.2133784669669214
v -0.13828167634213034 0.2681546878836537 -1.17106599061597
v -0.1218259057013571 0.2779004306926276 -1.2082305822252593
vt 0.36427197265625 0.8151208333333341
vt 0.36427197265625 0.8913708333333333
vt 0.359375 0.8913708333333333
vt 0.359375 0.8151208333333341
vt 0.36427197265625 0.3531546875
vt 0.36427197265625 0.36012083333333333
vt 0.359375 0.36012083333333333
vt 0.359375 0.3531546875
vt 0.41895947265625 0.7005375000000007
vt 0.41895947265625 0.7767875000000001
vt 0.4140625 0.7767875000000001
vt 0.4140625 0.7005375000000007
vt 0.34864697265625 0.5510713541666667
vt 0.34864697265625 0.5580375
vt 0.34375 0.5580375
vt 0.34375 0.5510713541666667
vt 0.434912109375 0.2630375000000007
vt 0.434912109375 0.3392875000000001
vt 0.4296875 0.3392875000000001
vt 0.4296875 0.2630375000000007
vt 0.403662109375 0.7005375000000007
vt 0.403662109375 0.7767875000000001
vt 0.3984375 0.7767875000000001
vt 0.3984375 0.7005375000000007
vn -0.3937081573867214 -0.23316917374740992 0.8891715375680347
vn -0.5865001962099687 -0.6811099456775169 -0.4382998536901859
vn 0.3937081573867214 0.23316917374740992 -0.8891715375680347
vn 0.5865001962099687 0.6811099456775169 0.4382998536901859
vn -0.7078215923895094 0.6940615090272046 -0.13140477553749272
vn 0.7078215923895094 -0.6940615090272046 0.13140477553749272
usemtl m_890a103a-2c95-a057-8483-4c3958a0f191
f 20/52/13 23/51/13 21/50/13 18/49/13
f 19/56/14 20/55/14 18/54/14 17/53/14
f 24/60/15 19/59/15 17/58/15 22/57/15
f 23/64/16 24/63/16 22/62/16 21/61/16
f 22/68/17 17/67/17 18/66/17 21/65/17
f 23/72/18 20/71/18 19/70/18 24/69/18
o cube
v 0.7202482710785225 0.25230456939758505 -1.0178523792894918
v 0.6720804906331677 0.25275954021255664 -1.020021660296665
v 0.7184700747198511 0.218449767041758 -0.9854689192663854
v 0.6703022942744963 0.2189047378567296 -0.9876382002735588
v 0.6634456901586498 0.4827525264660807 -0.7800530863230051
v 0.7116134706040045 0.4822975556511091 -0.7778838053158318
v 0.6616674937999782 0.44889772411025364 -0.7476696262998987
v 0.7098352742453331 0.44844275329528216 -0.7455003452927255
vt 0.4199228515625001 0.7559541666666667
vt 0.4199228515625001 0.7005375
vt 0.4140625 0.7005375
vt 0.4140625 0.7559541666666667
vt 0.3808603515625001 0.8913708333333333
vt 0.3808603515625001 0.8833343750000001
vt 0.375 0.8833343750000001
vt 0.375 0.8913708333333333
vt 0.3730478515625001 0.8913708333333333
vt 0.3730478515625001 0.8359541666666667
vt 0.3671875 0.8359541666666667
vt 0.3671875 0.8913708333333333
vt 0.3808603515625001 0.8913708333333333
vt 0.3808603515625001 0.8833343750000001
vt 0.375 0.8833343750000001
vt 0.375 0.8913708333333333
vt 0.421875 0.7109541666666666
vt 0.421875 0.7663708333333333
vt 0.4279023437499999 0.7663708333333333
vt 0.4279023437499999 0.7109541666666666
vt 0.3984375 0.7005375
vt 0.3984375 0.7559541666666667
vt 0.4044648437499999 0.7559541666666667
vt 0.4044648437499999 0.7005375
vn -0.9989429515562969 0.009435558055146223 -0.04498832937754242
vn 0.02596932473539199 -0.6917082293339061 -0.7217099969132618
vn 0.9989429515562969 -0.009435558055146223 0.04498832937754242
vn -0.02596932473539199 0.6917082293339061 0.7217099969132618
vn 0.037928534229284876 0.7221154310191278 -0.6907320251553979
vn -0.037928534229284876 -0.7221154310191278 0.6907320251553979
usemtl m_890a103a-2c95-a057-8483-4c3958a0f191
f 28/76/19 31/75/19 29/74/19 26/73/19
f 27/80/20 28/79/20 26/78/20 25/77/20
f 32/84/21 27/83/21 25/82/21 30/81/21
f 31/88/22 32/87/22 30/86/22 29/85/22
f 30/92/23 25/91/23 26/90/23 29/89/23
f 31/96/24 28/95/24 27/94/24 32/93/24
o cube
v 0.7151167268723377 0.4906534013283834 -0.7799951208055745
v 0.6551073741093698 0.48378319109432977 -0.7870358522063094
v 0.7164214748098696 0.44327838780773887 -0.7448880829981035
v 0.6564121220469019 0.43640817757368533 -0.7519288143988383
v 0.5765578544145624 0.7704528508313713 -0.3972716572076396
v 0.6365672071775301 0.7773230610654249 -0.3902309258069047
v 0.5778626023520945 0.723077837310727 -0.36216461940016853
v 0.6378719551150622 0.7299480475447806 -0.3551238879994336
vt 0.42143495546875004 0.6742593333333338
vt 0.42143495546875004 0.7559541666666667
vt 0.4140625 0.7559541666666667
vt 0.4140625 0.6742593333333338
vt 0.36674745546875004 0.56873578125
vt 0.36674745546875004 0.5788708333333334
vt 0.359375 0.5788708333333334
vt 0.359375 0.56873578125
vt 0.42924745546875004 0.3721760000000005
vt 0.42924745546875004 0.45387083333333333
vt 0.421875 0.45387083333333333
vt 0.421875 0.3721760000000005
vt 0.35112245546875004 0.5479024479166668
vt 0.35112245546875004 0.5580375
vt 0.34375 0.5580375
vt 0.34375 0.5479024479166668
vt 0.3982262890625 0.6742593333333338
vt 0.3982262890625 0.7559541666666667
vt 0.390625 0.7559541666666667
vt 0.390625 0.6742593333333338
vt 0.4138512890625 0.3721760000000005
vt 0.4138512890625 0.45387083333333333
vt 0.40625 0.45387083333333333
vt 0.40625 0.3721760000000005
vn -0.9868285541694501 -0.11297771630516762 -0.11578186513570123
vn 0.16024987238035826 -0.584838412337466 -0.7951628825949255
vn 0.9868285541694501 0.11297771630516762 0.11578186513570123
vn -0.16024987238035826 0.584838412337466 0.7951628825949255
vn -0.022122004382774695 0.8032434668723186 -0.5952399094894656
vn 0.022122004382774695 -0.8032434668723186 0.5952399094894656
usemtl m_890a103a-2c95-a057-8483-4c3958a0f191
f 36/100/25 39/99/25 37/98/25 34/97/25
f 35/104/26 36/103/26 34/102/26 33/101/26
f 40/108/27 35/107/27 33/106/27 38/105/27
f 39/112/28 40/111/28 38/110/28 37/109/28
f 38/116/29 33/115/29 34/114/29 37/113/29
f 39/120/30 36/119/30 35/118/30 40/117/30
o cube
v 0.6366080223494186 0.7892369129435624 -0.39656734324667053
v 0.5636001096757286 0.7660889462563509 -0.4170800650896519
v 0.648287427643377 0.7156796706254593 -0.35512907876342853
v 0.575279514969687 0.6925317039382481 -0.37564180060640995
v 0.39613013640939454 0.9551145627038851 -0.03433834162485927
v 0.46913804908308454 0.9782625293910963 -0.013825619781877907
v 0.4078095417033528 0.881557320385782 0.007099922858382679
v 0.4808174543770428 0.9047052870729935 0.027612644701364042
vt 0.4012787890625001 0.38786250000000067
vt 0.4012787890625001 0.4642875000000001
vt 0.390625 0.4642875000000001
vt 0.390625 0.38786250000000067
vt 0.3544037890625001 0.54482265625
vt 0.3544037890625001 0.5580375
vt 0.34375 0.5580375
vt 0.34375 0.54482265625
vt 0.4169037890625001 0.6482791666666674
vt 0.4169037890625001 0.7247041666666667
vt 0.40625 0.7247041666666667
vt 0.40625 0.6482791666666674
vt 0.3544037890625001 0.54482265625
vt 0.3544037890625001 0.5580375
vt 0.34375 0.5580375
vt 0.34375 0.54482265625
vt 0.4005361328125 0.6795291666666674
vt 0.4005361328125 0.7559541666666667
vt 0.390625 0.7559541666666667
vt 0.390625 0.6795291666666674
vt 0.3849111328125 0.6274458333333339
vt 0.3849111328125 0.7038708333333334
vt 0.375 0.7038708333333334
vt 0.375 0.6274458333333339
vn -0.9207816358490799 -0.29194400787890956 -0.25870808906312154
vn 0.36521638483553687 -0.412224656956789 -0.8346782760108944
vn 0.9207816358490799 0.29194400787890956 0.25870808906312154
vn -0.36521638483553687 0.412224656956789 0.8346782760108944
vn -0.13703346792208743 0.8630408614083445 -0.4861916291019305
vn 0.13703346792208743 -0.8630408614083445 0.4861916291019305
usemtl m_890a103a-2c95-a057-8483-4c3958a0f191
f 44/124/31 47/123/31 45/122/31 42/121/31
f 43/128/32 44/127/32 42/126/32 41/125/32
f 48/132/33 43/131/33 41/130/33 46/129/33
f 47/136/34 48/135/34 46/134/34 45/133/34
f 46/140/35 41/139/35 42/138/35 45/137/35
f 47/144/36 44/143/36 43/142/36 48/141/36
o cube
v 0.3902636491143734 0.9388042076809273 -0.319673371894597
v 0.24655414715496904 0.9270768989418756 -0.2759058645205875
v 0.4069717147456663 0.7986505846222425 -0.30236640086699695
v 0.26326221278626205 0.7869232758831908 -0.2585988934929875
v 0.4942913705757901 1.0615062894480778 0.573552790800473
v 0.6380008725351942 1.0732335981871295 0.5297852834264634
v 0.5109994362070829 0.921352666389393 0.5908597618280729
v 0.6547089381664872 0.9330799751284449 0.5470922544540633
vt 0.361525390625 0.4088708333333343
vt 0.361525390625 0.5580375
vt 0.34375 0.5580375
vt 0.34375 0.4088708333333343
vt 0.361525390625 0.5329235677083333
vt 0.361525390625 0.5580375
vt 0.34375 0.5580375
vt 0.34375 0.5329235677083333
vt 0.408400390625 0.5234541666666677
vt 0.408400390625 0.6726208333333334
vt 0.390625 0.6726208333333334
vt 0.390625 0.5234541666666677
vt 0.361525390625 0.5329235677083333
vt 0.361525390625 0.5580375
vt 0.34375 0.5580375
vt 0.34375 0.5329235677083333
vt 0.36258544921875 0.6484541666666677
vt 0.36258544921875 0.7976208333333333
vt 0.34375 0.7976208333333333
vt 0.34375 0.6484541666666677
vt 0.39383544921875 0.2005375000000008
vt 0.39383544921875 0.3497041666666667
vt 0.375 0.3497041666666667
vt 0.375 0.2005375000000008
vn -0.9537169799509398 -0.07782737620731757 0.29045967304592146
vn -0.2768013669506397 -0.1502004363197801 -0.9491158160011903
vn 0.9537169799509398 0.07782737620731757 -0.29045967304592146
vn 0.2768013669506397 0.1502004363197801 0.9491158160011903
vn -0.11749436330103782 0.9855875042034739 -0.1217059823938468
vn 0.11749436330103782 -0.9855875042034739 0.1217059823938468
usemtl m_890a103a-2c95-a057-8483-4c3958a0f191
f 52/148/37 55/147/37 53/146/37 50/145/37
f 51/152/38 52/151/38 50/150/38 49/149/38
f 56/156/39 51/155/39 49/154/39 54/153/39
f 55/160/40 56/159/40 54/158/40 53/157/40
f 54/164/41 49/163/41 50/162/41 53/161/41
f 55/168/42 52/167/42 51/166/42 56/165/42
o cube
v 0.19315681782919336 0.23804783657965622 -1.4354384237552518
v 0.1306775174394762 0.22691085038934733 -1.4303968550100803
v 0.20502329287980636 0.18837156067967253 -1.39811570337175
v 0.1425439924900891 0.17723457448936353 -1.3930741346265785
v 0.10843022674835423 0.5489697006396526 -0.9946654545684234
v 0.1709095271380714 0.5601066868299616 -0.9997070233135948
v 0.12029670179896723 0.49929342473966887 -0.9573427341849214
v 0.1827760021886844 0.5104304109299778 -0.9623843029300929
vt 0.33603220703125003 0.8809541666666667
vt 0.33603220703125003 0.7905724609375003
vt 0.328125 0.7905724609375003
vt 0.328125 0.8809541666666667
vt 0.35165720703125003 0.5059541666666667
vt 0.35165720703125003 0.4953434895833334
vt 0.34375 0.4953434895833334
vt 0.34375 0.5059541666666667
vt 0.38290720703125003 0.9122041666666667
vt 0.38290720703125003 0.8218224609375003
vt 0.375 0.8218224609375003
vt 0.375 0.9122041666666667
vt 0.35165720703125003 0.5580375
vt 0.35165720703125003 0.5474268229166668
vt 0.34375 0.5474268229166668
vt 0.34375 0.5580375
vt 0.40625 0.6864057942708337
vt 0.40625 0.7767875000000001
vt 0.4142080078125 0.7767875000000001
vt 0.4142080078125 0.6864057942708337
vt 0.3359375 0.5614057942708337
vt 0.3359375 0.6517875
vt 0.3438955078125 0.6517875
vt 0.3438955078125 0.5614057942708337
vn -0.9813904098519782 -0.17493363999994327 0.07919018276867669
vn 0.04102469356978633 -0.5938865017945325 -0.8035022075288641
vn 0.9813904098519782 0.17493363999994327 -0.07919018276867669
vn -0.04102469356978633 0.5938865017945325 0.8035022075288641
vn -0.1875895465319731 0.785300607781901 -0.5900111163777387
vn 0.1875895465319731 -0.785300607781901 0.5900111163777387
usemtl m_890a103a-2c95-a057-8483-4c3958a0f191
f 60/172/43 63/171/43 61/170/43 58/169/43
f 59/176/44 60/175/44 58/174/44 57/173/44
f 64/180/45 59/179/45 57/178/45 62/177/45
f 63/184/46 64/183/46 62/182/46 61/181/46
f 62/188/47 57/187/47 58/186/47 61/185/47
f 63/192/48 60/191/48 59/190/48 64/189/48
o cube
v 0.002267281395821885 0.6827812698416398 0.0772846329623279
v -0.039974378964164614 0.684619920198418 0.14444909320654542
v 0.03453154030080463 0.6119429418570861 0.09951577690399116
v -0.007710120059181813 0.6137815922138641 0.16668023714820868
v 0.46617930928647544 1.0122424177013758 0.45381492286650393
v 0.5084209696464619 1.0104037673445978 0.3866504626222864
v 0.4984435681914583 0.9414040897168219 0.4760460668081672
v 0.5406852285514447 0.9395654393600439 0.4088816065639497
vt 0.3616815374999999 0.6013426666666672
vt 0.3616815374999999 0.7142875
vt 0.3515625 0.7142875
vt 0.3515625 0.6013426666666672
vt 0.3538690374999999 0.5580375
vt 0.3538690374999999 0.54481
vt 0.34375 0.54481
vt 0.34375 0.5580375
vt 0.3538690374999999 0.5580375
vt 0.3538690374999999 0.44509266666666714
vt 0.34375 0.44509266666666714
vt 0.34375 0.5580375
vt 0.3538690374999999 0.5580375
vt 0.3538690374999999 0.54481
vt 0.34375 0.54481
vt 0.34375 0.5580375
vt 0.3984375 0.8184541666666667
vt 0.3984375 0.7055093333333338
vt 0.408358125 0.7055093333333338
vt 0.408358125 0.8184541666666667
vt 0.3671875 0.9330375000000001
vt 0.3671875 0.8200926666666671
vt 0.377108125 0.8200926666666671
vt 0.377108125 0.9330375000000001
vn -0.532245452781282 0.023167017662422146 0.8462730453501855
vn -0.7469040021760506 -0.4834550459043566 -0.45651465488307696
vn 0.532245452781282 -0.023167017662422146 -0.8462730453501855
vn 0.7469040021760506 0.4834550459043566 0.45651465488307696
vn -0.3985588909145628 0.875062573695302 -0.2746202880173057
vn 0.3985588909145628 -0.875062573695302 0.2746202880173057
usemtl m_890a103a-2c95-a057-8483-4c3958a0f191
f 68/196/49 71/195/49 69/194/49 66/193/49
f 67/200/50 68/199/50 66/198/50 65/197/50
f 72/204/51 67/203/51 65/202/51 70/201/51
f 71/208/52 72/207/52 70/206/52 69/205/52
f 70/212/53 65/211/53 66/210/53 69/209/53
f 71/216/54 68/215/54 67/214/54 72/213/54
o cube
v -0.5585055657082174 0.09823796813841712 -0.3341757645167047
v -0.5876146978011181 0.10312337319305409 -0.2940357512475187
v -0.5361885406369202 0.07010661951045893 -0.314567842161932
v -0.5652976727298209 0.0749920245650958 -0.274427828892746
v -0.30376429788623527 0.4429543604886066 -0.12955083395533862
v -0.2746551657933346 0.43806895543396973 -0.16969084722452465
v -0.28144727281493814 0.4148230118606484 -0.1099429116005659
v -0.2523381407220374 0.40993760680601143 -0.15008292486975194
vt 0.42698915468750004 0.3392875000000001
vt 0.42698915468750004 0.2605630442708339
vt 0.421875 0.2605630442708339
vt 0.421875 0.3392875000000001
vt 0.35667665468750004 0.6101208333333334
vt 0.35667665468750004 0.6018168359375
vt 0.3515625 0.6018168359375
vt 0.3515625 0.6101208333333334
vt 0.42698915468750004 0.7663708333333333
vt 0.42698915468750004 0.6876463776041672
vt 0.421875 0.6876463776041672
vt 0.421875 0.7663708333333333
vt 0.34886415468750004 0.5580375
vt 0.34886415468750004 0.5497335026041668
vt 0.34375 0.5497335026041668
vt 0.34375 0.5580375
vt 0.3984375 0.6980630442708338
vt 0.3984375 0.7767875000000001
vt 0.404665498046875 0.7767875000000001
vt 0.404665498046875 0.6980630442708338
vt 0.3203125 0.8647297109375005
vt 0.3203125 0.9434541666666667
vt 0.326540498046875 0.9434541666666667
vt 0.326540498046875 0.8647297109375005
vn -0.5842393469340181 0.09805327927744471 0.805636357122152
vn -0.600936513915926 -0.7194523907214314 -0.3482291827630062
vn 0.5842393469340181 -0.09805327927744471 -0.805636357122152
vn 0.600936513915926 0.7194523907214314 0.3482291827630062
vn -0.5454719898736197 0.6875854942537377 -0.4792561907322192
vn 0.5454719898736197 -0.6875854942537377 0.4792561907322192
usemtl m_890a103a-2c95-a057-8483-4c3958a0f191
f 76/220/55 79/219/55 77/218/55 74/217/55
f 75/224/56 76/223/56 74/222/56 73/221/56
f 80/228/57 75/227/57 73/226/57 78/225/57
f 79/232/58 80/231/58 78/230/58 77/229/58
f 78/236/59 73/235/59 74/234/59 77/233/59
f 79/240/60 76/239/60 75/238/60 80/237/60
o cube
v -0.2714313194841975 0.44085708837836934 -0.1783710808860116
v -0.31525419513915653 0.4390281755087243 -0.13111746907195837
v -0.24334922635282885 0.3810421244709783 -0.1546429112266946
v -0.28717210200778787 0.37921321160133314 -0.10738929941264141
v -0.02484365044892778 0.6860025735760185 0.14776745290616877
v 0.018979225206031236 0.6878314864456638 0.10051384109211559
v 0.0032384426824407786 0.6261876096686274 0.17149562256548578
v 0.04706131833739979 0.6280165225382726 0.1242420107514326
vt 0.40721376406250004 0.7559541666666667
vt 0.40721376406250004 0.6772297109375005
vt 0.3984375 0.6772297109375005
vt 0.3984375 0.7559541666666667
vt 0.42283876406250004 0.7351208333333334
vt 0.42283876406250004 0.7243754296875
vt 0.4140625 0.7243754296875
vt 0.4140625 0.7351208333333334
vt 0.37596376406250004 0.8913708333333333
vt 0.37596376406250004 0.8126463776041671
vt 0.3671875 0.8126463776041671
vt 0.3671875 0.8913708333333333
vt 0.35252626406250004 0.5580375
vt 0.35252626406250004 0.5472920963541668
vt 0.34375 0.5472920963541668
vt 0.34375 0.5580375
vt 0.359375 0.5938963776041672
vt 0.359375 0.6726208333333334
vt 0.367434052734375 0.6726208333333334
vt 0.367434052734375 0.5938963776041672
vt 0.3515625 0.8022297109375006
vt 0.3515625 0.8809541666666667
vt 0.359621552734375 0.8809541666666667
vt 0.359621552734375 0.8022297109375006
vn -0.6797150530489358 -0.028367367262719462 0.7329275128778183
vn -0.6148249232092104 -0.5228667419371235 -0.5904241559902899
vn 0.6797150530489358 0.028367367262719462 -0.7329275128778183
vn 0.6148249232092104 0.5228667419371235 0.5904241559902899
vn -0.3999721996082616 0.8519422883333354 -0.337959430834367
vn 0.3999721996082616 -0.8519422883333354 0.337959430834367
usemtl m_890a103a-2c95-a057-8483-4c3958a0f191
f 84/244/61 87/243/61 85/242/61 82/241/61
f 83/248/62 84/247/62 82/246/62 81/245/62
f 88/252/63 83/251/63 81/250/63 86/249/63
f 87/256/64 88/255/64 86/254/64 85/253/64
f 86/260/65 81/259/65 82/258/65 85/257/65
f 87/264/66 84/263/66 83/262/66 88/261/66
o cube
v 0.1979363982279727 0.012693525991862464 -1.6361869362769628
v 0.14999856437774406 0.008783371173365362 -1.6348724021224832
v 0.2017164374728132 -0.021631705349128172 -1.6004404899922624
v 0.15377860362258455 -0.025541860167625274 -1.5991259558377828
v 0.13801895033706502 0.2262936358051011 -1.4247431628713323
v 0.18595678418729378 0.2302037906235983 -1.4260576970258116
v 0.14179898958190562 0.19196840446411056 -1.3889967165866317
v 0.18973682343213427 0.19587855928260756 -1.3903112507411113
vt 0.32652528750000004 0.601342666666667
vt 0.32652528750000004 0.6517875
vt 0.3203125 0.6517875
vt 0.3203125 0.601342666666667
vt 0.36558778750000004 0.6021016666666665
vt 0.36558778750000004 0.6101208333333334
vt 0.359375 0.6101208333333334
vt 0.359375 0.6021016666666665
vt 0.4124627875 0.695092666666667
vt 0.4124627875 0.7455375
vt 0.40625 0.7455375
vt 0.40625 0.695092666666667
vt 0.34996278750000004 0.5500183333333333
vt 0.34996278750000004 0.5580375
vt 0.34375 0.5580375
vt 0.34375 0.5500183333333333
vt 0.41226437500000007 0.7159260000000005
vt 0.41226437500000007 0.7663708333333333
vt 0.40625 0.7663708333333333
vt 0.40625 0.7159260000000005
vt 0.40445187500000007 0.2784260000000005
vt 0.40445187500000007 0.32887083333333333
vt 0.3984375 0.32887083333333333
vt 0.3984375 0.2784260000000005
vn -0.9963178603393592 -0.08126685687409471 0.02732067244059973
vn 0.039579917469840104 -0.7186407086015983 -0.6942542488697302
vn 0.9963178603393592 0.08126685687409471 -0.02732067244059973
vn -0.039579917469840104 0.7186407086015983 0.6942542488697302
vn -0.07605360807931329 0.6906165578049793 -0.7192111086348154
vn 0.07605360807931329 -0.6906165578049793 0.7192111086348154
usemtl m_890a103a-2c95-a057-8483-4c3958a0f191
f 92/268/67 95/267/67 93/266/67 90/265/67
f 91/272/68 92/271/68 90/270/68 89/269/68
f 96/276/69 91/275/69 89/274/69 94/273/69
f 95/280/70 96/279/70 94/278/70 93/277/70
f 94/284/71 89/283/71 90/282/71 93/281/71
f 95/288/72 92/287/72 91/286/72 96/285/72