# Made in Blockbench 4.8.1
mtllib birch_twig_branch_up_9.mtl

o cube
v 0.4276176599930446 0.19401579355543286 -0.34731500552028993
v 0.4744749438728614 0.19196456481275148 -0.35805002452593293
v 0.42625743827963525 0.24138472980149384 -0.36230341107581754
v 0.47311472215945205 0.23933350105881246 -0.37303843008146054
v 0.52863149461801 0.2639640590419934 -0.13541963710516636
v 0.48177421073819315 0.26601528778467465 -0.12468461809952341
v 0.5272712729046005 0.31133299528805425 -0.15040804266069396
v 0.4804139890247838 0.3133842240307356 -0.13967302365505102
vt 0.3984375 0.7159260000000003
vt 0.3984375 0.7559541666666667
vt 0.40465028750000004 0.7559541666666667
vt 0.40465028750000004 0.7159260000000003
vt 0.3984375 0.7375183333333333
vt 0.3984375 0.7455375
vt 0.40465028750000004 0.7455375
vt 0.40465028750000004 0.7375183333333333
vt 0.421875 0.7159260000000003
vt 0.421875 0.7559541666666667
vt 0.42808778750000004 0.7559541666666667
vt 0.42808778750000004 0.7159260000000003
vt 0.34375 0.5500183333333333
vt 0.34375 0.5580375
vt 0.34996278750000004 0.5580375
vt 0.34996278750000004 0.5500183333333333
vt 0.3984375 0.726342666666667
vt 0.3984375 0.7663708333333333
vt 0.404451875 0.7663708333333333
vt 0.404451875 0.726342666666667
vt 0.3984375 0.726342666666667
vt 0.3984375 0.7663708333333333
vt 0.404451875 0.7663708333333333
vt 0.404451875 0.726342666666667
vn 0.973860207415904 -0.042631793467345795 -0.22311169085821156
vn -0.22549350975833266 -0.29978679275527814 -0.9269738701529687
vn -0.973860207415904 0.042631793467345795 0.22311169085821156
vn 0.22549350975833266 0.29978679275527814 0.9269738701529687
vn 0.027367379646602723 -0.9530532036960275 0.3015636209094479
vn -0.027367379646602723 0.9530532036960275 -0.3015636209094479
usemtl m_890a103a-2c95-a057-8483-4c3958a0f191
f 4/4/1 7/3/1 5/2/1 2/1/1
f 3/8/2 4/7/2 2/6/2 1/5/2
f 8/12/3 3/11/3 1/10/3 6/9/3
f 7/16/4 8/15/4 6/14/4 5/13/4
f 6/20/5 1/19/5 2/18/5 5/17/5
f 7/24/6 4/23/6 3/22/6 8/21/6
o cube
v 0.47195511841858906 0.25965941085670285 -0.1310193680111541
v 0.5377125450728375 0.255481268121152 -0.1436091606908808
v 0.47281680206034227 0.3181125477210782 -0.1459174251166006
v 0.5385742287145905 0.3139344049855274 -0.15850721779632732
v 0.6281506078457437 0.36525544004878974 0.2923251124277666
v 0.5623931811914953 0.36943358278434046 0.3049149051074933
v 0.6290122914874967 0.423708576913165 0.27742705532232015
v 0.5632548648332485 0.42788671964871583 0.29001684800204686
vt 0.3984375 0.6586958333333337
vt 0.3984375 0.7351208333333334
vt 0.40597849609375003 0.7351208333333334
vt 0.40597849609375003 0.6586958333333337
vt 0.390625 0.7239404947916668
vt 0.390625 0.7351208333333334
vt 0.39816599609375003 0.7351208333333334
vt 0.39816599609375003 0.7239404947916668
vt 0.359375 0.8045291666666671
vt 0.359375 0.8809541666666667
vt 0.36691599609375003 0.8809541666666667
vt 0.36691599609375003 0.8045291666666671
vt 0.34375 0.5468571614583333
vt 0.34375 0.5580375
vt 0.35129099609375003 0.5580375
vt 0.35129099609375003 0.5468571614583333
vt 0.3671875 0.8253625000000003
vt 0.3671875 0.9017875000000001
vt 0.37557275390625 0.9017875000000001
vt 0.37557275390625 0.8253625000000003
vt 0.4140625 0.6899458333333337
vt 0.4140625 0.7663708333333333
vt 0.42244775390625 0.7663708333333333
vt 0.42244775390625 0.6899458333333337
vn 0.9802539581603424 -0.06228408200669697 -0.1876775709549893
vn -0.1972261754942899 -0.2393941160781554 -0.9506799108464711
vn -0.9802539581603424 0.06228408200669697 0.1876775709549893
vn 0.1972261754942899 0.2393941160781554 0.9506799108464711
vn -0.01428331932281602 -0.9689226750962854 0.2469510811342617
vn 0.01428331932281602 0.9689226750962854 -0.2469510811342617
usemtl m_890a103a-2c95-a057-8483-4c3958a0f191
f 12/28/7 15/27/7 13/26/7 10/25/7
f 11/32/8 12/31/8 10/30/8 9/29/8
f 16/36/9 11/35/9 9/34/9 14/33/9
f 15/40/10 16/39/10 14/38/10 13/37/10
f 14/44/11 9/43/11 10/42/11 13/41/11
f 15/48/12 12/47/12 11/46/12 16/45/12
o cube
v 0.5430031637163286 0.3603551587620277 0.28256033871288255
v 0.6313788950870576 0.35177346539546084 0.2704099065766459
v 0.5502320121038728 0.436026375224031 0.2816935042648061
v 0.6386077434746018 0.4274446818574642 0.26954307212856954
v 0.7150711411975363 0.35075976950934784 0.8798584104903324
v 0.6266954098268074 0.3593414628759146 0.8920088426265691
v 0.7222999895850806 0.4264309859713511 0.8789915760422562
v 0.6339242582143516 0.435012679337918 0.8911420081784927
vt 0.40625 0.7055093333333338
vt 0.40625 0.8080375000000001
vt 0.41575258242187507 0.8080375000000001
vt 0.41575258242187507 0.7055093333333338
vt 0.359375 0.6622041666666667
vt 0.359375 0.6472676822916668
vt 0.36887758242187507 0.6472676822916668
vt 0.36887758242187507 0.6622041666666667
vt 0.34375 0.5580375
vt 0.34375 0.45550933333333377
vt 0.35325258242187507 0.45550933333333377
vt 0.35325258242187507 0.5580375
vt 0.34375 0.5580375
vt 0.34375 0.543101015625
vt 0.35325258242187507 0.543101015625
vt 0.35325258242187507 0.5580375
vt 0.37057736328125 0.9330375000000001
vt 0.37057736328125 0.8305093333333338
vt 0.359375 0.8305093333333338
vt 0.359375 0.9330375000000001
vt 0.42526486328125 0.8080375000000001
vt 0.42526486328125 0.7055093333333338
vt 0.4140625 0.7055093333333338
vt 0.4140625 0.8080375000000001
vn 0.9861282074141451 -0.09575762219890821 -0.1355788933904399
vn -0.1360475675960248 0.0016478331744821694 -0.9907009357000902
vn -0.9861282074141451 0.09575762219890821 0.1355788933904399
vn 0.1360475675960248 -0.0016478331744821694 0.9907009357000902
vn -0.09509057731116241 -0.9954033164685763 0.01140261680447086
vn 0.09509057731116241 0.9954033164685763 -0.01140261680447086
usemtl m_890a103a-2c95-a057-8483-4c3958a0f191
f 20/52/13 23/51/13 21/50/13 18/49/13
f 19/56/14 20/55/14 18/54/14 17/53/14
f 24/60/15 19/59/15 17/58/15 22/57/15
f 23/64/16 24/63/16 22/62/16 21/61/16
f 22/68/17 17/67/17 18/66/17 21/65/17
f 23/72/18 20/71/18 19/70/18 24/69/18
o cube
v 1.0252519743412407 0.772934527118537 0.27409022481548684
v 0.92163403165446 0.7763129161193858 0.22771122519506704
v 1.0413413691967057 0.6658253759584079 0.23034183893450155
v 0.937723426509925 0.6692037649592566 0.18396283931408186
v 0.6204091009057608 0.46543582253839755 0.8780496133326705
v 0.7240270435925416 0.4620574335375487 0.9244286129530901
v 0.6364984957612259 0.35832667137826846 0.8343012274516852
v 0.7401164384480063 0.3549482823774195 0.880680227072105
vt 0.3984375 0.7194990885416674
vt 0.3984375 0.8497041666666667
vt 0.41303906250000005 0.8497041666666667
vt 0.41303906250000005 0.7194990885416674
vt 0.34375 0.6328584635416667
vt 0.34375 0.6517875
vt 0.35835156250000005 0.6517875
vt 0.35835156250000005 0.6328584635416667
vt 0.359375 0.7403324218750009
vt 0.359375 0.8705375000000001
vt 0.37397656250000005 0.8705375000000001
vt 0.37397656250000005 0.7403324218750009
vt 0.34375 0.5391084635416667
vt 0.34375 0.5580375
vt 0.35835156250000005 0.5580375
vt 0.35835156250000005 0.5391084635416667
vt 0.3515625 0.22991575520833418
vt 0.3515625 0.36012083333333333
vt 0.36575927734375 0.36012083333333333
vt 0.36575927734375 0.22991575520833418
vt 0.3671875 0.3653324218750008
vt 0.3671875 0.4955375000000001
vt 0.38138427734375 0.4955375000000001
vt 0.38138427734375 0.3653324218750008
vn -0.9123368298474904 0.029746090600767272 -0.40835851772407333
vn 0.38557755079710726 0.3979326280993701 -0.8324539481648416
vn 0.9123368298474904 -0.029746090600767272 0.40835851772407333
vn -0.38557755079710726 -0.3979326280993701 0.8324539481648416
vn -0.13773692760162579 0.916932273173924 0.37451801717269223
vn 0.13773692760162579 -0.916932273173924 -0.37451801717269223
usemtl m_890a103a-2c95-a057-8483-4c3958a0f191
f 28/76/19 31/75/19 29/74/19 26/73/19
f 27/80/20 28/79/20 26/78/20 25/77/20
f 32/84/21 27/83/21 25/82/21 30/81/21
f 31/88/22 32/87/22 30/86/22 29/85/22
f 30/92/23 25/91/23 26/90/23 29/89/23
f 31/96/24 28/95/24 27/94/24 32/93/24
o cube
v 0.6751549656274709 0.743334767143712 -0.5123401717495829
v 0.6323241376229123 0.7395925529743437 -0.4973472203264297
v 0.6811473807406083 0.696153521898315 -0.5069978095757652
v 0.6383165527360499 0.6924113077289467 -0.49200485815261197
v 0.7569211174281016 0.7973531739219704 -0.12699022593970344
v 0.79975194543266 0.8010953880913387 -0.1419831773628567
v 0.7629135325412388 0.7501719286765733 -0.12164786376588566
v 0.8057443605457975 0.7539141428459417 -0.13664081518903892
vt 0.3809824218750001 0.8255375000000001
vt 0.3809824218750001 0.8913708333333333
vt 0.375 0.8913708333333333
vt 0.375 0.8255375000000001
vt 0.3809824218750001 0.8837819661458334
vt 0.3809824218750001 0.8913708333333333
vt 0.375 0.8913708333333333
vt 0.375 0.8837819661458334
vt 0.4122324218750001 0.7109541666666668
vt 0.4122324218750001 0.7767875000000001
vt 0.40625 0.7767875000000001
vt 0.40625 0.7109541666666668
vt 0.3809824218750001 0.8837819661458334
vt 0.3809824218750001 0.8913708333333333
vt 0.375 0.8913708333333333
vt 0.375 0.8837819661458334
vt 0.404129150390625 0.7005375
vt 0.404129150390625 0.7663708333333333
vt 0.3984375 0.7663708333333333
vt 0.3984375 0.7005375
vt 0.380691650390625 0.8255375000000001
vt 0.380691650390625 0.8913708333333333
vt 0.375 0.8913708333333333
vt 0.375 0.8255375000000001
vn -0.9406504498920716 -0.0821864905724958 0.3292751309850486
vn -0.31543539191187164 -0.14622942012057366 -0.9376126440170296
vn 0.9406504498920716 0.0821864905724958 -0.3292751309850486
vn 0.31543539191187164 0.14622942012057366 0.9376126440170296
vn -0.1252088041922279 0.985830785408215 -0.11162624196027776
vn 0.1252088041922279 -0.985830785408215 0.11162624196027776
usemtl m_890a103a-2c95-a057-8483-4c3958a0f191
f 36/100/25 39/99/25 37/98/25 34/97/25
f 35/104/26 36/103/26 34/102/26 33/101/26
f 40/108/27 35/107/27 33/106/27 38/105/27
f 39/112/28 40/111/28 38/110/28 37/109/28
f 38/116/29 33/115/29 34/114/29 37/113/29
f 39/120/30 36/119/30 35/118/30 40/117/30
o cube
v 0.811295485767928 0.8084186112384142 -0.16427867991449296
v 0.7442755844820357 0.8070257835688706 -0.13760985444364654
v 0.8097931136796208 0.7370424777787372 -0.17178195308636368
v 0.7427732123937285 0.7356496501091936 -0.1451131276155173
v 0.9133538556290262 0.7590633762989627 0.28478616319243377
v 0.9803737569149185 0.7604562039685061 0.2581173377215874
v 0.911851483540719 0.6876872428392855 0.27728289002056306
v 0.9788713848266113 0.6890800705088291 0.2506140645497166
vt 0.36834814453125014 0.8151208333333334
vt 0.36834814453125014 0.8913708333333333
vt 0.359375 0.8913708333333333
vt 0.359375 0.8151208333333334
vt 0.38397314453125014 0.8793467447916667
vt 0.38397314453125014 0.8913708333333333
vt 0.375 0.8913708333333333
vt 0.375 0.8793467447916667
vt 0.42303564453125014 0.6901208333333335
vt 0.42303564453125014 0.7663708333333333
vt 0.4140625 0.7663708333333333
vt 0.4140625 0.6901208333333335
vt 0.38397314453125014 0.8793467447916667
vt 0.38397314453125014 0.8913708333333333
vt 0.375 0.8913708333333333
vt 0.375 0.8793467447916667
vt 0.40745556640625 0.7005375
vt 0.40745556640625 0.7767875000000001
vt 0.3984375 0.7767875000000001
vt 0.3984375 0.7005375
vt 0.36839306640625 0.5859541666666668
vt 0.36839306640625 0.6622041666666667
vt 0.359375 0.6622041666666667
vt 0.359375 0.5859541666666668
vn -0.9289671735983743 -0.019306074146036547 0.3696583096289272
vn -0.3695699915781214 0.1048358628850449 -0.9232699839040016
vn 0.9289671735983743 0.019306074146036547 -0.3696583096289272
vn 0.3695699915781214 -0.1048358628850449 0.9232699839040016
vn 0.020928729096515105 0.9943021257918621 0.1045240208956242
vn -0.020928729096515105 -0.9943021257918621 -0.1045240208956242
usemtl m_890a103a-2c95-a057-8483-4c3958a0f191
f 44/124/31 47/123/31 45/122/31 42/121/31
f 43/128/32 44/127/32 42/126/32 41/125/32
f 48/132/33 43/131/33 41/130/33 46/129/33
f 47/136/34 48/135/34 46/134/34 45/133/34
f 46/140/35 41/139/35 42/138/35 45/137/35
f 47/144/36 44/143/36 43/142/36 48/141/36
o cube
v 1.3734510056018576 0.7038084389948165 -0.8069634405093211
v 1.3401664445380257 0.7074912582098305 -0.8169021516943884
v 1.3683113194077081 0.6673475592647686 -0.8032614141774517
v 1.3350267583438764 0.6710303784797826 -0.813200125362519
v 1.2676687800446529 0.743725964383807 -0.5606819270048111
v 1.3009533411084848 0.740043145168793 -0.5507432158197438
v 1.2625290938505036 0.7072650846537589 -0.5569799006729417
v 1.2958136549143355 0.7035822654387449 -0.5470411894878744
vt 0.3874383734375001 0.8809541666666667
vt 0.3874383734375001 0.8361652578125004
vt 0.3828125 0.8361652578125004
vt 0.3828125 0.8809541666666667
vt 0.3483758734375001 0.8705375000000001
vt 0.3483758734375001 0.8647155989583332
vt 0.34375 0.8647155989583332
vt 0.34375 0.8705375000000001
vt 0.3874383734375001 0.8705375000000001
vt 0.3874383734375001 0.8257485911458337
vt 0.3828125 0.8257485911458337
vt 0.3828125 0.8705375000000001
vt 0.3483758734375001 0.8913708333333333
vt 0.3483758734375001 0.8855489322916665
vt 0.34375 0.8855489322916665
vt 0.34375 0.8913708333333333
vt 0.359375 0.8361652578125004
vt 0.359375 0.8809541666666667
vt 0.3637414257812501 0.8809541666666667
vt 0.3637414257812501 0.8361652578125004
vt 0.359375 0.846581924479167
vt 0.359375 0.8913708333333333
vt 0.3637414257812501 0.8913708333333333
vt 0.3637414257812501 0.846581924479167
vn -0.9528548843873381 0.10543003017560687 -0.2845207866507532
vn 0.2697753616095251 -0.1348351154373114 -0.9534362830905152
vn 0.9528548843873381 -0.10543003017560687 0.2845207866507532
vn -0.2697753616095251 0.1348351154373114 0.9534362830905152
vn 0.13888420920912034 0.9852431173990396 -0.10003587381624525
vn -0.13888420920912034 -0.9852431173990396 0.10003587381624525
usemtl m_890a103a-2c95-a057-8483-4c3958a0f191
f 52/148/37 55/147/37 53/146/37 50/145/37
f 51/152/38 52/151/38 50/150/38 49/149/38
f 56/156/39 51/155/39 49/154/39 54/153/39
f 55/160/40 56/159/40 54/158/40 53/157/40
f 54/164/41 49/163/41 50/162/41 53/161/41
f 55/168/42 52/167/42 51/166/42 56/165/42
o cube
v 1.3160167101118367 0.739217286220228 -0.5512940484622317
v 1.2642087200398648 0.7483982716232411 -0.5702552437827286
v 1.3055715974515156 0.6872434389319997 -0.5479203603252962
v 1.2537636073795437 0.6964244243350131 -0.5668815556457931
v 1.1273524248464009 0.801854805761236 -0.17043692462373583
v 1.1791604149183728 0.7926738203582224 -0.15147572930323888
v 1.1169073121860797 0.7498809584730077 -0.16706323648680033
v 1.1687153022580516 0.7406999730699944 -0.14810204116630332
vt 0.41636903750000004 0.6970159973958339
vt 0.41636903750000004 0.7680093333333338
vt 0.42300907109375 0.7680093333333338
vt 0.42300907109375 0.6970159973958339
vt 0.33043153750000004 0.6292387500000001
vt 0.33043153750000004 0.63856
vt 0.33707157109375 0.63856
vt 0.33707157109375 0.6292387500000001
vt 0.40074403750000004 0.6761826640625006
vt 0.40074403750000004 0.7471760000000005
vt 0.40738407109375 0.7471760000000005
vt 0.40738407109375 0.6761826640625006
vt 0.35386903750000004 0.5354887500000001
vt 0.35386903750000004 0.54481
vt 0.36050907109375 0.54481
vt 0.36050907109375 0.5354887500000001
vt 0.375 0.8203774973958335
vt 0.375 0.8913708333333333
vt 0.3819909374999999 0.8913708333333333
vt 0.3819909374999999 0.8203774973958335
vt 0.3125 0.8724608307291669
vt 0.3125 0.9434541666666667
vt 0.3194909374999999 0.9434541666666667
vt 0.3194909374999999 0.8724608307291669
vn -0.9263419618608482 0.1641586947926057 -0.3390316985471761
vn 0.3212890651078095 -0.12549660103556773 -0.9386287550308
vn 0.9263419618608482 -0.1641586947926057 0.3390316985471761
vn -0.3212890651078095 0.12549660103556773 0.9386287550308
vn 0.19663139713165032 0.9784183798623716 -0.06351037403092137
vn -0.19663139713165032 -0.9784183798623716 0.06351037403092137
usemtl m_890a103a-2c95-a057-8483-4c3958a0f191
f 60/172/43 63/171/43 61/170/43 58/169/43
f 59/176/44 60/175/44 58/174/44 57/173/44
f 64/180/45 59/179/45 57/178/45 62/177/45
f 63/184/46 64/183/46 62/182/46 61/181/46
f 62/188/47 57/187/47 58/186/47 61/185/47
f 63/192/48 60/191/48 59/190/48 64/189/48
o cube
v 1.196172316987973 0.7946018885981188 -0.1744937204275291
v 1.128072565400544 0.8091194362682141 -0.1993036125575437
v 1.1861208493416844 0.7267950804377827 -0.18658108132582818
v 1.1180210977542555 0.7413126281078779 -0.2113909734558428
v 0.9399346922082954 0.7510128764954995 0.283107903559219
v 1.0080344437957243 0.7364953288254044 0.3079177956892336
v 0.929883224562007 0.6832060683351635 0.2710205426609198
v 0.9979829761494359 0.6686885206650681 0.2958304347909344
vt 0.4227631640625001 0.7663708333333333
vt 0.4227631640625001 0.6795291666666674
vt 0.4140625 0.6795291666666674
vt 0.4140625 0.7663708333333333
vt 0.3993256640625001 0.7351208333333334
vt 0.3993256640625001 0.722801171875
vt 0.390625 0.722801171875
vt 0.390625 0.7351208333333334
vt 0.3833954882812501 0.9017875000000001
vt 0.3833954882812501 0.814945833333334
vt 0.37469482421875 0.814945833333334
vt 0.37469482421875 0.9017875000000001
vt 0.3524506640625001 0.5580375
vt 0.3524506640625001 0.5457178385416668
vt 0.34375 0.5457178385416668
vt 0.34375 0.5580375
vt 0.39765625 0.6691125000000007
vt 0.39765625 0.7559541666666667
vt 0.40689599609375 0.7559541666666667
vt 0.40689599609375 0.6691125000000007
vt 0.3828125 0.6274458333333339
vt 0.3828125 0.7142875
vt 0.39205224609375 0.7142875
vt 0.39205224609375 0.6274458333333339
vn -0.9212881893136289 0.19640079287345522 -0.3356408806893067
vn 0.3610745095331541 0.11151820319108523 -0.9258449594410635
vn 0.9212881893136289 -0.19640079287345522 0.3356408806893067
vn -0.3610745095331541 -0.11151820319108523 0.9258449594410635
vn 0.1444066161801719 0.9741613926427747 0.17365572345212965
vn -0.1444066161801719 -0.9741613926427747 -0.17365572345212965
usemtl m_890a103a-2c95-a057-8483-4c3958a0f191
f 68/196/49 71/195/49 69/194/49 66/193/49
f 67/200/50 68/199/50 66/198/50 65/197/50
f 72/204/51 67/203/51 65/202/51 70/201/51
f 71/208/52 72/207/52 70/206/52 69/205/52
f 70/212/53 65/211/53 66/210/53 69/209/53
f 71/216/54 68/215/54 67/214/54 72/213/54
o cube
v 0.5939008971543144 -0.04818977887981192 1.4304072150905527
v 0.5568294596844683 0.05250985153186187 1.534992934297052
v 0.4576853465696702 -0.05328050003277819 1.38702583796077
v 0.7683372000834999 0.3627668941790364 0.7991046540641379
v 0.7390685436136176 0.4886963317609347 0.9127700064645491
v 0.6021684927747792 0.48358002909463693 0.8691706324647676
v 0.6314371492446615 0.35765059151273865 0.7555052800643565
v 0.4206139090998241 0.0474191303788956 1.4916115571672695
vt 0.3951921875 0.43832812500000007
vt 0.375 0.43832812500000007
vt 0.37655625 0.46875
vt 0.3967484375 0.46875
vt 0.3717526148091518 0.1928498731317917
vt 0.35156250000000006 0.1932356192277389
vt 0.3515625 0.33333333333333337
vt 0.3716510627343553 0.3329495274599533
vt 0.37946562500000003 0.0625
vt 0.37946562500000003 0.035712499999999925
vt 0.359375 0.035712499999999925
vt 0.359375 0.0625
vt 0.392118012540416 0.7540370297317198
vt 0.39554537122936395 0.8950895815805116
vt 0.4141731866479985 0.8850547469683184
vt 0.4138984219401892 0.744973079366806
vt 0.3820298653718557 0.698634465885478
vt 0.4040983636175972 0.7066329028581091
vt 0.4004312972714556 0.5666181819336209
vt 0.3815823936790532 0.5575211060345582
vt 0.3359375 0.6505395833333334
vt 0.33598828125 0.7916666666666666
vt 0.35607890625 0.7916666666666666
vt 0.3561296875 0.6505395833333334
vn 0.1987599532764237 0.6817209874366867 -0.7040958572963646
vn 0.19025822776046544 -0.8459724371951886 -0.4981289414152524
vn -0.17896618963927238 -0.7396638153862879 0.6487438193726393
vn 0.9521563333083475 0.03523736774186296 0.30357312933694935
vn -0.9657213739500549 0.009683568944169578 -0.25940018579122465
vn -0.19761744187952296 0.8289599876015042 0.5232329171800141
usemtl m_890a103a-2c95-a057-8483-4c3958a0f191
f 78/217/55 77/218/55 76/219/55 79/220/55
f 79/221/56 76/222/56 73/223/56 75/224/56
f 73/225/57 74/226/57 80/227/57 75/228/57
f 77/229/58 74/230/58 73/231/58 76/232/58
f 78/233/59 79/234/59 75/235/59 80/236/59
f 78/237/60 80/238/60 74/239/60 77/240/60