# Made in Blockbench 4.12.3
mtllib birch_twig_branch_down_2.mtl

o cube
v 0.10789723771305781 0.46425642245127907 0.04866986249361238
v 0.29825578794490915 0.8302405557682095 0.7717711600404178
v 0.2791621667402854 0.9177252570514793 0.7325188746099349
v 0.08880361650843405 0.5517411237345489 0.009417577063129512
v 0.19898466021227823 0.47168954490545456 0.020928694501531342
v 0.17989103900765435 0.5591742461887241 -0.018323590928951528
v 0.38934321044412956 0.837673678222385 0.7440299920483366
v 0.3702495892395057 0.9251583795056548 0.704777706617854
vt 0.14583347969795643 0.7799103797095912
vt 0.4233344126371414 0.779910379709591
vt 0.42333426627251836 0.8124999999999997
vt 0.14583333333333334 0.8125
vt 0.7916666666666664 0.7916658459556145
vt 0.7916666666666664 0.7598294619394889
vt 0.8242579014452978 0.759830282650541
vt 0.8242579014452978 0.7916666666666666
vt 0.46500107930380813 0.8749999999999999
vt 0.1875001463646231 0.875
vt 0.1875 0.8424103797095913
vt 0.46500093293918504 0.8424103797095912
vt 0.7916666666666664 0.8215754318880354
vt 0.823503050682792 0.8215754318880354
vt 0.8235038713938442 0.8541666666666669
vt 0.7916674873777184 0.8541666666666669
vt 0.7358346088565182 0.8333333333333334
vt 0.45833390595137735 0.8333333333333334
vt 0.4583333333333333 0.8014979068557064
vt 0.7358343993975893 0.8014958554188357
vt 0.7775010660718387 0.875
vt 0.5 0.8749999999999999
vt 0.500000337273479 0.8431645735190099
vt 0.7775010401710372 0.8431625220848239
vn -0.95371697995094 -0.07782737620731688 0.29045967304592096
vn -0.22865891919742012 -0.4396205805608803 -0.8685901472033759
vn 0.9537169799509396 0.07782737620731801 -0.2904596730459213
vn 0.22865891919742143 0.4396205805608789 0.8685901472033765
vn -0.19529214225033642 0.8948053669150624 -0.40147768868926603
vn 0.1952921422503383 -0.8948053669150622 0.40147768868926537
usemtl m_3a48f385-41be-4b10-9a84-73e6297d5c3c
f 1/1/1 2/2/1 3/3/1 4/4/1
f 5/5/2 1/6/2 4/7/2 6/8/2
f 7/9/3 5/10/3 6/11/3 8/12/3
f 2/13/4 7/14/4 8/15/4 3/16/4
f 8/17/5 6/18/5 4/19/5 3/20/5
f 2/21/6 1/22/6 5/23/6 7/24/6
o cube
v -0.1421149130606692 0.25277859795883106 -0.17214534338356335
v 0.1556797631146971 0.4908672603872656 0.08071503244595257
v 0.12016479507906563 0.5363695434519857 0.07969704255360421
v -0.17762988109630057 0.2982808810235511 -0.1731633332759117
v -0.11722485102650143 0.27116246622108386 -0.21876838002817622
v -0.1527398190621328 0.3166647492858039 -0.21978636992052458
v 0.18056982514886488 0.5092511286495185 0.0340919958013397
v 0.14505485711323352 0.5547534117142383 0.033074005908991344
vt 0.6666678328768407 0.7932563408162886
vt 0.8191679792366292 0.7932563408162885
vt 0.8191668130264552 0.8125
vt 0.6666666666666666 0.8125
vt 0.8124999999999999 0.7291662445694109
vt 0.8124999999999999 0.7105135199350654
vt 0.8317439104679795 0.7105139420323217
vt 0.8317439104679795 0.7291666666666672
vt 0.7150013125699625 0.8541666666666666
vt 0.562501166210174 0.8541666666666666
vt 0.5625 0.8349230074829552
vt 0.7150001463597886 0.8349230074829551
vt 0.791666666666667 0.7724227561986864
vt 0.8103193913010126 0.7724227561986864
vt 0.8103198133982689 0.791666666666666
vt 0.7916670887639231 0.791666666666666
vt 0.7774996999242978 0.8958333333333334
vt 0.6250006621171101 0.8958333333333334
vt 0.625 0.877179826893176
vt 0.7774996873160672 0.877182700687492
vt 0.7774996873431448 0.9374999999999999
vt 0.625 0.9375
vt 0.6250010136348195 0.9188464935756321
vt 0.7775000514149295 0.918849367357708
vn -0.44480669324585925 -0.32853544678092117 0.8331935344517171
vn -0.6509173249734845 -0.5204123768927571 -0.5527002750371977
vn 0.44480669324585953 0.32853544678092106 -0.8331935344517172
vn 0.6509173249734831 0.5204123768927584 0.5527002750371984
vn -0.6151858594709799 0.7881848883258867 -0.017633494312279112
vn 0.61518585947098 -0.7881848883258867 0.01763349431227911
usemtl m_3a48f385-41be-4b10-9a84-73e6297d5c3c
f 9/25/7 10/26/7 11/27/7 12/28/7
f 13/29/8 9/30/8 12/31/8 14/32/8
f 15/33/9 13/34/9 14/35/9 16/36/9
f 10/37/10 15/38/10 16/39/10 11/40/10
f 16/41/11 14/42/11 12/43/11 11/44/11
f 10/45/12 9/46/12 13/47/12 15/48/12
o cube
v -0.3332929915819426 0.04168563094588218 -0.31680069196795524
v -0.13828167634213023 0.2681546878836537 -0.17106599061597016
v -0.1660111402096085 0.29534508973534856 -0.17621387535763233
v -0.3610224554494208 0.06887603279757692 -0.3219485767096174
v -0.3168372209411693 0.05143137375485596 -0.35396528357724455
v -0.34456668480864755 0.07862177560655081 -0.3591131683189067
v -0.12182590570135698 0.2779004306926276 -0.20823058222525948
v -0.1495553695688352 0.30509083254432245 -0.21337846696692164
vt 0.6041666666666666 0.7577748418079177
vt 0.7150002640386893 0.7577748418079177
vt 0.7150009492657535 0.7708333333333334
vt 0.604167351893731 0.7708333333333334
vt 0.8125000000000003 0.7083328080830391
vt 0.8125000000000003 0.6944009580510979
vt 0.8255589242305379 0.6944021468738286
vt 0.8255569494015834 0.7083333333333337
vt 0.7358335973720226 0.8124999999999999
vt 0.625 0.8125
vt 0.6250006852270643 0.7994415084745843
vt 0.7358342825990869 0.7994415084745843
vt 0.8125 0.7786077424361297
vt 0.8264318500319412 0.7786077424361297
vt 0.8264323752822359 0.7916646918377128
vt 0.8125011888227309 0.7916666666666674
vt 0.7358328944422702 0.8541666666666666
vt 0.625 0.8541666666666666
vt 0.6250000558037924 0.8402344016745921
vt 0.7358329502460625 0.8402344016745921
vt 0.7149996169127292 0.9166666666666666
vt 0.6041667224704591 0.9166666666666666
vt 0.6041666666666666 0.9027344016745921
vt 0.7149995611089368 0.9027344016745921
vn -0.3937081573867207 -0.23316917374741034 0.8891715375680349
vn -0.586500196209969 -0.6811099456775175 -0.43829985369018476
vn 0.39370815738672094 0.23316917374741028 -0.8891715375680348
vn 0.5865001962099698 0.6811099456775158 0.4382998536901861
vn -0.7078215923895096 0.6940615090272046 -0.13140477553749205
vn 0.7078215923895086 -0.6940615090272053 0.13140477553749408
usemtl m_3a48f385-41be-4b10-9a84-73e6297d5c3c
f 17/49/13 18/50/13 19/51/13 20/52/13
f 21/53/14 17/54/14 20/55/14 22/56/14
f 23/57/15 21/58/15 22/59/15 24/60/15
f 18/61/16 23/62/16 24/63/16 19/64/16
f 24/65/17 22/66/17 20/67/17 19/68/17
f 18/69/18 17/70/18 21/71/18 23/72/18
o cube
v 0.6703022942744963 0.2189047378567296 0.012361799726441136
v 0.6616674937999785 0.44889772411025364 0.25233037370010114
v 0.6634456901586501 0.4827525264660807 0.21994691367699482
v 0.6720804906331677 0.25275954021255664 -0.02002166029666519
v 0.7184700747198509 0.218449767041758 0.014531080733614532
v 0.7202482710785223 0.25230456939758505 -0.017852379289491793
v 0.7098352742453331 0.44844275329528216 0.2544996547072744
v 0.7116134706040045 0.4822975556511091 0.2221161946841681
vt 0.3750002115466268 0.7760389432943238
vt 0.4858324233987223 0.7760389432943239
vt 0.4858322118520955 0.7916666666666666
vt 0.375 0.7916666666666666
vt 0.812500000000001 0.8802069995068234
vt 0.8285722107751679 0.8802069995068234
vt 0.8285726234094057 0.8958333333333327
vt 0.8125004126342389 0.8958333333333327
vt 0.652499090065389 0.7708333333333333
vt 0.5416668782132935 0.7708333333333334
vt 0.5416666666666666 0.7552056099609905
vt 0.6524988785187622 0.7552056099609904
vt 0.8125000000000006 0.8749995873657631
vt 0.8125000000000006 0.8589273765905964
vt 0.82812633382651 0.8589277892248343
vt 0.82812633382651 0.875000000000001
vt 0.6733335183665053 0.8333333333333333
vt 0.562500309367515 0.8333333333333334
vt 0.5625 0.8172589281611223
vt 0.673333237390313 0.8172610113009905
vt 0.6733332374098895 0.8958333333333334
vt 0.5625 0.8958333333333334
vt 0.5625006114901908 0.8797589281697763
vt 0.6733338204696047 0.8797610113091104
vn -0.9989429515562968 0.009435558055149073 -0.04498832937754489
vn 0.025969324735392613 -0.6917082293339052 -0.7217099969132624
vn 0.9989429515562968 -0.009435558055145642 0.04498832937754165
vn -0.025969324735392478 0.6917082293339064 0.7217099969132613
vn 0.03792853422928608 0.7221154310191278 -0.690732025155398
vn -0.037928534229285646 -0.722115431019128 0.6907320251553978
usemtl m_3a48f385-41be-4b10-9a84-73e6297d5c3c
f 25/73/19 26/74/19 27/75/19 28/76/19
f 29/77/20 25/78/20 28/79/20 30/80/20
f 31/81/21 29/82/21 30/83/21 32/84/21
f 26/85/22 31/86/22 32/87/22 27/88/22
f 32/89/23 30/90/23 28/91/23 27/92/23
f 26/93/24 25/94/24 29/95/24 31/96/24
o cube
v 0.6564121220469019 0.43640817757368533 0.24807118560116148
v 0.5778626023520945 0.723077837310727 0.6378353805998314
v 0.5765578544145624 0.7704528508313713 0.6027283427923602
v 0.6551073741093698 0.48378319109432977 0.21296414779369055
v 0.7164214748098696 0.44327838780773887 0.2551119170018964
v 0.7151167268723375 0.4906534013283833 0.22000487919442535
v 0.637871955115062 0.7299480475447804 0.6448761120005662
v 0.6365672071775301 0.7773230610654249 0.6097690741930952
vt 0.37500039920626266 0.7511726189750821
vt 0.538388854111071 0.7511726189750821
vt 0.5383901390993956 0.770832107051812
vt 0.375 0.7708333333333334
vt 0.7916666666666666 0.791666220229489
vt 0.7916666666666666 0.7713957776587435
vt 0.8113269345339464 0.7713962240959208
vt 0.8113269345339464 0.7916666666666663
vt 0.6425555207777376 0.8124999999999999
vt 0.4791670658729293 0.8125
vt 0.4791666666666667 0.7928392856417488
vt 0.6425568057660623 0.7928405119232701
vt 0.7916666666666661 0.751173065466053
vt 0.8119371092374116 0.751173065466053
vt 0.811937555674589 0.7708333333333328
vt 0.7916671131038435 0.7708333333333328
vt 0.6008899370503407 0.9166666666666666
vt 0.4375012395617632 0.9166666666666665
vt 0.4375 0.8963964088119127
vt 0.6008907430058922 0.8963968039532716
vt 0.6425574096730365 0.9791666666666666
vt 0.4791666666666667 0.9791666666666666
vt 0.4791679552496723 0.9588964088149698
vt 0.6425566527377721 0.9588968039513819
vn -0.9868285541694503 -0.11297771630516931 -0.11578186513569978
vn 0.16024987238035807 -0.5848384123374644 -0.7951628825949266
vn 0.98682855416945 0.1129777163051694 0.1157818651357006
vn -0.16024987238035612 0.5848384123374643 0.7951628825949271
vn -0.02212200438277427 0.8032434668723187 -0.5952399094894655
vn 0.022122004382773335 -0.8032434668723187 0.5952399094894654
usemtl m_3a48f385-41be-4b10-9a84-73e6297d5c3c
f 33/97/25 34/98/25 35/99/25 36/100/25
f 37/101/26 33/102/26 36/103/26 38/104/26
f 39/105/27 37/106/27 38/107/27 40/108/27
f 34/109/28 39/110/28 40/111/28 35/112/28
f 40/113/29 38/114/29 36/115/29 35/116/29
f 34/117/30 33/118/30 37/119/30 39/120/30
o cube
v 0.575279514969687 0.6925317039382481 0.62435819939359
v 0.4078095417033528 0.881557320385782 1.0070999228583826
v 0.39613013640939454 0.9551145627038851 0.9656616583751405
v 0.5636001096757286 0.7660889462563509 0.582919934910348
v 0.648287427643377 0.7156796706254593 0.6448709212365713
v 0.6366080223494186 0.7892369129435624 0.6034326567533292
v 0.4808174543770428 0.9047052870729935 1.027612644701364
v 0.46913804908308454 0.9782625293910963 0.986174380218122
vt 0.4375 0.75
vt 0.5903508103534111 0.75
vt 0.5903497199087688 0.7708333333333334
vt 0.4375007894521626 0.7708326748803327
vt 0.7291666666666666 0.8541666666666666
vt 0.7291666666666666 0.833334198696366
vt 0.749998552863211 0.8333333333333334
vt 0.75 0.8541663275116711
vt 0.40285081035341114 0.75
vt 0.25 0.75
vt 0.25000078945216253 0.7291673251196673
vt 0.4028497199087688 0.7291666666666667
vt 0.791667532029699 0.770833333333334
vt 0.8124999999999996 0.770833333333334
vt 0.8124996608450039 0.7916666666666674
vt 0.7916666666666662 0.7916652195298786
vt 0.569516835918949 0.8125
vt 0.4166666666666667 0.8124999999999999
vt 0.4166672282187654 0.7916666666666666
vt 0.5695173974710478 0.7916666666666666
vt 0.6945173974710479 0.9375
vt 0.5416672282187655 0.9375
vt 0.5416666666666666 0.9166666666666667
vt 0.6945168359189492 0.9166666666666666
vn -0.9207816358490798 -0.29194400787890934 -0.25870808906312204
vn 0.36521638483553465 -0.412224656956791 -0.8346782760108945
vn 0.9207816358490797 0.29194400787891 0.2587080890631212
vn -0.3652163848355378 0.4122246569567904 0.8346782760108933
vn -0.13703346792208929 0.8630408614083441 -0.48619162910193064
vn 0.13703346792208682 -0.8630408614083447 0.4861916291019304
usemtl m_3a48f385-41be-4b10-9a84-73e6297d5c3c
f 41/121/31 42/122/31 43/123/31 44/124/31
f 45/125/32 41/126/32 44/127/32 46/128/32
f 47/129/33 45/130/33 46/131/33 48/132/33
f 42/133/34 47/134/34 48/135/34 43/136/34
f 48/137/35 46/138/35 44/139/35 43/140/35
f 42/141/36 41/142/36 45/143/36 47/144/36
o cube
v 0.26326221278626205 0.7869232758831908 0.7414011065070125
v 0.5109994362070829 0.921352666389393 1.5908597618280726
v 0.4942913705757901 1.0615062894480778 1.573552790800473
v 0.24655414715496915 0.9270768989418756 0.7240941354794126
v 0.4069717147456666 0.7986505846222425 0.6976335991330029
v 0.3902636491143736 0.9388042076809273 0.680326628105403
v 0.6547089381664875 0.9330799751284449 1.5470922544540633
v 0.6380008725351947 1.0732335981871297 1.5297852834264631
vt 0.22916733356399685 0.8067672277975112
vt 0.5275016113208818 0.8067672277975112
vt 0.5275009444235517 0.8541666666666666
vt 0.22916666666666666 0.8541666666666666
vt 0.3958333333333333 0.7291663425422257
vt 0.3958333333333333 0.6789375418643802
vt 0.4432345832516482 0.6789378659888212
vt 0.4432345832516483 0.7291666666666667
vt 0.5275016113208818 0.7916666666666666
vt 0.22916733356399685 0.7916666666666666
vt 0.22916666666666666 0.7442672277975111
vt 0.5275009444235517 0.7442672277975111
vt 0.3541666666666667 0.6817654167483518
vt 0.4043954673445122 0.6817654167483518
vt 0.40439579146895327 0.7291666666666667
vt 0.35416699079110775 0.7291666666666667
vt 0.6941670227316893 0.9791666666666666
vt 0.3958333333333333 0.9791666666666665
vt 0.3958339681382088 0.9289374994423495
vt 0.6941666990588912 0.9289393491986381
vt 0.7983330542947374 0.7291666666666667
vt 0.5000003233683206 0.7291666666666665
vt 0.5 0.6789374994393789
vt 0.7983336893926215 0.6789393492016105
vn -0.9537169799509397 -0.07782737620731729 0.29045967304592113
vn -0.27680136695064017 -0.15020043631977933 -0.9491158160011901
vn 0.9537169799509397 0.07782737620731835 -0.2904596730459213
vn 0.27680136695063845 0.15020043631978044 0.9491158160011904
vn -0.11749436330103691 0.9855875042034739 -0.12170598239384722
vn 0.11749436330103673 -0.9855875042034739 0.12170598239384704
usemtl m_3a48f385-41be-4b10-9a84-73e6297d5c3c
f 49/145/37 50/146/37 51/147/37 52/148/37
f 53/149/38 49/150/38 52/151/38 54/152/38
f 55/153/39 53/154/39 54/155/39 56/156/39
f 50/157/40 55/158/40 56/159/40 51/160/40
f 56/161/41 54/162/41 52/163/41 51/164/41
f 50/165/42 49/166/42 53/167/42 55/168/42
o cube
v 0.1425439924900892 0.17723457448936353 -0.3930741346265786
v 0.12029670179896723 0.49929342473966887 0.04265726581507834
v 0.10843022674835434 0.5489697006396526 0.00533454543157641
v 0.1306775174394762 0.22691085038934733 -0.4303968550100805
v 0.20502329287980614 0.18837156067967242 -0.39811570337175006
v 0.19315681782919325 0.2380478365796561 -0.43543842375525194
v 0.18277600218868428 0.5104304109299778 0.03761569706990686
v 0.17090952713807128 0.5601066868299616 0.00029297668640504426
vt 0.39583430176340245 0.7291666666666667
vt 0.5765974040168345 0.7291666666666667
vt 0.5765976922192028 0.75
vt 0.3958333333333333 0.7499983582720271
vt 0.8124999999999991 0.7499999999999998
vt 0.8124999999999991 0.7291666666666665
vt 0.8333328857592486 0.7291681493200977
vt 0.8333333333333325 0.7499994864417768
vt 0.5974307373501678 0.8541666666666666
vt 0.41666763509673577 0.8541666666666665
vt 0.4166666666666667 0.8333349750613062
vt 0.597431025552536 0.8333333333333334
vt 0.7916666666666679 0.7708333333333334
vt 0.8125000000000012 0.7708333333333334
vt 0.8124994864417782 0.7916666666666667
vt 0.7916681493200989 0.7916662190925827
vt 0.7849303055140308 0.7708333333333334
vt 0.6041666666666666 0.7708333333333333
vt 0.6041668351743912 0.75
vt 0.7849304740217553 0.7500000000000001
vt 0.8682638073550885 0.8541666666666666
vt 0.6875001685077246 0.8541666666666666
vt 0.6875 0.8333333333333334
vt 0.8682636388473641 0.8333333333333334
vn -0.9813904098519786 -0.17493363999994227 0.07919018276867594
vn 0.0410246935697862 -0.5938865017945325 -0.8035022075288644
vn 0.9813904098519786 0.1749336399999423 -0.07919018276867616
vn -0.041024693569785865 0.5938865017945315 0.8035022075288649
vn -0.1875895465319713 0.7853006077819012 -0.5900111163777391
vn 0.1875895465319732 -0.7853006077819011 0.5900111163777388
usemtl m_3a48f385-41be-4b10-9a84-73e6297d5c3c
f 57/169/43 58/170/43 59/171/43 60/172/43
f 61/173/44 57/174/44 60/175/44 62/176/44
f 63/177/45 61/178/45 62/179/45 64/180/45
f 58/181/46 63/182/46 64/183/46 59/184/46
f 64/185/47 62/186/47 60/187/47 59/188/47
f 58/189/48 57/190/48 61/191/48 63/192/48
o cube
v -0.007710120059181702 0.6137815922138641 1.1666802371482086
v 0.4984435681914583 0.9414040897168219 1.476046066808167
v 0.46617930928647544 1.0122424177013758 1.4538149228665036
v -0.03997437896416456 0.684619920198418 1.1444490932065452
v 0.03453154030080485 0.6119429418570861 1.099515776903991
v 0.002267281395821996 0.6827812698416398 1.0772846329623276
v 0.5406852285514447 0.9395654393600439 1.4088816065639493
v 0.5084209696464619 1.0104037673445978 1.3866504626222862
vt 0.3750011194765832 0.7083333333333333
vt 0.6008902608454593 0.7083333333333333
vt 0.6008901488267084 0.7291666666666667
vt 0.375 0.7291652588844683
vt 0.7916671206604428 0.7708333333333334
vt 0.8124999999999994 0.7708333333333334
vt 0.8124995460062228 0.7916666666666666
vt 0.7916666666666661 0.7916666666666666
vt 0.6425569275121259 0.7916666666666666
vt 0.4166677861432499 0.7916666666666666
vt 0.4166666666666667 0.7708347411155317
vt 0.6425568154933751 0.7708333333333334
vt 0.7916666666666669 0.7708333333333334
vt 0.7916666666666669 0.7500004539937766
vt 0.8125000000000001 0.75
vt 0.8125000000000001 0.7708328793395568
vt 0.6842235082697666 0.8333333333333334
vt 0.4583333333333333 0.8333333333333334
vt 0.4583336842597663 0.8125
vt 0.6842238591961998 0.8125
vt 0.7050571925295331 0.8958333333333334
vt 0.4791670175930996 0.8958333333333334
vt 0.4791666666666667 0.875
vt 0.7050568416031 0.875
vn -0.5322454527812822 0.023167017662423246 0.8462730453501855
vn -0.7469040021760498 -0.4834550459043571 -0.45651465488307746
vn 0.5322454527812822 -0.023167017662422795 -0.8462730453501855
vn 0.7469040021760509 0.48345504590435606 0.45651465488307696
vn -0.39855889091456215 0.875062573695302 -0.27462028801730687
vn 0.39855889091456337 -0.8750625736953019 0.2746202880173049
usemtl m_3a48f385-41be-4b10-9a84-73e6297d5c3c
f 65/193/49 66/194/49 67/195/49 68/196/49
f 69/197/50 65/198/50 68/199/50 70/200/50
f 71/201/51 69/202/51 70/203/51 72/204/51
f 66/205/52 71/206/52 72/207/52 67/208/52
f 72/209/53 70/210/53 68/211/53 67/212/53
f 66/213/54 65/214/54 69/215/54 71/216/54
o cube
v -0.5652976727298208 0.0749920245650958 0.7255721711072538
v -0.281447272814938 0.4148230118606484 0.8900570883994341
v -0.30376429788623516 0.4429543604886066 0.8704491660446612
v -0.587614697801118 0.10312337319305409 0.7059642487524811
v -0.5361885406369201 0.07010661951045893 0.685432157838068
v -0.5585055657082173 0.09823796813841712 0.6658242354832953
v -0.2523381407220373 0.40993760680601143 0.8499170751302481
v -0.2746551657933345 0.43806895543396973 0.8303091527754751
vt 0.5 0.7363626214551486
vt 0.6574497332842603 0.7363626214551486
vt 0.6574492481757325 0.7499985606076318
vt 0.5000010210214095 0.75
vt 0.7916666666666662 0.778028049531845
vt 0.808274837451119 0.778028049531845
vt 0.8082759538694718 0.7916646042196542
vt 0.7916680773469723 0.791666666666667
vt 0.6782830666175936 0.7916666666666666
vt 0.5208333333333334 0.7916666666666666
vt 0.5208343543547429 0.7780292881218153
vt 0.6782825815090657 0.7780307275141835
vt 0.7499999999999997 0.8124988835816479
vt 0.7499999999999997 0.795890712797195
vt 0.7636386171348217 0.795892123477501
vt 0.7636365546878089 0.8125000000000006
vt 0.5949506080512058 0.8333333333333334
vt 0.4375 0.8333333333333331
vt 0.4375009062034973 0.816724824149671
vt 0.5949494500050624 0.8167251054878985
vt 0.6157827536615956 0.8958333333333334
vt 0.4583342098597792 0.8958333333333334
vt 0.4583333333333333 0.8792248241480783
vt 0.6157839413842878 0.8792251054899943
vn -0.5842393469340204 0.098053279277447 0.80563635712215
vn -0.6009365139159254 -0.719452390721431 -0.34822918276300774
vn 0.5842393469340177 -0.09805327927744441 -0.8056363571221523
vn 0.6009365139159263 0.7194523907214321 0.3482291827630043
vn -0.5454719898736182 0.687585494253737 -0.4792561907322215
vn 0.5454719898736188 -0.6875854942537376 0.47925619073222026
usemtl m_3a48f385-41be-4b10-9a84-73e6297d5c3c
f 73/217/55 74/218/55 75/219/55 76/220/55
f 77/221/56 73/222/56 76/223/56 78/224/56
f 79/225/57 77/226/57 78/227/57 80/228/57
f 74/229/58 79/230/58 80/231/58 75/232/58
f 80/233/59 78/234/59 76/235/59 75/236/59
f 74/237/60 73/238/60 77/239/60 79/240/60
o cube
v -0.2871721020077877 0.37921321160133314 0.8926107005873585
v 0.0032384426824410006 0.6261876096686274 1.1714956225654856
v -0.024843650448927668 0.6860025735760185 1.1477674529061686
v -0.3152541951391563 0.4390281755087243 0.8688825309280415
v -0.24334922635282874 0.3810421244709783 0.8453570887733053
v -0.2714313194841974 0.44085708837836934 0.8216289191139883
v 0.047061318337399904 0.6280165225382726 1.1242420107514324
v 0.018979225206031236 0.6878314864456638 1.1005138410921154
vt 0.45833375008178434 0.6875
vt 0.6157820124311678 0.6875
vt 0.6157809098037507 0.7083333333333333
vt 0.4583333333333333 0.7083307829160881
vt 0.8125000000000009 0.8541654631087785
vt 0.8125000000000009 0.8333333333333331
vt 0.8333333333333343 0.833334604234083
vt 0.8333314799128724 0.8541666666666665
vt 0.49078201243116776 0.7708333333333333
vt 0.33333375008178434 0.7708333333333334
vt 0.3333333333333333 0.7500025504172453
vt 0.4907809098037507 0.75
vt 0.7916666666666673 0.7499999999999991
vt 0.8124987964421124 0.7499999999999991
vt 0.8125000000000006 0.7708314799128705
vt 0.7916679375674169 0.7708333333333325
vt 0.7199499350129757 0.8125
vt 0.5625 0.8125
vt 0.5625016189559803 0.7916687925843253
vt 0.7199495865501365 0.7916666666666666
vt 0.7199498859018961 0.8958333333333334
vt 0.5625019182924657 0.8958333333333334
vt 0.5625 0.875002125944223
vt 0.7199499349977012 0.875
vn -0.6797150530489356 -0.02836736726271954 0.7329275128778184
vn -0.6148249232092103 -0.5228667419371236 -0.59042415599029
vn 0.6797150530489359 0.02836736726271954 -0.7329275128778182
vn 0.6148249232092108 0.5228667419371233 0.5904241559902897
vn -0.3999721996082614 0.8519422883333352 -0.3379594308343673
vn 0.3999721996082619 -0.8519422883333353 0.3379594308343667
usemtl m_3a48f385-41be-4b10-9a84-73e6297d5c3c
f 81/241/61 82/242/61 83/243/61 84/244/61
f 85/245/62 81/246/62 84/247/62 86/248/62
f 87/249/63 85/250/63 86/251/63 88/252/63
f 82/253/64 87/254/64 88/255/64 83/256/64
f 88/257/65 86/258/65 84/259/65 83/260/65
f 82/261/66 81/262/66 85/263/66 87/264/66
o cube
v 0.1537786036225849 -0.025541860167625274 -0.5991259558377828
v 0.14179898958190584 0.19196840446411056 -0.38899671658663176
v 0.13801895033706546 0.2262936358051011 -0.4247431628713322
v 0.1499985643777444 0.008783371173365362 -0.6348724021224833
v 0.20171643747281331 -0.021631705349128172 -0.6004404899922623
v 0.19793639822797282 0.012693525991862464 -0.6361869362769628
v 0.18973682343213427 0.19587855928260756 -0.3903112507411112
v 0.18595678418729378 0.2302037906235982 -0.42605769702581164
vt 0.625 0.7125979601808907
vt 0.7258916812071519 0.7125979601808907
vt 0.7258911682464042 0.7291652231149353
vt 0.6250009891831123 0.7291666666666667
vt 0.7916666666666661 0.7916655393245202
vt 0.7916666666666661 0.7756264004544174
vt 0.808234268680498 0.7756277713414332
vt 0.8082321996315197 0.7916666666666655
vt 0.7258916812071519 0.7708333333333334
vt 0.625 0.7708333333333334
vt 0.6250009891831123 0.7542646268475574
vt 0.7258911682464042 0.754266070399289
vt 0.7916666666666657 0.7542657313195011
vt 0.8077058055367686 0.7542657313195011
vt 0.8077069328789138 0.7708312642843549
vt 0.7916680375536815 0.7708333333333329
vt 0.7258890613696595 0.8333333333333333
vt 0.6250002405270758 0.8333333333333334
vt 0.625 0.817296344569145
vt 0.7258890549165988 0.8172942744273303
vt 0.8300558101402892 0.8541666666666666
vt 0.7291667552024516 0.8541666666666666
vt 0.7291666666666666 0.838129677900919
vt 0.8300554874880118 0.8381276077639076
vn -0.9963178603393593 -0.08126685687409371 0.027320672440598413
vn 0.039579917469840534 -0.7186407086015989 -0.6942542488697298
vn 0.9963178603393592 0.08126685687409514 -0.02732067244059983
vn -0.03957991746983882 0.7186407086015985 0.6942542488697302
vn -0.07605360807931359 0.6906165578049793 -0.7192111086348151
vn 0.0760536080793136 -0.6906165578049791 0.7192111086348155
usemtl m_3a48f385-41be-4b10-9a84-73e6297d5c3c
f 89/265/67 90/266/67 91/267/67 92/268/67
f 93/269/68 89/270/68 92/271/68 94/272/68
f 95/273/69 93/274/69 94/275/69 96/276/69
f 90/277/70 95/278/70 96/279/70 91/280/70
f 96/281/71 94/282/71 92/283/71 91/284/71
f 90/285/72 89/286/72 93/287/72 95/288/72