# Made in Blockbench 4.8.1
mtllib birch_twig_branch_up.mtl

o cube
v 0.6232660898542564 -0.09449357215417545 0.521065088256474
v 0.6232660951557617 0.0016735403772384153 0.6498484702163597
v 0.4625387648542564 -0.09449357236104788 0.5210650950274649
v 0.6236698958611083 0.3538882406066636 -0.21280853807579303
v 0.6236699021796301 0.46416033760753317 -0.059452642042967074
v 0.4621349021796302 0.46416033739962126 -0.05945263523795119
v 0.4621348958611084 0.35388824039875155 -0.21280853127077715
v 0.4625387701557618 0.0016735401703659794 0.6498484769873506
vt 0.3951921875 0.4476854166666667
vt 0.375 0.4476854166666667
vt 0.375 0.47916666666666663
vt 0.3951921875 0.47916666666666663
vt 0.3717546875 0.18999791666666666
vt 0.3515625 0.18999791666666666
vt 0.35161328125 0.33333333333333337
vt 0.37170390625 0.33333333333333337
vt 0.37946562500000003 0.0625
vt 0.37946562500000003 0.035712499999999925
vt 0.359375 0.035712499999999925
vt 0.359375 0.0625
vt 0.3854522314712625 0.7647259722348183
vt 0.38882255706825686 0.9057809672366701
vt 0.40745442722255903 0.8957595241135482
vt 0.4071854513074069 0.7524256995740312
vt 0.40379440785580567 0.6085418164845959
vt 0.3817313709039121 0.597333911108596
vt 0.3854830914002776 0.7405808689494315
vt 0.4043834491323047 0.7496670696927366
vt 0.3359375 0.6505395833333334
vt 0.33598828125 0.7916666666666666
vt 0.35607890625 0.7916666666666666
vt 0.3561296875 0.6505395833333334
vn -2.563893224465268e-8 0.8118960580883154 -0.5838020134092159
vn -2.0865457355844433e-8 -0.8533317634769035 -0.5213682973114088
vn 2.623703040497228e-8 -0.8012538126910669 0.5983246005706502
vn 0.9999998709832695 -0.00040703257343278356 0.00030390447271208006
vn -0.999999870146304 -0.00041373482165065644 0.0002975413798039935
vn 2.1931045756176174e-8 0.8376651072514792 0.5461841887984008
usemtl m_890a103a-2c95-a057-8483-4c3958a0f191
f 6/1/1 5/2/1 4/3/1 7/4/1
f 7/5/2 4/6/2 1/7/2 3/8/2
f 1/9/3 2/10/3 8/11/3 3/12/3
f 5/13/4 2/14/4 1/15/4 4/16/4
f 6/17/5 7/18/5 3/19/5 8/20/5
f 6/21/6 8/22/6 2/23/6 5/24/6
o cube
v 0.6855400489236376 0.882559447632979 -0.942415464600185
v 0.5734471882152539 0.8860258950350277 -0.95248554471967
v 0.6870559754708241 0.7848749570567328 -0.9929158266471965
v 0.5749631147624403 0.7883414044587818 -1.0029859067666815
v 0.4838492327851658 0.4471402893366234 -0.10622442574191426
v 0.5959420934935498 0.4436738419345747 -0.0961543456224293
v 0.48536515933235236 0.34945579876037747 -0.15672478778892568
v 0.5974580200407362 0.34598935135832865 -0.14665470766944072
vt 0.3515625 0.3151208333333342
vt 0.3515625 0.4747041666666667
vt 0.3653095703125 0.4747041666666667
vt 0.3653095703125 0.3151208333333342
vt 0.3515625 0.643437890625
vt 0.3515625 0.6622041666666667
vt 0.3653095703125 0.6622041666666667
vt 0.3653095703125 0.643437890625
vt 0.3984375 0.2942875000000008
vt 0.3984375 0.45387083333333333
vt 0.4121845703125 0.45387083333333333
vt 0.4121845703125 0.2942875000000008
vt 0.34375 0.5392712239583333
vt 0.34375 0.5580375
vt 0.3574970703125 0.5580375
vt 0.3574970703125 0.5392712239583333
vt 0.359375 0.1380375000000008
vt 0.359375 0.29762083333333333
vt 0.37344970703125 0.29762083333333333
vt 0.37344970703125 0.1380375000000008
vt 0.3984375 0.7109541666666674
vt 0.3984375 0.8705375000000001
vt 0.41251220703125 0.8705375000000001
vt 0.41251220703125 0.7109541666666674
vn -0.9955168201681274 0.03078614171463944 -0.08943418943931146
vn 0.09357488817763804 0.4583661678312338 -0.8838236229532744
vn 0.9955168201681274 -0.03078614171463944 0.08943418943931146
vn -0.09357488817763804 -0.4583661678312338 0.8838236229532744
vn -0.01378408737940423 0.8882300769879587 0.45919203964036853
vn 0.01378408737940423 -0.8882300769879587 -0.45919203964036853
usemtl m_890a103a-2c95-a057-8483-4c3958a0f191
f 12/28/7 15/27/7 13/26/7 10/25/7
f 11/32/8 12/31/8 10/30/8 9/29/8
f 16/36/9 11/35/9 9/34/9 14/33/9
f 15/40/10 16/39/10 14/38/10 13/37/10
f 14/44/11 9/43/11 10/42/11 13/41/11
f 15/48/12 12/47/12 11/46/12 16/45/12
o cube
v 0.7137697623287236 1.020051732204986 -1.411190645190492
v 0.6277934902207585 1.0260590278942912 -1.415717467187333
v 0.7093024489749271 0.9352179728054648 -1.438922800052854
v 0.623326176866962 0.94122526849477 -1.4434496220496948
v 0.5906687117022584 0.8666647013819941 -0.9221435623912598
v 0.6766449838102235 0.860657405692689 -0.917616740394419
v 0.586201398348462 0.7818309419824729 -0.9498757172536217
v 0.6721776704564271 0.7758236462931678 -0.9453488952567809
vt 0.40625 0.7005375
vt 0.40625 0.7872041666666667
vt 0.4174204101562502 0.7872041666666667
vt 0.4174204101562502 0.7005375
vt 0.3125 0.62698671875
vt 0.3125 0.6413708333333334
vt 0.3236704101562502 0.6413708333333334
vt 0.3236704101562502 0.62698671875
vt 0.3125 0.8567875
vt 0.3125 0.9434541666666667
vt 0.3236704101562502 0.9434541666666667
vt 0.3236704101562502 0.8567875
vt 0.34375 0.5436533854166667
vt 0.34375 0.5580375
vt 0.3549204101562502 0.5580375
vt 0.3549204101562502 0.5436533854166667
vt 0.375 0.8047041666666667
vt 0.375 0.8913708333333333
vt 0.3857880859375 0.8913708333333333
vt 0.3857880859375 0.8047041666666667
vt 0.3671875 0.4999999999999998
vt 0.3671875 0.5866666666666664
vt 0.3779755859375 0.5866666666666664
vt 0.3779755859375 0.4999999999999998
vn -0.9961946980917455 0.06960567106282699 -0.05245163533951533
vn 0.07139380484326942 0.30652755098518686 -0.9491805861462954
vn 0.9961946980917455 -0.06960567106282699 0.05245163533951533
vn -0.07139380484326942 -0.30652755098518686 0.9491805861462954
vn 0.049990480332730666 0.9493133892676944 0.31033053480633477
vn -0.049990480332730666 -0.9493133892676944 -0.31033053480633477
usemtl m_890a103a-2c95-a057-8483-4c3958a0f191
f 20/52/13 23/51/13 21/50/13 18/49/13
f 19/56/14 20/55/14 18/54/14 17/53/14
f 24/60/15 19/59/15 17/58/15 22/57/15
f 23/64/16 24/63/16 22/62/16 21/61/16
f 22/68/17 17/67/17 18/66/17 21/65/17
f 23/72/18 20/71/18 19/70/18 24/69/18
o cube
v 0.8874786940129649 0.5741671918513567 -0.42068752318961655
v 0.914605460332802 0.6494428963177672 -0.3852639167792775
v 0.9577900351563184 0.5321454560422305 -0.38523386467288556
v 0.9849168014761558 0.607421160508641 -0.3498102582625466
v 1.2482757123189905 0.7721556551912387 -0.9015491338426086
v 1.2211489459991534 0.6968799507248284 -0.9369727402529476
v 1.3185870534623443 0.7301339193821128 -0.8660954753258776
v 1.291460287142507 0.6548582149157023 -0.9015190817362166
vt 0.390625 0.7872041666666667
vt 0.390625 0.6827286666666672
vt 0.4017818875 0.6827286666666672
vt 0.4017818875 0.7872041666666667
vt 0.34375 0.5580375
vt 0.34375 0.5434533333333333
vt 0.3549068875 0.5434533333333333
vt 0.3549068875 0.5580375
vt 0.34375 0.6830375
vt 0.34375 0.5785620000000005
vt 0.3549068875 0.5785620000000005
vt 0.3549068875 0.6830375
vt 0.40625 0.7351208333333334
vt 0.40625 0.7205366666666666
vt 0.4174068875 0.7205366666666666
vt 0.4174068875 0.7351208333333334
vt 0.3984375 0.7663708333333333
vt 0.3984375 0.661895333333334
vt 0.409375625 0.661895333333334
vt 0.409375625 0.7663708333333333
vt 0.3515625 0.680591666666666
vt 0.3515625 0.5761161666666665
vt 0.362500625 0.5761161666666665
vt 0.362500625 0.680591666666666
vn 0.3100024720854489 0.8602446084956319 0.4048180836562363
vn -0.5322942571642635 -0.19576002487580385 0.8236144950464203
vn -0.3100024720854489 -0.8602446084956319 -0.4048180836562363
vn 0.5322942571642635 0.19576002487580385 -0.8236144950464203
vn -0.7877571269692555 0.4708048706362559 -0.3972171732117369
vn 0.7877571269692555 -0.4708048706362559 0.3972171732117369
usemtl m_890a103a-2c95-a057-8483-4c3958a0f191
f 28/76/19 31/75/19 29/74/19 26/73/19
f 27/80/20 28/79/20 26/78/20 25/77/20
f 32/84/21 27/83/21 25/82/21 30/81/21
f 31/88/22 32/87/22 30/86/22 29/85/22
f 30/92/23 25/91/23 26/90/23 29/89/23
f 31/96/24 28/95/24 27/94/24 32/93/24
o cube
v 1.2188399767185274 0.7091182984428968 -0.9017892652397462
v 1.2437437377996665 0.7611004258342597 -0.8956495001131386
v 1.2606584639514877 0.6852496273542155 -0.8693276511127932
v 1.2855622250326268 0.7372317547455784 -0.8631878859861856
v 1.5462849143549522 0.670095730294435 -1.3523111872557776
v 1.521381153273813 0.618113602903072 -1.3584509523823851
v 1.5881034015879125 0.646227059205754 -1.3198495731288247
v 1.5631996405067738 0.594244931814391 -1.3259893382554322
vt 0.421875 0.7663708333333333
vt 0.421875 0.6738216100000003
vt 0.4291338908046875 0.6738216100000003
vt 0.4291338908046875 0.7663708333333333
vt 0.34375 0.5580375
vt 0.34375 0.5483765309895834
vt 0.3510088908046875 0.5483765309895834
vt 0.3510088908046875 0.5580375
vt 0.3125 0.9434541666666667
vt 0.3125 0.8509049433333336
vt 0.3197588908046875 0.8509049433333336
vt 0.3197588908046875 0.9434541666666667
vt 0.3515625 0.8601208333333333
vt 0.3515625 0.8504598643229168
vt 0.3588213908046875 0.8504598643229168
vt 0.3588213908046875 0.8601208333333333
vt 0.375 0.8137955683333336
vt 0.375 0.9063447916666667
vt 0.38224572675781243 0.9063447916666667
vt 0.38224572675781243 0.8137955683333336
vt 0.3984375 0.7663708333333333
vt 0.3984375 0.6738216100000003
vt 0.40568322675781243 0.6738216100000003
vt 0.40568322675781243 0.7663708333333333
vn 0.42962841950753117 0.896772144618124 0.1059204502845014
vn -0.5448293093100445 0.1638852138392244 0.8223762280134388
vn -0.42962841950753117 -0.896772144618124 -0.1059204502845014
vn 0.5448293093100445 -0.1638852138392244 -0.8223762280134388
vn -0.7201252980337524 0.41102476485229233 -0.5589974935631796
vn 0.7201252980337524 -0.41102476485229233 0.5589974935631796
usemtl m_890a103a-2c95-a057-8483-4c3958a0f191
f 36/100/25 39/99/25 37/98/25 34/97/25
f 35/104/26 36/103/26 34/102/26 33/101/26
f 40/108/27 35/107/27 33/106/27 38/105/27
f 39/112/28 40/111/28 38/110/28 37/109/28
f 38/116/29 33/115/29 34/114/29 37/113/29
f 39/120/30 36/119/30 35/118/30 40/117/30
o cube
v 0.460626060482228 0.6299494268924422 -1.1969638474627309
v 0.43441928545049824 0.714421405335423 -1.1923057237626904
v 0.3866741421321944 0.6054609764431336 -1.1689382776199444
v 0.3604673671004648 0.6899329548861144 -1.164280153919904
v 0.6107560973876749 0.7421344017558558 -0.7027851204320107
v 0.6369628724194045 0.6576624233128749 -0.7074432441320513
v 0.5368041790376412 0.7176459513065472 -0.6747595505892242
v 0.5630109540693709 0.6331739728635664 -0.6794176742892648
vt 0.3515625 0.8149458333333336
vt 0.3515625 0.9017875000000001
vt 0.3619111132812499 0.9017875000000001
vt 0.3619111132812499 0.8149458333333336
vt 0.359375 0.6622041666666667
vt 0.359375 0.6474430989583333
vt 0.3697236132812499 0.6474430989583333
vt 0.3697236132812499 0.6622041666666667
vt 0.34375 0.5580375
vt 0.34375 0.4711958333333336
vt 0.3540986132812499 0.4711958333333336
vt 0.3540986132812499 0.5580375
vt 0.34375 0.5580375
vt 0.34375 0.5432764322916668
vt 0.3540986132812499 0.5432764322916668
vt 0.3540986132812499 0.5580375
vt 0.42513330078125 0.7767875000000001
vt 0.42513330078125 0.6899458333333336
vt 0.4140625 0.6899458333333336
vt 0.4140625 0.7767875000000001
vt 0.40950830078125 0.648279166666667
vt 0.40950830078125 0.7351208333333334
vt 0.3984375 0.7351208333333334
vt 0.3984375 0.648279166666667
vn -0.2958997224947217 0.9537699678650008 0.052594701504450135
vn -0.3384258937475808 -0.05318682740702975 -0.9394887310827766
vn 0.2958997224947217 -0.9537699678650008 -0.052594701504450135
vn 0.3384258937475808 0.05318682740702975 0.9394887310827766
vn 0.8932587915429088 0.2957938636773424 -0.33851842127442905
vn -0.8932587915429088 -0.2957938636773424 0.33851842127442905
usemtl m_890a103a-2c95-a057-8483-4c3958a0f191
f 44/124/31 47/123/31 45/122/31 42/121/31
f 43/128/32 44/127/32 42/126/32 41/125/32
f 48/132/33 43/131/33 41/130/33 46/129/33
f 47/136/34 48/135/34 46/134/34 45/133/34
f 46/140/35 41/139/35 42/138/35 45/137/35
f 47/144/36 44/143/36 43/142/36 48/141/36
o cube
v 0.3025438772766039 0.49270004751781626 -1.6108550801699812
v 0.27584350453612894 0.5507278932172581 -1.621251843167084
v 0.24193488764822746 0.47014289393664377 -1.5811016283349675
v 0.21523451490775236 0.5281707396360855 -1.5914983913320702
v 0.4345894528314025 0.7022982005585081 -1.1829690413218479
v 0.4612898255718776 0.6442703548590663 -1.1725722783247452
v 0.373980463203026 0.6797410469773357 -1.1532155894868341
v 0.4006808359435011 0.6217132012778939 -1.1428188264897314
vt 0.3984375 0.7559541666666667
vt 0.3984375 0.6742593333333338
vt 0.4073358343750001 0.6742593333333338
vt 0.4073358343750001 0.7559541666666667
vt 0.34375 0.6622041666666667
vt 0.34375 0.6514180729166668
vt 0.3526483343750001 0.6514180729166668
vt 0.3526483343750001 0.6622041666666667
vt 0.328125 0.8913708333333333
vt 0.328125 0.8096760000000005
vt 0.3370233343750001 0.8096760000000005
vt 0.3370233343750001 0.8913708333333333
vt 0.34375 0.5580375
vt 0.34375 0.54725140625
vt 0.3526483343750001 0.54725140625
vt 0.3526483343750001 0.5580375
vt 0.3987145703125 0.6638426666666672
vt 0.3987145703125 0.7455375
vt 0.390625 0.7455375
vt 0.390625 0.6638426666666672
vt 0.4221520703125 0.6846760000000005
vt 0.4221520703125 0.7663708333333333
vt 0.4140625 0.7663708333333333
vt 0.4140625 0.6846760000000005
vn -0.41257402601497745 0.8966459814586332 -0.1606507298205562
vn -0.32385962452801903 -0.3092205083170316 -0.8941463084063632
vn 0.41257402601497745 -0.8966459814586332 0.1606507298205562
vn 0.32385962452801903 0.3092205083170316 0.8941463084063632
vn 0.8514091946052516 0.3168732572658054 -0.41796378093250547
vn -0.8514091946052516 -0.3168732572658054 0.41796378093250547
usemtl m_890a103a-2c95-a057-8483-4c3958a0f191
f 52/148/37 55/147/37 53/146/37 50/145/37
f 51/152/38 52/151/38 50/150/38 49/149/38
f 56/156/39 51/155/39 49/154/39 54/153/39
f 55/160/40 56/159/40 54/158/40 53/157/40
f 54/164/41 49/163/41 50/162/41 53/161/41
f 55/168/42 52/167/42 51/166/42 56/165/42
o cube
v 0.19000072129833612 0.3362252917851348 -1.8758596185588936
v 0.16938444126735563 0.376954066820004 -1.891064522598159
v 0.15512068806254553 0.3254692724169199 -1.8573776183545816
v 0.13450440803156494 0.36619804745178897 -1.8725825223938468
v 0.27868338842574925 0.5460168207740517 -1.5864008983557216
v 0.29929966845672973 0.5052880457391826 -1.5711959943164562
v 0.24380335518995855 0.5352608014058367 -1.5679188981514096
v 0.26441963522093914 0.4945320263709676 -1.5527139941121442
vt 0.3984375 0.6863145000000012
vt 0.3984375 0.7471760000000005
vt 0.4035516546875001 0.7471760000000005
vt 0.4035516546875001 0.6863145000000012
vt 0.328125 0.4899158333333332
vt 0.328125 0.4979349999999999
vt 0.3332391546875001 0.4979349999999999
vt 0.3332391546875001 0.4899158333333332
vt 0.421875 0.3321478333333344
vt 0.421875 0.3930093333333339
vt 0.4269891546875001 0.3930093333333339
vt 0.4269891546875001 0.3321478333333344
vt 0.34375 0.5419991666666666
vt 0.34375 0.5500183333333333
vt 0.3488641546875001 0.5500183333333333
vt 0.3488641546875001 0.5419991666666666
vt 0.42788937500000007 0.268009333333334
vt 0.42788937500000007 0.32887083333333333
vt 0.43390375000000014 0.32887083333333333
vt 0.43390375000000014 0.268009333333334
vt 0.41226437500000007 0.6846760000000006
vt 0.41226437500000007 0.7455375
vt 0.41827875000000014 0.7455375
vt 0.41827875000000014 0.6846760000000006
vn -0.42847926906329287 0.8464881021483665 -0.31601172273231115
vn -0.29931058539578853 -0.46297126523349325 -0.8343085646438786
vn 0.42847926906329287 -0.8464881021483665 0.31601172273231115
vn 0.29931058539578853 0.46297126523349325 0.8343085646438786
vn 0.8525366205935184 0.2628982702289143 -0.45173643870915275
vn -0.8525366205935184 -0.2628982702289143 0.45173643870915275
usemtl m_890a103a-2c95-a057-8483-4c3958a0f191
f 60/172/43 63/171/43 61/170/43 58/169/43
f 59/176/44 60/175/44 58/174/44 57/173/44
f 64/180/45 59/179/45 57/178/45 62/177/45
f 63/184/46 64/183/46 62/182/46 61/181/46
f 62/188/47 57/187/47 58/186/47 61/185/47
f 63/192/48 60/191/48 59/190/48 64/189/48
o cube
v 0.732939205637873 1.0112895272901437 -1.931188851947727
v 0.6620420524951638 1.0162432215131658 -1.934921728292456
v 0.7282794606796972 0.9440639498015924 -1.9318993772085882
v 0.657382307536988 0.9490176440246145 -1.9356322535533173
v 0.6344523841544458 1.0126674521492143 -1.4156664692200953
v 0.7053495372971552 1.007713757926192 -1.4119335928753662
v 0.62979263919627 0.945441874660663 -1.4163769944809566
v 0.7006897923389792 0.940488180437641 -1.4126441181362275
vt 0.40625 0.7005375
vt 0.40625 0.7872041666666667
vt 0.41467382812500014 0.7872041666666667
vt 0.41467382812500014 0.7005375
vt 0.3125 0.6295095052083333
vt 0.3125 0.6413708333333334
vt 0.32092382812500014 0.6413708333333334
vt 0.32092382812500014 0.6295095052083333
vt 0.3125 0.8567875
vt 0.3125 0.9434541666666667
vt 0.32092382812500014 0.9434541666666667
vt 0.32092382812500014 0.8567875
vt 0.34375 0.546176171875
vt 0.34375 0.5580375
vt 0.35217382812500014 0.5580375
vt 0.35217382812500014 0.546176171875
vt 0.390625 0.6765791666666668
vt 0.390625 0.7632458333333335
vt 0.39952099609375 0.7632458333333335
vt 0.39952099609375 0.6765791666666668
vt 0.3671875 0.4999999999999999
vt 0.3671875 0.5866666666666664
vt 0.37608349609375 0.5866666666666664
vt 0.37608349609375 0.4999999999999999
vn -0.9961946980917457 0.06960567106282711 -0.052451635339515405
vn 0.053057054501380534 0.0068764795460605705 -0.998567805908387
vn 0.9961946980917457 -0.06960567106282711 0.052451635339515405
vn -0.053057054501380534 -0.0068764795460605705 0.998567805908387
vn 0.06914529963441861 0.9975508832059378 0.010543384348507524
vn -0.06914529963441861 -0.9975508832059378 -0.010543384348507524
usemtl m_890a103a-2c95-a057-8483-4c3958a0f191
f 68/196/49 71/195/49 69/194/49 66/193/49
f 67/200/50 68/199/50 66/198/50 65/197/50
f 72/204/51 67/203/51 65/202/51 70/201/51
f 71/208/52 72/207/52 70/206/52 69/205/52
f 70/212/53 65/211/53 66/210/53 69/209/53
f 71/216/54 68/215/54 67/214/54 72/213/54
o cube
v 0.5158158396524279 0.30521522810412016 -0.03434788703377745
v 0.533089591473527 0.39618835927886875 0.0392219686557419
v 0.6061288093436981 0.25123936114738377 0.011191278006746241
v 0.6234025611647969 0.34221249232213236 0.08476113369626548
v 0.9082107700819444 0.6670022472617889 -0.38373030175311024
v 0.8909370182608456 0.5760291160870403 -0.45730015744262953
v 0.9985237397732145 0.6130263803050524 -0.3381911367125866
v 0.9812499879521155 0.522053249130304 -0.41176099240210595
vt 0.390625 0.5892875
vt 0.390625 0.48481200000000046
vt 0.404955715625 0.48481200000000046
vt 0.404955715625 0.5892875
vt 0.34375 0.5580375
vt 0.34375 0.5383263802083333
vt 0.358080715625 0.5383263802083333
vt 0.358080715625 0.5580375
vt 0.34375 0.6830375
vt 0.34375 0.5785620000000005
vt 0.358080715625 0.5785620000000005
vt 0.358080715625 0.6830375
vt 0.359375 0.8705375000000001
vt 0.359375 0.8508263802083333
vt 0.373705715625 0.8508263802083333
vt 0.373705715625 0.8705375000000001
vt 0.3828125 0.7663708333333333
vt 0.3828125 0.6618953333333337
vt 0.39759583984375 0.6618953333333337
vt 0.39759583984375 0.7663708333333333
vt 0.3671875 0.36809166666666604
vt 0.3671875 0.26361616666666654
vt 0.38197083984375 0.26361616666666654
vt 0.38197083984375 0.36809166666666604
vn 0.14605758918207032 0.7692200488546023 0.6220672769744806
vn -0.5984196910733763 -0.43202136383318124 0.6747232132714593
vn -0.14605758918207032 -0.7692200488546023 -0.6220672769744806
vn 0.5984196910733763 0.43202136383318124 -0.6747232132714593
vn -0.7877569764705145 0.47080575360953403 -0.39721642512639405
vn 0.7877569764705145 -0.47080575360953403 0.39721642512639405
usemtl m_890a103a-2c95-a057-8483-4c3958a0f191
f 76/220/55 79/219/55 77/218/55 74/217/55
f 75/224/56 76/223/56 74/222/56 73/221/56
f 80/228/57 75/227/57 73/226/57 78/225/57
f 79/232/58 80/231/58 78/230/58 77/229/58
f 78/236/59 73/235/59 74/234/59 77/233/59
f 79/240/60 76/239/60 75/238/60 80/237/60