# Made in Blockbench 4.8.1
mtllib birch_twig_branch_up_9.mtl

o cube
v -0.43040721509055274 0.9518102211201881 0.5939008971543144
v -0.5349929342970522 1.0525098515318618 0.5568294596844682
v -0.38702583796076995 0.9467194999672219 0.45768534656967025
v 0.20089534593586117 1.3627668941790372 0.7683372000835006
v 0.08722999353544997 1.4886963317609356 0.7390685436136182
v 0.1308293675352316 1.4835800290946377 0.6021684927747799
v 0.24449471993564292 1.3576505915127397 0.6314371492446623
v -0.49161155716726945 1.0474191303788956 0.4206139090998241
vt 0.3951921875 0.43832812500000007
vt 0.375 0.43832812500000007
vt 0.37655625 0.46875
vt 0.3967484375 0.46875
vt 0.3717526148091518 0.1928498731317917
vt 0.35156250000000006 0.1932356192277389
vt 0.3515625 0.33333333333333337
vt 0.3716510627343553 0.3329495274599533
vt 0.37946562500000003 0.0625
vt 0.37946562500000003 0.035712499999999925
vt 0.359375 0.035712499999999925
vt 0.359375 0.0625
vt 0.392118012540416 0.7540370297317198
vt 0.39554537122936395 0.8950895815805116
vt 0.4141731866479985 0.8850547469683184
vt 0.4138984219401892 0.744973079366806
vt 0.3820298653718557 0.698634465885478
vt 0.4040983636175972 0.7066329028581091
vt 0.4004312972714556 0.5666181819336209
vt 0.3815823936790532 0.5575211060345582
vt 0.3359375 0.6505395833333334
vt 0.33598828125 0.7916666666666666
vt 0.35607890625 0.7916666666666666
vt 0.3561296875 0.6505395833333334
vn 0.7040958572963636 0.6817209874366876 0.19875995327642454
vn 0.49812894141525327 -0.8459724371951878 0.19025822776046591
vn -0.648743819372638 -0.7396638153862887 -0.17896618963927313
vn -0.30357312933695046 0.03523736774186245 0.9521563333083471
vn 0.2594001857912257 0.009683568944170015 -0.9657213739500545
vn -0.523232917180015 0.8289599876015035 -0.1976174418795235
usemtl m_890a103a-2c95-a057-8483-4c3958a0f191
f 6/1/1 5/2/1 4/3/1 7/4/1
f 7/5/2 4/6/2 1/7/2 3/8/2
f 1/9/3 2/10/3 8/11/3 3/12/3
f 5/13/4 2/14/4 1/15/4 4/16/4
f 6/17/5 7/18/5 3/19/5 8/20/5
f 6/21/6 8/22/6 2/23/6 5/24/6
o cube
v 0.7259097751845114 1.7729345271185384 1.025251974341242
v 0.7722887748049314 1.7763129161193874 0.9216340316544616
v 0.7696581610654967 1.6658253759584096 1.041341369196707
v 0.8160371606859165 1.6692037649592586 0.9377234265099266
v 0.12195038666732883 1.4654358225383983 0.6204091009057617
v 0.07557138704690902 1.4620574335375494 0.7240270435925424
v 0.1656987725483141 1.3583266713782693 0.6364984957612267
v 0.11931977292789431 1.3549482823774204 0.7401164384480072
vt 0.3984375 0.7194990885416674
vt 0.3984375 0.8497041666666667
vt 0.41303906250000005 0.8497041666666667
vt 0.41303906250000005 0.7194990885416674
vt 0.34375 0.6328584635416667
vt 0.34375 0.6517875
vt 0.35835156250000005 0.6517875
vt 0.35835156250000005 0.6328584635416667
vt 0.359375 0.7403324218750009
vt 0.359375 0.8705375000000001
vt 0.37397656250000005 0.8705375000000001
vt 0.37397656250000005 0.7403324218750009
vt 0.34375 0.5391084635416667
vt 0.34375 0.5580375
vt 0.35835156250000005 0.5580375
vt 0.35835156250000005 0.5391084635416667
vt 0.3515625 0.22991575520833418
vt 0.3515625 0.36012083333333333
vt 0.36575927734375 0.36012083333333333
vt 0.36575927734375 0.22991575520833418
vt 0.3671875 0.3653324218750008
vt 0.3671875 0.4955375000000001
vt 0.38138427734375 0.4955375000000001
vt 0.38138427734375 0.3653324218750008
vn 0.4083585177240743 0.029746090600767904 -0.9123368298474901
vn 0.8324539481648405 0.397932628099371 0.38557755079710815
vn -0.4083585177240743 -0.029746090600767904 0.9123368298474901
vn -0.8324539481648405 -0.397932628099371 -0.38557755079710815
vn -0.3745180171726934 0.9169322731739236 -0.13773692760162623
vn 0.3745180171726934 -0.9169322731739236 0.13773692760162623
usemtl m_890a103a-2c95-a057-8483-4c3958a0f191
f 12/28/7 15/27/7 13/26/7 10/25/7
f 11/32/8 12/31/8 10/30/8 9/29/8
f 16/36/9 11/35/9 9/34/9 14/33/9
f 15/40/10 16/39/10 14/38/10 13/37/10
f 14/44/11 9/43/11 10/42/11 13/41/11
f 15/48/12 12/47/12 11/46/12 16/45/12
o cube
v 1.1744937204275272 1.7946018885981214 1.1961723169879745
v 1.1993036125575418 1.809119436268217 1.1280725654005457
v 1.1865810813258264 1.7267950804377854 1.1861208493416862
v 1.2113909734558412 1.7413126281078806 1.1180210977542573
v 0.7168920964407797 1.7510128764955013 0.9399346922082965
v 0.6920822043107648 1.7364953288254061 1.0080344437957254
v 0.7289794573390789 1.6832060683351653 0.9298832245620081
v 0.7041695652090643 1.6686885206650697 0.997982976149437
vt 0.4227631640625001 0.7663708333333333
vt 0.4227631640625001 0.6795291666666674
vt 0.4140625 0.6795291666666674
vt 0.4140625 0.7663708333333333
vt 0.3993256640625001 0.7351208333333334
vt 0.3993256640625001 0.722801171875
vt 0.390625 0.722801171875
vt 0.390625 0.7351208333333334
vt 0.3833954882812501 0.9017875000000001
vt 0.3833954882812501 0.814945833333334
vt 0.37469482421875 0.814945833333334
vt 0.37469482421875 0.9017875000000001
vt 0.3524506640625001 0.5580375
vt 0.3524506640625001 0.5457178385416668
vt 0.34375 0.5457178385416668
vt 0.34375 0.5580375
vt 0.39765625 0.6691125000000007
vt 0.39765625 0.7559541666666667
vt 0.40689599609375 0.7559541666666667
vt 0.40689599609375 0.6691125000000007
vt 0.3828125 0.6274458333333339
vt 0.3828125 0.7142875
vt 0.39205224609375 0.7142875
vt 0.39205224609375 0.6274458333333339
vn 0.3356408806893074 0.19640079287345574 -0.9212881893136285
vn 0.9258449594410628 0.11151820319108664 0.361074509533155
vn -0.3356408806893074 -0.19640079287345574 0.9212881893136285
vn -0.9258449594410628 -0.11151820319108664 -0.361074509533155
vn -0.17365572345213137 0.9741613926427745 0.14440661618017178
vn 0.17365572345213137 -0.9741613926427745 -0.14440661618017178
usemtl m_890a103a-2c95-a057-8483-4c3958a0f191
f 20/52/13 23/51/13 21/50/13 18/49/13
f 19/56/14 20/55/14 18/54/14 17/53/14
f 24/60/15 19/59/15 17/58/15 22/57/15
f 23/64/16 24/63/16 22/62/16 21/61/16
f 22/68/17 17/67/17 18/66/17 21/65/17
f 23/72/18 20/71/18 19/70/18 24/69/18
o cube
v 1.5512940484622293 1.7392172862202306 1.3160167101118385
v 1.5702552437827264 1.7483982716232442 1.2642087200398666
v 1.547920360325294 1.6872434389320028 1.3055715974515174
v 1.5668815556457911 1.6964244243350164 1.2537636073795455
v 1.1704369246237336 1.8018548057612387 1.1273524248464022
v 1.1514757293032367 1.792673820358225 1.179160414918374
v 1.167063236486798 1.7498809584730104 1.1169073121860813
v 1.1481020411663012 1.7406999730699968 1.168715302258053
vt 0.41636903750000004 0.6970159973958339
vt 0.41636903750000004 0.7680093333333338
vt 0.42300907109375 0.7680093333333338
vt 0.42300907109375 0.6970159973958339
vt 0.33043153750000004 0.6292387500000001
vt 0.33043153750000004 0.63856
vt 0.33707157109375 0.63856
vt 0.33707157109375 0.6292387500000001
vt 0.40074403750000004 0.6761826640625006
vt 0.40074403750000004 0.7471760000000005
vt 0.40738407109375 0.7471760000000005
vt 0.40738407109375 0.6761826640625006
vt 0.35386903750000004 0.5354887500000001
vt 0.35386903750000004 0.54481
vt 0.36050907109375 0.54481
vt 0.36050907109375 0.5354887500000001
vt 0.375 0.8203774973958335
vt 0.375 0.8913708333333333
vt 0.3819909374999999 0.8913708333333333
vt 0.3819909374999999 0.8203774973958335
vt 0.3125 0.8724608307291669
vt 0.3125 0.9434541666666667
vt 0.3194909374999999 0.9434541666666667
vt 0.3194909374999999 0.8724608307291669
vn 0.3390316985471768 0.1641586947926062 -0.9263419618608478
vn 0.9386287550307998 -0.12549660103556642 0.3212890651078106
vn -0.3390316985471768 -0.1641586947926062 0.9263419618608478
vn -0.9386287550307998 0.12549660103556642 -0.3212890651078106
vn 0.06351037403091991 0.9784183798623716 0.1966313971316505
vn -0.06351037403091991 -0.9784183798623716 -0.1966313971316505
usemtl m_890a103a-2c95-a057-8483-4c3958a0f191
f 28/76/19 31/75/19 29/74/19 26/73/19
f 27/80/20 28/79/20 26/78/20 25/77/20
f 32/84/21 27/83/21 25/82/21 30/81/21
f 31/88/22 32/87/22 30/86/22 29/85/22
f 30/92/23 25/91/23 26/90/23 29/89/23
f 31/96/24 28/95/24 27/94/24 32/93/24
o cube
v 1.8069634405093193 1.7038084389948196 1.3734510056018605
v 1.816902151694387 1.7074912582098336 1.3401664445380286
v 1.8032614141774506 1.6673475592647717 1.368311319407711
v 1.8132001253625178 1.6710303784797857 1.3350267583438793
v 1.5606819270048096 1.7437259643838097 1.2676687800446556
v 1.5507432158197423 1.7400431451687957 1.3009533411084875
v 1.5569799006729403 1.7072650846537618 1.2625290938505063
v 1.547041189487873 1.7035822654387474 1.295813654914338
vt 0.3874383734375001 0.8809541666666667
vt 0.3874383734375001 0.8361652578125004
vt 0.3828125 0.8361652578125004
vt 0.3828125 0.8809541666666667
vt 0.3483758734375001 0.8705375000000001
vt 0.3483758734375001 0.8647155989583332
vt 0.34375 0.8647155989583332
vt 0.34375 0.8705375000000001
vt 0.3874383734375001 0.8705375000000001
vt 0.3874383734375001 0.8257485911458337
vt 0.3828125 0.8257485911458337
vt 0.3828125 0.8705375000000001
vt 0.3483758734375001 0.8913708333333333
vt 0.3483758734375001 0.8855489322916665
vt 0.34375 0.8855489322916665
vt 0.34375 0.8913708333333333
vt 0.359375 0.8361652578125004
vt 0.359375 0.8809541666666667
vt 0.3637414257812501 0.8809541666666667
vt 0.3637414257812501 0.8361652578125004
vt 0.359375 0.846581924479167
vt 0.359375 0.8913708333333333
vt 0.3637414257812501 0.8913708333333333
vt 0.3637414257812501 0.846581924479167
vn 0.284520786650754 0.10543003017560741 -0.9528548843873377
vn 0.953436283090515 -0.13483511543730983 0.26977536160952625
vn -0.284520786650754 -0.10543003017560741 0.9528548843873377
vn -0.953436283090515 0.13483511543730983 -0.26977536160952625
vn 0.10003587381624339 0.9852431173990398 0.1388842092091206
vn -0.10003587381624339 -0.9852431173990398 -0.1388842092091206
usemtl m_890a103a-2c95-a057-8483-4c3958a0f191
f 36/100/25 39/99/25 37/98/25 34/97/25
f 35/104/26 36/103/26 34/102/26 33/101/26
f 40/108/27 35/107/27 33/106/27 38/105/27
f 39/112/28 40/111/28 38/110/28 37/109/28
f 38/116/29 33/115/29 34/114/29 37/113/29
f 39/120/30 36/119/30 35/118/30 40/117/30
o cube
v 1.1642786799144913 1.8084186112384169 0.8112954857679298
v 1.137609854443645 1.8070257835688732 0.7442755844820377
v 1.1717819530863622 1.7370424777787399 0.8097931136796226
v 1.145113127615516 1.7356496501091963 0.7427732123937303
v 0.7152138368075647 1.7590633762989647 0.9133538556290275
v 0.7418826622784109 1.7604562039685083 0.9803737569149198
v 0.7227171099794356 1.6876872428392873 0.9118514835407203
v 0.7493859354502819 1.689080070508831 0.9788713848266124
vt 0.36834814453125014 0.8151208333333334
vt 0.36834814453125014 0.8913708333333333
vt 0.359375 0.8913708333333333
vt 0.359375 0.8151208333333334
vt 0.38397314453125014 0.8793467447916667
vt 0.38397314453125014 0.8913708333333333
vt 0.375 0.8913708333333333
vt 0.375 0.8793467447916667
vt 0.42303564453125014 0.6901208333333335
vt 0.42303564453125014 0.7663708333333333
vt 0.4140625 0.7663708333333333
vt 0.4140625 0.6901208333333335
vt 0.38397314453125014 0.8793467447916667
vt 0.38397314453125014 0.8913708333333333
vt 0.375 0.8913708333333333
vt 0.375 0.8793467447916667
vt 0.40745556640625 0.7005375
vt 0.40745556640625 0.7767875000000001
vt 0.3984375 0.7767875000000001
vt 0.3984375 0.7005375
vt 0.36839306640625 0.5859541666666668
vt 0.36839306640625 0.6622041666666667
vt 0.359375 0.6622041666666667
vt 0.359375 0.5859541666666668
vn -0.36965830962892604 -0.01930607414603698 -0.9289671735983747
vn 0.9232699839040018 0.10483586288504626 -0.36956999157812037
vn 0.36965830962892604 0.01930607414603698 0.9289671735983747
vn -0.9232699839040018 -0.10483586288504626 0.36956999157812037
vn -0.1045240208956257 0.9943021257918621 0.020928729096514956
vn 0.1045240208956257 -0.9943021257918621 -0.020928729096514956
usemtl m_890a103a-2c95-a057-8483-4c3958a0f191
f 44/124/31 47/123/31 45/122/31 42/121/31
f 43/128/32 44/127/32 42/126/32 41/125/32
f 48/132/33 43/131/33 41/130/33 46/129/33
f 47/136/34 48/135/34 46/134/34 45/133/34
f 46/140/35 41/139/35 42/138/35 45/137/35
f 47/144/36 44/143/36 43/142/36 48/141/36
o cube
v 1.5123401717495817 1.7433347671437147 0.6751549656274731
v 1.4973472203264284 1.7395925529743463 0.6323241376229147
v 1.506997809575764 1.6961535218983181 0.6811473807406105
v 1.4920048581526106 1.6924113077289498 0.6383165527360521
v 1.126990225939702 1.7973531739219721 0.7569211174281034
v 1.141983177362855 1.8010953880913405 0.7997519454326618
v 1.1216478637658842 1.7501719286765756 0.7629135325412411
v 1.1366408151890375 1.753914142845944 0.8057443605457992
vt 0.3809824218750001 0.8255375000000001
vt 0.3809824218750001 0.8913708333333333
vt 0.375 0.8913708333333333
vt 0.375 0.8255375000000001
vt 0.3809824218750001 0.8837819661458334
vt 0.3809824218750001 0.8913708333333333
vt 0.375 0.8913708333333333
vt 0.375 0.8837819661458334
vt 0.4122324218750001 0.7109541666666668
vt 0.4122324218750001 0.7767875000000001
vt 0.40625 0.7767875000000001
vt 0.40625 0.7109541666666668
vt 0.3809824218750001 0.8837819661458334
vt 0.3809824218750001 0.8913708333333333
vt 0.375 0.8913708333333333
vt 0.375 0.8837819661458334
vt 0.404129150390625 0.7005375
vt 0.404129150390625 0.7663708333333333
vt 0.3984375 0.7663708333333333
vt 0.3984375 0.7005375
vt 0.380691650390625 0.8255375000000001
vt 0.380691650390625 0.8913708333333333
vt 0.375 0.8913708333333333
vt 0.375 0.8255375000000001
vn -0.3292751309850473 -0.08218649057249618 -0.9406504498920717
vn 0.9376126440170299 -0.1462294201205721 -0.3154353919118706
vn 0.3292751309850473 0.08218649057249618 0.9406504498920717
vn -0.9376126440170299 0.1462294201205721 0.3154353919118706
vn 0.11162624196027639 0.9858307854082152 -0.1252088041922277
vn -0.11162624196027639 -0.9858307854082152 0.1252088041922277
usemtl m_890a103a-2c95-a057-8483-4c3958a0f191
f 52/148/37 55/147/37 53/146/37 50/145/37
f 51/152/38 52/151/38 50/150/38 49/149/38
f 56/156/39 51/155/39 49/154/39 54/153/39
f 55/160/40 56/159/40 54/158/40 53/157/40
f 54/164/41 49/163/41 50/162/41 53/161/41
f 55/168/42 52/167/42 51/166/42 56/165/42
o cube
v 0.7174395294949776 1.3603554160576592 0.5430028497549906
v 0.7295900325714455 1.3517736863641774 0.6313785678448769
v 0.7183063371570921 1.4360266294940187 0.5502317330266786
v 0.7304568402335598 1.427444899800537 0.6386074511165649
v 0.12014159280351222 1.350759691112855 0.7150712774381227
v 0.10799108972704441 1.359341420806337 0.6266955593482362
v 0.12100840046562666 1.4264309045492145 0.7223001607098105
v 0.10885789738915896 1.4350126342426965 0.6339244426199242
vt 0.40625 0.7055093333333338
vt 0.40625 0.8080375000000001
vt 0.41575258242187507 0.8080375000000001
vt 0.41575258242187507 0.7055093333333338
vt 0.359375 0.6622041666666667
vt 0.359375 0.6472676822916668
vt 0.36887758242187507 0.6472676822916668
vt 0.36887758242187507 0.6622041666666667
vt 0.34375 0.5580375
vt 0.34375 0.45550933333333377
vt 0.35325258242187507 0.45550933333333377
vt 0.35325258242187507 0.5580375
vt 0.34375 0.5580375
vt 0.34375 0.543101015625
vt 0.35325258242187507 0.543101015625
vt 0.35325258242187507 0.5580375
vt 0.37057736328125 0.9330375000000001
vt 0.37057736328125 0.8305093333333338
vt 0.359375 0.8305093333333338
vt 0.359375 0.9330375000000001
vt 0.42526486328125 0.8080375000000001
vt 0.42526486328125 0.7055093333333338
vt 0.4140625 0.7055093333333338
vt 0.4140625 0.8080375000000001
vn 0.13557968496706263 -0.09575802754769729 0.9861280592217254
vn 0.9907008314267064 0.0016483198134536307 -0.13604832101950212
vn -0.13557968496706263 0.09575802754769729 -0.9861280592217254
vn -0.9907008314267064 -0.0016483198134536307 0.13604832101950212
vn -0.011402264453386065 -0.9954032766682895 -0.0950910361883179
vn 0.011402264453386065 0.9954032766682895 0.0950910361883179
usemtl m_890a103a-2c95-a057-8483-4c3958a0f191
f 60/172/43 63/171/43 61/170/43 58/169/43
f 59/176/44 60/175/44 58/174/44 57/173/44
f 64/180/45 59/179/45 57/178/45 62/177/45
f 63/184/46 64/183/46 62/182/46 61/181/46
f 62/188/47 57/187/47 58/186/47 61/185/47
f 63/192/48 60/191/48 59/190/48 64/189/48
o cube
v 1.1310194824897448 1.2596596402101745 0.4719553473597895
v 1.1436092252165064 1.2554814844632145 0.537712782751189
v 1.1459175014077603 1.318112786355309 0.47281706167149684
v 1.1585072441345219 1.313934630608349 0.5385744970628963
v 0.7076748092899046 1.3652553477362614 0.6281505317990348
v 0.695085066563143 1.3694335034832215 0.5623930964076354
v 0.72257282820792 1.423708493881396 0.6290122461107419
v 0.7099830854811584 1.427886649628356 0.5632548107193425
vt 0.3984375 0.6586958333333337
vt 0.3984375 0.7351208333333334
vt 0.40597849609375003 0.7351208333333334
vt 0.40597849609375003 0.6586958333333337
vt 0.390625 0.7239404947916668
vt 0.390625 0.7351208333333334
vt 0.39816599609375003 0.7351208333333334
vt 0.39816599609375003 0.7239404947916668
vt 0.359375 0.8045291666666671
vt 0.359375 0.8809541666666667
vt 0.36691599609375003 0.8809541666666667
vt 0.36691599609375003 0.8045291666666671
vt 0.34375 0.5468571614583333
vt 0.34375 0.5580375
vt 0.35129099609375003 0.5580375
vt 0.35129099609375003 0.5468571614583333
vt 0.3671875 0.8253625000000003
vt 0.3671875 0.9017875000000001
vt 0.37557275390625 0.9017875000000001
vt 0.37557275390625 0.8253625000000003
vt 0.4140625 0.6899458333333337
vt 0.4140625 0.7663708333333333
vt 0.42244775390625 0.7663708333333333
vt 0.42244775390625 0.6899458333333337
vn 0.1876768263000635 -0.06228427596935563 0.9802540884061178
vn 0.9506802222802393 -0.23939344296815449 -0.1972254913266735
vn -0.1876768263000635 0.06228427596935563 -0.9802540884061178
vn -0.9506802222802393 0.23939344296815449 0.1972254913266735
vn -0.24695044813713285 -0.968922828934702 -0.014283827709802029
vn 0.24695044813713285 0.968922828934702 0.014283827709802029
usemtl m_890a103a-2c95-a057-8483-4c3958a0f191
f 68/196/49 71/195/49 69/194/49 66/193/49
f 67/200/50 68/199/50 66/198/50 65/197/50
f 72/204/51 67/203/51 65/202/51 70/201/51
f 71/208/52 72/207/52 70/206/52 69/205/52
f 70/212/53 65/211/53 66/210/53 69/209/53
f 71/216/54 68/215/54 67/214/54 72/213/54
o cube
v 1.3473150842908617 1.19401585294303 0.42761774572305145
v 1.358050063886319 1.191964630954308 0.4744750389273984
v 1.362303462325639 1.2413847982633182 0.42625753676111167
v 1.3730384419210966 1.239333576274596 0.4731148299654586
v 1.1354195858553435 1.263963990580173 0.5286313961365372
v 1.124684606259886 1.266015212568895 0.48177410293219025
v 1.150407963890121 1.311332935900461 0.5272711871745974
v 1.1396729842946633 1.3133841578891832 0.48041389397025047
vt 0.3984375 0.7159260000000003
vt 0.3984375 0.7559541666666667
vt 0.40465028750000004 0.7559541666666667
vt 0.40465028750000004 0.7159260000000003
vt 0.3984375 0.7375183333333333
vt 0.3984375 0.7455375
vt 0.40465028750000004 0.7455375
vt 0.40465028750000004 0.7375183333333333
vt 0.421875 0.7159260000000003
vt 0.421875 0.7559541666666667
vt 0.42808778750000004 0.7559541666666667
vt 0.42808778750000004 0.7159260000000003
vt 0.34375 0.5500183333333333
vt 0.34375 0.5580375
vt 0.34996278750000004 0.5580375
vt 0.34996278750000004 0.5500183333333333
vt 0.3984375 0.726342666666667
vt 0.3984375 0.7663708333333333
vt 0.404451875 0.7663708333333333
vt 0.404451875 0.726342666666667
vt 0.3984375 0.726342666666667
vt 0.3984375 0.7663708333333333
vt 0.404451875 0.7663708333333333
vt 0.404451875 0.726342666666667
vn 0.22311087177506886 -0.04263165309616683 0.9738604012126466
vn 0.9269742474298398 -0.29978623230252627 -0.22549270392573237
vn -0.22311087177506886 0.04263165309616683 -0.9738604012126466
vn -0.9269742474298398 0.29978623230252627 0.22549270392573237
vn -0.30156306719764475 -0.9530533862676025 0.027367123089670882
vn 0.30156306719764475 0.9530533862676025 -0.027367123089670882
usemtl m_890a103a-2c95-a057-8483-4c3958a0f191
f 76/220/55 79/219/55 77/218/55 74/217/55
f 75/224/56 76/223/56 74/222/56 73/221/56
f 80/228/57 75/227/57 73/226/57 78/225/57
f 79/232/58 80/231/58 78/230/58 77/229/58
f 78/236/59 73/235/59 74/234/59 77/233/59
f 79/240/60 76/239/60 75/238/60 80/237/60