# Made in Blockbench 4.12.4
mtllib red_bricks_flat_1x1arch.mtl

o cube
v 0.277617974840324 1.1884375 -0.001232439126038154
v -0.16169452515967597 1.1884375 -0.001232439126038265
v 0.277617974840324 0.49531249999999993 -0.001232439126038154
v -0.16169452515967597 0.49531249999999993 -0.001232439126038265
v -0.16169452515967597 1.1884375 0.9962675608739615
v 0.2776179748403238 1.1884375 0.9962675608739617
v -0.16169452515967597 0.49531249999999993 0.9962675608739615
v 0.2776179748403238 0.49531249999999993 0.9962675608739617
vt 0 0.9375
vt 0.24984375 0.9375
vt 0.24984375 0.765625
vt 0 0.765625
vt 0.484375 0.65625
vt 0.59375 0.65625
vt 0.59375 0.484375
vt 0.484375 0.484375
vt 0.34375 0.53125
vt 0.40625 0.53125
vt 0.40625 0.46875
vt 0.34375 0.46875
vt 0.59375 0.65625
vt 0.484375 0.65625
vt 0.484375 0.484375
vt 0.59375 0.484375
vt 0.40625 0.75
vt 0.40625 1
vt 0.3125 1
vt 0.3125 0.75
vt 0.34375 0.5
vt 0.40625 0.5
vt 0.40625 0.4375
vt 0.34375 0.4375
vn -1 0 -2.220446049250313e-16
vn 2.220446049250313e-16 0 -1
vn 1 0 2.220446049250313e-16
vn -2.220446049250313e-16 0 1
vn 0 1 0
vn 0 -1 0
usemtl m_7a0b206b-e416-4884-913d-63af8ba98841
f 4/4/1 7/3/1 5/2/1 2/1/1
f 3/8/2 4/7/2 2/6/2 1/5/2
f 8/12/3 3/11/3 1/10/3 6/9/3
f 7/16/4 8/15/4 6/14/4 5/13/4
f 6/20/5 1/19/5 2/18/5 5/17/5
f 7/24/6 4/23/6 3/22/6 8/21/6
o cube
v 1.165117974840324 1.1890625 -0.0017949391260379532
v 0.27580547484032414 1.1890625 -0.0017949391260381753
v 1.165117974840324 0.49531249999999993 -0.0017949391260379532
v 0.27580547484032414 0.49531249999999993 -0.0017949391260381753
v 0.2758054748403239 1.1890625 0.9963300608739618
v 1.165117974840324 1.1890625 0.996330060873962
v 0.2758054748403239 0.49531249999999993 0.9963300608739618
v 1.165117974840324 0.49531249999999993 0.996330060873962
vt 0.3125 0.515625
vt 0.4375 0.515625
vt 0.4375 0.421875
vt 0.3125 0.421875
vt 0.09375 0.66796875
vt 0.359375 0.66796875
vt 0.359375 0.49609375
vt 0.09375 0.49609375
vt 0 0.9375
vt 0.25 0.9375
vt 0.25 0.765625
vt 0 0.765625
vt 0.359375 0.66796875
vt 0.09375 0.66796875
vt 0.09375 0.49609375
vt 0.359375 0.49609375
vt 0.25 0.75
vt 0.25 1
vt 0.5 1
vt 0.5 0.75
vt 0.34375 0.5
vt 0.40625 0.5
vt 0.40625 0.4375
vt 0.34375 0.4375
vn -1 0 -2.220446049250313e-16
vn 2.220446049250313e-16 0 -1
vn 1 0 2.220446049250313e-16
vn -2.220446049250313e-16 0 1
vn 0 1 0
vn 0 -1 0
usemtl m_7a0b206b-e416-4884-913d-63af8ba98841
f 12/28/7 15/27/7 13/26/7 10/25/7
f 11/32/8 12/31/8 10/30/8 9/29/8
f 16/36/9 11/35/9 9/34/9 14/33/9
f 15/40/10 16/39/10 14/38/10 13/37/10
f 14/44/11 9/43/11 10/42/11 13/41/11
f 15/48/12 12/47/12 11/46/12 16/45/12
o cube
v 0.642314849840324 1.1380124999999999 -0.09029493912603825
v 0.36106484984032405 1.1380124999999999 -0.09029493912603836
v 0.642314849840324 0.8880124999999999 -0.09029493912603825
v 0.36106484984032405 0.8880124999999999 -0.09029493912603836
v 0.36106484984032383 1.1380124999999999 1.0862675608739618
v 0.6423148498403238 1.1380124999999999 1.0862675608739618
v 0.36106484984032383 0.8880124999999999 1.0862675608739618
v 0.6423148498403238 0.8880124999999999 1.0862675608739618
vt 0.796875 0.703125
vt 0.796875 1
vt 0.859375 1
vt 0.859375 0.703125
vt 0.25 0.171875
vt 0.3203125 0.171875
vt 0.3203125 0.109375
vt 0.25 0.109375
vt 0.71875 0.390625
vt 0.71875 0.6875
vt 0.78125 0.6875
vt 0.78125 0.390625
vt 0.25 0.171875
vt 0.3203125 0.171875
vt 0.3203125 0.109375
vt 0.25 0.109375
vt 0.359375 0.828125
vt 0.65625 0.828125
vt 0.65625 0.765625
vt 0.359375 0.765625
vt 0.359375 0.875
vt 0.65625 0.875
vt 0.65625 0.8125
vt 0.359375 0.8125
vn -1 0 -2.220446049250313e-16
vn 2.220446049250313e-16 0 -1
vn 1 0 2.220446049250313e-16
vn -2.220446049250313e-16 0 1
vn 0 1 0
vn 0 -1 0
usemtl m_7a0b206b-e416-4884-913d-63af8ba98841
f 20/52/13 23/51/13 21/50/13 18/49/13
f 19/56/14 20/55/14 18/54/14 17/53/14
f 24/60/15 19/59/15 17/58/15 22/57/15
f 23/64/16 24/63/16 22/62/16 21/61/16
f 22/68/17 17/67/17 18/66/17 21/65/17
f 23/72/18 20/71/18 19/70/18 24/69/18
o cube
v 0.3267661588110377 1.1328846635229373 -0.09248243912603821
v 0.05509952016723724 1.0600918070878533 -0.09248243912603821
v 0.3914709200866679 0.8914032069506703 -0.09248243912603821
v 0.11980428144286742 0.8186103505155863 -0.09248243912603821
v 0.05509952016723696 1.0600918070878533 1.0887675608739618
v 0.32676615881103743 1.1328846635229373 1.0887675608739618
v 0.11980428144286714 0.8186103505155863 1.0887675608739618
v 0.3914709200866676 0.8914032069506703 1.0887675608739618
vt 0.71875 0.390625
vt 0.71875 0.6875
vt 0.78125 0.6875
vt 0.78125 0.390625
vt 0.1640625 0.171875
vt 0.09375 0.171875
vt 0.09375 0.109375
vt 0.1640625 0.109375
vt 0.796875 0.703125
vt 0.796875 1
vt 0.859375 1
vt 0.859375 0.703125
vt 0.15625 0.171875
vt 0.2265625 0.171875
vt 0.2265625 0.109375
vt 0.15625 0.109375
vt 0.359375 0.828125
vt 0.65625 0.828125
vt 0.65625 0.765625
vt 0.359375 0.765625
vt 0.296875 0.640625
vt 0 0.640625
vt 0 0.703125
vt 0.296875 0.703125
vn -0.9659258262890683 -0.25881904510252074 -2.144786184852406e-16
vn 2.220446049250313e-16 0 -1
vn 0.9659258262890683 0.25881904510252074 2.144786184852406e-16
vn -2.220446049250313e-16 0 1
vn -0.25881904510252074 0.9659258262890683 -5.746937261686308e-17
vn 0.25881904510252074 -0.9659258262890683 5.746937261686308e-17
usemtl m_7a0b206b-e416-4884-913d-63af8ba98841
f 28/76/19 31/75/19 29/74/19 26/73/19
f 27/80/20 28/79/20 26/78/20 25/77/20
f 32/84/21 27/83/21 25/82/21 30/81/21
f 31/88/22 32/87/22 30/86/22 29/85/22
f 30/92/23 25/91/23 26/90/23 29/89/23
f 31/96/24 28/95/24 27/94/24 32/93/24
o cube
v 0.9477700171967677 1.0602747864989772 -0.09185743912603822
v 0.6761033785529674 1.1330676429340611 -0.09185743912603822
v 0.8830652559211375 0.8187933299267102 -0.09185743912603822
v 0.6113986172773372 0.8915861863617941 -0.09185743912603822
v 0.6761033785529672 1.1330676429340611 1.0893925608739616
v 0.9477700171967675 1.0602747864989772 1.0893925608739616
v 0.611398617277337 0.8915861863617941 1.0893925608739616
v 0.8830652559211373 0.8187933299267102 1.0893925608739616
vt 0.796875 1
vt 0.796875 0.703125
vt 0.859375 0.703125
vt 0.859375 1
vt 0.09375 0.171875
vt 0.16406249999999994 0.171875
vt 0.16406249999999994 0.109375
vt 0.09375 0.109375
vt 0.71875 0.6875
vt 0.71875 0.390625
vt 0.78125 0.390625
vt 0.78125 0.6875
vt 0.22656249999999994 0.171875
vt 0.15625 0.171875
vt 0.15625 0.109375
vt 0.22656249999999994 0.109375
vt 0.359375 0.765625
vt 0.65625 0.765625
vt 0.65625 0.828125
vt 0.359375 0.828125
vt 0.296875 0.640625
vt 0 0.640625
vt 0 0.703125
vt 0.296875 0.703125
vn -0.9659258262890683 0.25881904510252074 -2.144786184852406e-16
vn 2.220446049250313e-16 0 -1
vn 0.9659258262890683 -0.25881904510252074 2.144786184852406e-16
vn -2.220446049250313e-16 0 1
vn 0.25881904510252074 0.9659258262890683 5.746937261686308e-17
vn -0.25881904510252074 -0.9659258262890683 -5.746937261686308e-17
usemtl m_7a0b206b-e416-4884-913d-63af8ba98841
f 36/100/25 39/99/25 37/98/25 34/97/25
f 35/104/26 36/103/26 34/102/26 33/101/26
f 40/108/27 35/107/27 33/106/27 38/105/27
f 39/112/28 40/111/28 38/110/28 37/109/28
f 38/116/29 33/115/29 34/114/29 37/113/29
f 39/120/30 36/119/30 35/118/30 40/117/30
o cube
v 0.16237552359935117 0.8486218447124183 -0.0891074391260383
v 0.010185166347170926 1.0469601797852273 -0.0891074391260383
v -0.06075510335755874 0.6774076928037157 -0.08910743912603841
v -0.21294546060973896 0.8757460278765246 -0.08910743912603841
v 0.010185166347170649 1.0469601797852273 1.0858925608739618
v 0.1623755235993509 0.8486218447124183 1.0858925608739618
v -0.21294546060973918 0.8757460278765246 1.0858925608739616
v -0.06075510335755896 0.6774076928037157 1.0858925608739616
vt 0.65625 0.828125
vt 0.359375 0.828125
vt 0.359375 0.890625
vt 0.65625 0.890625
vt 0.015625 0.171875
vt 0.015625 0.109375
vt 0.0859375 0.109375
vt 0.0859375 0.171875
vt 0 0.75
vt 0.296875 0.75
vt 0.296875 0.6875
vt 0 0.6875
vt 0.0859375 0.171875
vt 0.0859375 0.109375
vt 0.015625 0.109375
vt 0.015625 0.171875
vt 0.796875 0.703125
vt 0.796875 1
vt 0.859375 1
vt 0.859375 0.703125
vt 0.859375 0.703125
vt 0.859375 1
vt 0.796875 1
vt 0.796875 0.703125
vn -0.6087614290087207 0.7933533402912352 -1.3517219099783887e-16
vn 2.220446049250313e-16 0 -1
vn 0.6087614290087207 -0.7933533402912352 1.3517219099783887e-16
vn -2.220446049250313e-16 0 1
vn 0.7933533402912352 0.6087614290087207 1.7615982901092124e-16
vn -0.7933533402912352 -0.6087614290087207 -1.7615982901092124e-16
usemtl m_7a0b206b-e416-4884-913d-63af8ba98841
f 44/124/31 47/123/31 45/122/31 42/121/31
f 43/128/32 44/127/32 42/126/32 41/125/32
f 48/132/33 43/131/33 41/130/33 46/129/33
f 47/136/34 48/135/34 46/134/34 45/133/34
f 46/140/35 41/139/35 42/138/35 45/137/35
f 47/144/36 44/143/36 43/142/36 48/141/36
o cube
v 0.9924127858610476 1.0466366187537786 -0.08904493912603811
v 0.8402224286088675 0.8482982836809698 -0.08904493912603811
v 1.2155434128179574 0.8754224668450759 -0.089044939126038
v 1.0633530555657775 0.6770841317722671 -0.089044939126038
v 0.8402224286088673 0.8482982836809698 1.0859550608739619
v 0.9924127858610474 1.0466366187537786 1.0859550608739619
v 1.063353055565777 0.6770841317722671 1.085955060873962
v 1.2155434128179574 0.8754224668450759 1.085955060873962
vt 0 0.765625
vt 0.296875 0.765625
vt 0.296875 0.703125
vt 0 0.703125
vt 0.015625 0.109375
vt 0.015625 0.171875
vt 0.0859375 0.171875
vt 0.0859375 0.109375
vt 0.359375 0.828125
vt 0.65625 0.828125
vt 0.65625 0.890625
vt 0.359375 0.890625
vt 0.0859375 0.109375
vt 0.0859375 0.171875
vt 0.015625 0.171875
vt 0.015625 0.109375
vt 0.859375 0.703125
vt 0.859375 1
vt 0.796875 1
vt 0.796875 0.703125
vt 0.796875 0.703125
vt 0.796875 1
vt 0.859375 1
vt 0.859375 0.703125
vn -0.6087614290087207 -0.7933533402912352 -1.3517219099783887e-16
vn 2.220446049250313e-16 0 -1
vn 0.6087614290087207 0.7933533402912352 1.3517219099783887e-16
vn -2.220446049250313e-16 0 1
vn -0.7933533402912352 0.6087614290087207 -1.7615982901092124e-16
vn 0.7933533402912352 -0.6087614290087207 1.7615982901092124e-16
usemtl m_7a0b206b-e416-4884-913d-63af8ba98841
f 52/148/37 55/147/37 53/146/37 50/145/37
f 51/152/38 52/151/38 50/150/38 49/149/38
f 56/156/39 51/155/39 49/154/39 54/153/39
f 55/160/40 56/159/40 54/158/40 53/157/40
f 54/164/41 49/163/41 50/162/41 53/161/41
f 55/168/42 52/167/42 51/166/42 56/165/42