# Made in Blockbench 4.10.4
mtllib burnt_branches.mtl

o cube
v 1.130128309896537 0.4424781130322424 0.5620094878930288
v 0.7670539375764369 0.5611266841472391 -0.6282003745836416
v 1.130128309896537 0.4424781130322424 0.5620094878930288
v 0.7670539375764369 0.5611266841472391 -0.6282003745836416
v 0.23058815278055922 0.5904987545772484 -0.4616230855493989
v 0.5936625251006591 0.4718501834622517 0.7285867769272716
v 0.23058815278055922 0.5904987545772484 -0.4616230855493989
v 0.5936625251006591 0.4718501834622517 0.7285867769272716
vt 0.078125 0.11458333333333337
vt 0.078125 0.20833333333333337
vt 0.078125 0.20833333333333337
vt 0.078125 0.11458333333333337
vt 0.078125 0.08333333333333337
vt 0.078125 0.29166666666666663
vt 0.078125 0.29166666666666663
vt 0.078125 0.08333333333333337
vt 0.078125 0.11458333333333337
vt 0.078125 0.20833333333333337
vt 0.078125 0.20833333333333337
vt 0.078125 0.11458333333333337
vt 0.078125 0.08333333333333337
vt 0.078125 0.29166666666666663
vt 0.078125 0.29166666666666663
vt 0.078125 0.08333333333333337
vt 0.15625 0.19791666666666663
vt 0.15625 0.29166666666666663
vt 0.078125 0.29166666666666663
vt 0.078125 0.19791666666666663
vt 0.078125 0.19791666666666663
vt 0.078125 0.29166666666666663
vt 0.15625 0.29166666666666663
vt 0.15625 0.19791666666666663
vn -0.29045949785607994 0.09491885689199747 -0.9521678899813365
vn 0.9537169507482269 -0.052217014097794404 -0.2961374027275428
vn 0.29045949785607994 -0.09491885689199747 0.9521678899813365
vn -0.9537169507482269 0.052217014097794404 0.2961374027275428
vn 0.07782838788448604 0.9941145779260192 0.07535879506915394
vn -0.07782838788448604 -0.9941145779260192 -0.07535879506915394
usemtl m_8f3628f7-78c7-3ce0-7b98-cced66bdbb72
f 4/4/1 7/3/1 5/2/1 2/1/1
f 3/8/2 4/7/2 2/6/2 1/5/2
f 8/12/3 3/11/3 1/10/3 6/9/3
f 7/16/4 8/15/4 6/14/4 5/13/4
f 6/20/5 1/19/5 2/18/5 5/17/5
f 7/24/6 4/23/6 3/22/6 8/21/6
o cube
v 0.8288298473181801 0.8767352649589655 0.6392665360623182
v 0.5574723357351576 0.8055984147484534 -0.5788486676231119
v 0.8288298473181801 0.8767352649589655 0.6392665360623182
v 0.5574723357351576 0.8055984147484534 -0.5788486676231119
v 0.4406644443788723 0.2584229502962776 -0.5208730036041109
v 0.7120219559618948 0.3295598005067898 0.6972422000813192
v 0.4406644443788723 0.2584229502962776 -0.5208730036041109
v 0.7120219559618948 0.3295598005067898 0.6972422000813192
vt 0.078125 0.11458333333333337
vt 0.078125 0.20833333333333337
vt 0.078125 0.20833333333333337
vt 0.078125 0.11458333333333337
vt 0.078125 0.08333333333333337
vt 0.078125 0.29166666666666663
vt 0.078125 0.29166666666666663
vt 0.078125 0.08333333333333337
vt 0.078125 0.11458333333333337
vt 0.078125 0.20833333333333337
vt 0.078125 0.20833333333333337
vt 0.078125 0.11458333333333337
vt 0.078125 0.08333333333333337
vt 0.078125 0.29166666666666663
vt 0.078125 0.29166666666666663
vt 0.078125 0.08333333333333337
vt 0.15625 0.19791666666666663
vt 0.15625 0.29166666666666663
vt 0.078125 0.29166666666666663
vt 0.078125 0.19791666666666663
vt 0.078125 0.19791666666666663
vt 0.078125 0.29166666666666663
vt 0.15625 0.29166666666666663
vt 0.15625 0.19791666666666663
vn -0.21708600926641802 -0.0569094801684098 -0.9744921629483443
vn 0.207658473522285 0.9727563812483123 -0.10306784714489071
vn 0.21708600926641802 0.0569094801684098 0.9744921629483443
vn -0.207658473522285 -0.9727563812483123 0.10306784714489071
vn -0.9538090075875647 0.22473614263764846 0.19935406501291972
vn 0.9538090075875647 -0.22473614263764846 -0.19935406501291972
usemtl m_8f3628f7-78c7-3ce0-7b98-cced66bdbb72
f 12/28/7 15/27/7 13/26/7 10/25/7
f 11/32/8 12/31/8 10/30/8 9/29/8
f 16/36/9 11/35/9 9/34/9 14/33/9
f 15/40/10 16/39/10 14/38/10 13/37/10
f 14/44/11 9/43/11 10/42/11 13/41/11
f 15/48/12 12/47/12 11/46/12 16/45/12
o cube
v 0.02265574298303208 0.02160826053790066 0.8942359372284305
v 0.7706789064351356 0.18829187362385436 -0.39521275119143817
v 0.02265574298303208 0.02160826053790066 0.8942359372284305
v 0.7706789064351356 0.18829187362385436 -0.39521275119143817
v 0.12077877879781218 0.2541414490184002 -0.763714660979364
v -0.6272443846542914 0.08745783593244649 0.5257340274405047
v 0.12077877879781218 0.2541414490184002 -0.763714660979364
v -0.6272443846542914 0.08745783593244649 0.5257340274405047
vt 0.1171875 0.25
vt 0.1171875 0.125
vt 0.1171875 0.125
vt 0.1171875 0.25
vt 0.1171875 0.25
vt 0.1171875 0
vt 0.1171875 0
vt 0.1171875 0.25
vt 0.1171875 0.25
vt 0.1171875 0.125
vt 0.1171875 0.125
vt 0.1171875 0.25
vt 0.1171875 0.25
vt 0.1171875 0
vt 0.1171875 0
vt 0.1171875 0.25
vt 0.15625 0.30208333333333337
vt 0.15625 0.17708333333333337
vt 0.0625 0.17708333333333337
vt 0.0625 0.30208333333333337
vt 0.0625 0.30208333333333337
vt 0.0625 0.17708333333333337
vt 0.15625 0.17708333333333337
vt 0.15625 0.30208333333333337
vn 0.4986821089680691 0.11112240872396915 -0.8596324589465791
vn 0.8665335035164313 -0.08779943385939448 0.49133587971723447
vn -0.4986821089680691 -0.11112240872396915 0.8596324589465791
vn -0.8665335035164313 0.08779943385939448 -0.49133587971723447
vn 0.02087681677597933 0.989920739096496 0.14007529699397117
vn -0.02087681677597933 -0.989920739096496 -0.14007529699397117
usemtl m_8f3628f7-78c7-3ce0-7b98-cced66bdbb72
f 20/52/13 23/51/13 21/50/13 18/49/13
f 19/56/14 20/55/14 18/54/14 17/53/14
f 24/60/15 19/59/15 17/58/15 22/57/15
f 23/64/16 24/63/16 22/62/16 21/61/16
f 22/68/17 17/67/17 18/66/17 21/65/17
f 23/72/18 20/71/18 19/70/18 24/69/18
o cube
v -0.12005645922781438 0.28771166617960786 0.9022733352003949
v 0.5389108608158937 0.7314145215131069 -0.37008268702110303
v -0.12005645922781438 0.28771166617960786 0.9022733352003949
v 0.5389108608158937 0.7314145215131069 -0.37008268702110303
v 0.403650096520648 0.059438112587286485 -0.6744709776786515
v -0.2553172235230602 -0.3842647427462127 0.5978850445428465
v 0.403650096520648 0.059438112587286485 -0.6744709776786515
v -0.2553172235230602 -0.3842647427462127 0.5978850445428465
vt 0.1171875 0.25
vt 0.1171875 0.125
vt 0.1171875 0.125
vt 0.1171875 0.25
vt 0.1171875 0.25
vt 0.1171875 0
vt 0.1171875 0
vt 0.1171875 0.25
vt 0.1171875 0.25
vt 0.1171875 0.125
vt 0.1171875 0.125
vt 0.1171875 0.25
vt 0.1171875 0.25
vt 0.1171875 0
vt 0.1171875 0
vt 0.1171875 0.25
vt 0.43359375 0.23958333333333337
vt 0.43359375 0.36458333333333337
vt 0.52734375 0.36458333333333337
vt 0.52734375 0.23958333333333337
vt 0.52734375 0.23958333333333337
vt 0.52734375 0.36458333333333337
vt 0.43359375 0.36458333333333337
vt 0.43359375 0.23958333333333337
vn 0.4393115466958055 0.29580190355566616 -0.8482373481476654
vn 0.18034768572699442 0.8959685452344276 0.4058510542100646
vn -0.4393115466958055 -0.29580190355566616 0.8482373481476654
vn -0.18034768572699442 -0.8959685452344276 -0.4058510542100646
vn -0.8800454972287834 0.3312726970387809 -0.34026213865782307
vn 0.8800454972287834 -0.3312726970387809 0.34026213865782307
usemtl m_8f3628f7-78c7-3ce0-7b98-cced66bdbb72
f 28/76/19 31/75/19 29/74/19 26/73/19
f 27/80/20 28/79/20 26/78/20 25/77/20
f 32/84/21 27/83/21 25/82/21 30/81/21
f 31/88/22 32/87/22 30/86/22 29/85/22
f 30/92/23 25/91/23 26/90/23 29/89/23
f 31/96/24 28/95/24 27/94/24 32/93/24