# Made in Blockbench 4.12.3
mtllib coniferous_twig_parent_2.mtl

o cube
v 0.06772608720188533 0.5397332991379392 0.23630956577591788
v 0.11630060081172544 0.5397332993477283 0.3903682326939704
v 0.2657021871697457 0.43419589532015707 0.34326209116414
v 0.21712767355990548 0.4341958951103681 0.1892034242460875
v -0.4209413553654479 -0.03638819748613181 0.5593365449814788
v -0.46927299640723885 -0.036388197694871866 0.4060481713980165
v -0.5465078399880792 0.05580120881160313 0.5989275074305168
v -0.59483948102987 0.05580120860286308 0.4456391338470545
vt 0.6996791666666667 0.75
vt 0.6458333333333334 0.75
vt 0.6458333333333334 0.6870375
vt 0.6996791666666667 0.6870375
vt 0.9325041666666666 0.8419875
vt 0.9325041666666666 0.8958333333333334
vt 0.6458333333333334 0.8956979166666666
vt 0.6458333333333334 0.8421229166666666
vt 0.8244083333333329 0.6964250000000001
vt 0.8244083333333329 0.75
vt 0.7708333333333327 0.75
vt 0.7708333333333327 0.6964250000000001
vt 0.5322523086492779 0.9166666666666666
vt 0.25 0.9166666666666666
vt 0.2684500450740727 0.8663694767173323
vt 0.5549957026388238 0.857956428420044
vt 0.4913216889954028 0.7374754528630321
vt 0.5140653306456094 0.7961855951693312
vt 0.22751844695257736 0.7877754652006719
vt 0.20906767077254126 0.7374754528630321
vt 0.9072799027470362 0.8125
vt 0.6250257035960439 0.8125
vt 0.625 0.758925006165888
vt 0.907254069213697 0.7586541728637245
vn 0.5328756330692461 0.8293458278256036 -0.1680150515558489
vn 0.5218592353355863 -0.8370119490884679 -0.1645415922436687
vn -0.5470295670175023 -0.8191520442889971 0.17247777000472025
vn 0.3004278859418019 -0.00041612479474684177 0.9538044412712151
vn -0.3009773223325485 -0.0004226270490146858 -0.9536312037826293
vn -0.5450592400239335 0.8205947595050761 0.17185652602487533
usemtl m_890a103a-2c95-a057-8483-4c3958a0f191
f 1/1/1 2/2/1 3/3/1 4/4/1
f 4/5/2 3/6/2 5/7/2 6/8/2
f 5/9/3 7/10/3 8/11/3 6/12/3
f 2/13/4 7/14/4 5/15/4 3/16/4
f 1/17/5 4/18/5 6/19/5 8/20/5
f 1/21/6 8/22/6 7/23/6 2/24/6
o cube
v 1.0349597178295997 0.9634302088426483 -0.056057317363129466
v 0.1454149795728633 0.4140199309376885 0.22441506126289168
v 0.07752725600039745 0.5348634206896126 0.24581997828504143
v 0.9670719942571337 1.0842736985945725 -0.03465240034097977
v 1.0763067652614373 0.9634302088426483 0.07507876336475172
v 1.0084190416889713 1.0842736985945725 0.09648368038690136
v 0.1867620270047008 0.4140199309376885 0.35555114199077287
v 0.11887430343223482 0.5348634206896126 0.3769560590129226
vt 0.9025000697170832 0.9374999999999999
vt 0.5416666666666666 0.9375
vt 0.541667105513772 0.8958333333333335
vt 0.9025005085641885 0.8958333333333334
vt 0.7708333333333343 0.8333333333333326
vt 0.8125000000000009 0.8333333333333326
vt 0.8125000000000009 0.8749999999999992
vt 0.7708333333333343 0.8749999999999992
vt 0.0625 0.8958333333333334
vt 0.4233334030504167 0.8958333333333334
vt 0.42333384189752205 0.9375
vt 0.06250043884710532 0.9374999999999999
vt 0.75 0.75
vt 0.7916666666666666 0.75
vt 0.7916666666666666 0.7916666666666666
vt 0.75 0.7916666666666666
vt 0.125 0.7291666666666667
vt 0.4858333333333334 0.7291666666666667
vt 0.4858333333333334 0.7708333333333334
vt 0.125 0.7708333333333334
vt 0.25 0.8125
vt 0.6108333333333335 0.8125
vt 0.6108333333333335 0.8541666666666666
vt 0.25 0.8541666666666666
vn -0.30070579950427306 3.6563642938011903e-16 -0.9537169507482269
vn 0.8217503355720467 0.5075383629607045 -0.25909688556676486
vn 0.3007057995042726 5.4845464407017815e-16 0.953716950748227
vn -0.8217503355720465 -0.507538362960705 0.25909688556676413
vn -0.48404793991062967 0.8616291604415256 0.152619729213189
vn 0.4840479399106296 -0.8616291604415258 -0.15261972921318895
usemtl m_890a103a-2c95-a057-8483-4c3958a0f191
f 9/25/7 10/26/7 11/27/7 12/28/7
f 13/29/8 9/30/8 12/31/8 14/32/8
f 15/33/9 13/34/9 14/35/9 16/36/9
f 10/37/10 15/38/10 16/39/10 11/40/10
f 16/41/11 14/42/11 12/43/11 11/44/11
f 10/45/12 9/46/12 13/47/12 15/48/12
o cube
v 1.7150849998229933 1.2004183391166574 -0.25031580940266285
v 1.0147114627717313 0.968874873498367 -0.02948888140751027
v 0.984742093972389 1.0685382948515576 -0.020039575721610026
v 1.6851156310236508 1.3000817604698478 -0.24086650371676266
v 1.7448548739739165 1.2004183391166574 -0.15589783127858842
v 1.714885505174574 1.3000817604698478 -0.14644852559268817
v 1.0444813369226544 0.968874873498367 0.0649290967165641
v 1.014511968123312 1.0685382948515576 0.0743784024024644
vt 0.5691668375692748 0.9375
vt 0.3125 0.9374999999999999
vt 0.3125015052749717 0.902667461352893
vt 0.5691683428442466 0.902667461352893
vt 0.8333333333333344 0.7776666666666666
vt 0.8663333333333344 0.7776666666666666
vt 0.8663333333333344 0.8125
vt 0.8333333333333344 0.8125
vt 0.6875 0.902667461352893
vt 0.9441668375692748 0.902667461352893
vt 0.9441683428442467 0.9375
vt 0.6875015052749718 0.9375
vt 0.7083333333333335 0.7985
vt 0.7413333333333335 0.7985
vt 0.7413333333333335 0.8333333333333334
vt 0.7083333333333335 0.8333333333333334
vt 0.3541666666666667 0.7586666666666666
vt 0.6108333333333335 0.7586666666666666
vt 0.6108333333333335 0.7916666666666666
vt 0.3541666666666667 0.7916666666666666
vt 0.3541666666666667 0.842
vt 0.6108333333333335 0.842
vt 0.6108333333333335 0.875
vt 0.3541666666666667 0.875
vn -0.3007057995042729 0 -0.953716950748227
vn 0.9095760221444953 0.3007057995042744 -0.2867882181755239
vn 0.3007057995042726 3.4493973299731196e-16 0.9537169507482272
vn -0.9095760221444953 -0.30070579950427406 0.2867882181755241
vn -0.2867882181755229 0.953716950748227 0.09042397785550416
vn 0.2867882181755231 -0.9537169507482268 -0.09042397785550454
usemtl m_890a103a-2c95-a057-8483-4c3958a0f191
f 17/49/13 18/50/13 19/51/13 20/52/13
f 21/53/14 17/54/14 20/55/14 22/56/14
f 23/57/15 21/58/15 22/59/15 24/60/15
f 18/61/16 23/62/16 24/63/16 19/64/16
f 24/65/17 22/66/17 20/67/17 19/68/17
f 18/69/18 17/70/18 21/71/18 23/72/18
o cube
v 1.1002713051379773 0.996919344575546 0.19253491820829005
v 0.6411655931034661 0.7597551899348942 0.12569023681278946
v 0.606863857487177 0.8212475130777801 0.14310894380272243
v 1.0659695695216882 1.0584116677184316 0.20995362519822303
v 1.1003098400113938 0.9777249706764768 0.26037166728787287
v 1.0660081043951046 1.039217293819363 0.27779037427780584
v 0.6412041279768825 0.7405608160358255 0.19352698589237216
v 0.6069023923605934 0.8020531391787111 0.21094569288230525
vt 0.46535062290255386 0.7916666666666666
vt 0.29166698878210856 0.7916666666666666
vt 0.2916666666666667 0.7708333333333334
vt 0.465350300787112 0.7708333333333334
vt 0.7708341208374564 0.8541666666666659
vt 0.7916666666666664 0.8541666666666659
vt 0.7916658791625429 0.8749999999999992
vt 0.770833333333333 0.8749999999999992
vt 0.2708336554487752 0.8333333333333334
vt 0.4445172895692205 0.8333333333333334
vt 0.4445169674537786 0.8541666666666666
vt 0.2708333333333333 0.8541666666666666
vt 0.833333333333333 0.9791666666666666
vt 0.833333333333333 0.9583341208374565
vt 0.8541666666666664 0.9583333333333333
vt 0.8541666666666664 0.9791658791625434
vt 0.5 0.7916666666666667
vt 0.673683567198388 0.7916666666666666
vt 0.6736834607428168 0.8124990519237407
vt 0.5000016814482525 0.8125
vt 0.5208348700828015 0.875
vt 0.6945166493806583 0.875
vt 0.6945169005284288 0.8958323852473149
vt 0.5208333333333334 0.8958333333333334
vn -0.0005465939491699705 0.27226062268182827 -0.9622233911997556
vn 0.8811164226744339 0.4551658279256379 0.12828842029652152
vn 0.0005465939491692348 -0.27226062268182766 0.9622233911997558
vn -0.881116422674434 -0.4551658279256385 -0.1282884202965189
vn -0.4728990916976493 0.8477607105933097 0.24014209677993767
vn 0.4728990916976494 -0.8477607105933082 -0.24014209677994255
usemtl m_890a103a-2c95-a057-8483-4c3958a0f191
f 25/73/19 26/74/19 27/75/19 28/76/19
f 29/77/20 25/78/20 28/79/20 30/80/20
f 31/81/21 29/82/21 30/83/21 32/84/21
f 26/85/22 31/86/22 32/87/22 27/88/22
f 32/89/23 30/90/23 28/91/23 27/92/23
f 26/93/24 25/94/24 29/95/24 31/96/24
o cube
v 0.5620558617789357 0.6126530291909948 -0.12896905141764442
v 0.29245758095477925 0.5400889695576085 0.19499390601295308
v 0.27324782239879153 0.6187122533920357 0.19661849537701748
v 0.5428461032229479 0.6912763130254218 -0.12734446205358008
v 0.6207161220649855 0.6259152182921788 -0.07718207015384276
v 0.6015063635089979 0.7045385021266057 -0.07555748078977842
v 0.351117841240829 0.5533511586587925 0.24678088727675473
v 0.3319080826848413 0.6319744424932197 0.24840547664081913
vt 0.49672274438746705 0.7708333333333334
vt 0.3541666666666667 0.7708333333333334
vt 0.35416672786334424 0.75
vt 0.49672280558414467 0.7500000000000001
vt 0.7708333333333343 0.87499970271368
vt 0.7708333333333343 0.8541682643383904
vt 0.7916653542375363 0.8541666666666669
vt 0.7916666666666675 0.8750000000000001
vt 0.3125 0.8125
vt 0.4550560777208004 0.8125
vt 0.4550561389174781 0.8333333333333333
vt 0.31250006119667767 0.8333333333333334
vt 0.770834931005057 0.8749999999999993
vt 0.7916663693803465 0.8749999999999993
vt 0.7916666666666666 0.8958333333333327
vt 0.7708333333333334 0.8958320209042012
vt 0.5208333333333334 0.7708333333333334
vt 0.6633902060302503 0.7708333333333334
vt 0.6633902813839481 0.7916654977732324
vt 0.5208348705487679 0.7916666666666666
vt 0.5000012617535217 0.875
vt 0.6425566725964297 0.875
vt 0.6425568726891893 0.895832164427913
vt 0.5 0.8958333333333334
vn -0.739120018724245 -0.167103749778668 -0.6525166164405165
vn 0.6303900465644187 0.16967341479832995 -0.75750862800577
vn 0.7391200187242452 0.16710374977866768 0.6525166164405165
vn -0.630390046564419 -0.16967341479832923 0.7575086280057699
vn -0.23729725475357114 0.9712297715373964 0.020068476918684946
vn 0.23729725475357177 -0.9712297715373962 -0.020068476918684984
usemtl m_890a103a-2c95-a057-8483-4c3958a0f191
f 33/97/25 34/98/25 35/99/25 36/100/25
f 37/101/26 33/102/26 36/103/26 38/104/26
f 39/105/27 37/106/27 38/107/27 40/108/27
f 34/109/28 39/110/28 40/111/28 35/112/28
f 40/113/29 38/114/29 36/115/29 35/116/29
f 34/117/30 33/118/30 37/119/30 39/120/30
o cube
v 0.29109420972833044 0.42448771744717917 0.35638302773828134
v -0.02258674693850471 0.31703087910528216 0.32014923386929506
v -0.05750322653328077 0.4133319955864393 0.3368303801785376
v 0.2561777301335544 0.5207888339283362 0.373064174047524
v 0.28610671171491653 0.4053892066061362 0.4562000315363356
v 0.25119023212014047 0.5016903230872933 0.47288117784557815
v -0.02757424495191857 0.2979323682642392 0.4199662376673492
v -0.06249072454669469 0.3942334847453963 0.43664738397659186
vt 0.3403515820918415 0.8125
vt 0.2291678652584451 0.8124999999999999
vt 0.22916666666666666 0.7779046345184865
vt 0.3403503835000632 0.7779046345184866
vt 0.7083343304649907 0.8612379524704443
vt 0.742251059708381 0.8612379524704442
vt 0.7422480205811054 0.8958333333333345
vt 0.7083333333333334 0.8958329203785271
vt 0.2291678652584451 0.8612379678518199
vt 0.3403515820918415 0.8612379678518198
vt 0.34035038350006314 0.8958333333333333
vt 0.22916666666666666 0.8958333333333334
vt 0.7708333333333334 0.8958333333333344
vt 0.7708333333333335 0.8619166040899441
vt 0.8054283012414163 0.8619156069582866
vt 0.8054287141962236 0.8958302942060588
vt 0.4583333333333333 0.7994156106273227
vt 0.5695175899103788 0.7994156106273228
vt 0.569517546150124 0.8333304844665811
vt 0.4583340409144012 0.8333333333333334
vt 0.4583333333333333 0.9035822772869933
vt 0.5695168386055546 0.9035822772869933
vt 0.5695177513702201 0.937497151113997
vt 0.45833349482967334 0.9375
vn 0.04901717949301103 0.18770035224612172 -0.9810024943297708
vn 0.9404315894673616 0.3221611103039967 0.10863077160541708
vn -0.049017179493011355 -0.1877003522461219 0.9810024943297708
vn -0.9404315894673614 -0.3221611103039969 -0.1086307716054167
vn -0.3364308868793739 0.9278905090442395 0.16072791163696493
vn 0.336430886879374 -0.9278905090442394 -0.16072791163696554
usemtl m_890a103a-2c95-a057-8483-4c3958a0f191
f 41/121/31 42/122/31 43/123/31 44/124/31
f 45/125/32 41/126/32 44/127/32 46/128/32
f 47/129/33 45/130/33 46/131/33 48/132/33
f 42/133/34 47/134/34 48/135/34 43/136/34
f 48/137/35 46/138/35 44/139/35 43/140/35
f 42/141/36 41/142/36 45/143/36 47/144/36
o cube
v 0.5429404290891362 0.4119692036952244 0.3609274745244617
v 0.24060785081983083 0.42356245479510557 0.36924205250340936
v 0.24394759905084396 0.503894214427759 0.37867228852193335
v 0.5462801773201493 0.49230096332787787 0.3703577105429857
v 0.5447498139013351 0.402644203783442 0.4397219776845598
v 0.5480895621323483 0.4829759634160955 0.4491522137030838
v 0.24241723563202977 0.4142374548833232 0.4480365556635074
v 0.2457569838630428 0.4945692145159767 0.4574667916820313
vt 0.4166666666666667 0.7291666666666667
vt 0.5175563355238795 0.7291666666666667
vt 0.5175576439784527 0.75
vt 0.4166679751212399 0.75
vt 0.7708336000112231 0.8749999999999989
vt 0.7916666666666656 0.8749999999999989
vt 0.7916665928909503 0.8958333333333323
vt 0.7708333333333323 0.895831736091767
vt 0.4550563355238794 0.875
vt 0.3541666666666667 0.875
vt 0.3541679751212399 0.8541666666666666
vt 0.45505764397845266 0.8541666666666667
vt 0.645833333333333 0.9374999999999989
vt 0.6458333333333329 0.9166669333445567
vt 0.6666650694251012 0.9166666666666655
vt 0.6666666666666662 0.9374999262242839
vt 0.6633913819867753 0.7916666666666666
vt 0.5625 0.7916666666666666
vt 0.5625022170002122 0.7708333333333334
vt 0.6633909725289694 0.7708343846080336
vt 0.6633906224522274 0.875
vt 0.5625018669146372 0.875
vt 0.5625 0.8541666666666666
vt 0.6633913819779421 0.8541677179687337
vn -0.02279827143197708 0.11749511638357486 -0.9928117326289635
vn 0.9988884830270287 -0.038303397770770256 -0.02747086083790534
vn 0.022798271431977088 -0.11749511638357471 0.9928117326289635
vn -0.9988884830270289 0.03830339777076893 0.02747086083790519
vn 0.04125575469768132 0.992334493679034 0.11649126730832708
vn -0.04125575469768139 -0.9923344936790339 -0.11649126730832712
usemtl m_890a103a-2c95-a057-8483-4c3958a0f191
f 49/145/37 50/146/37 51/147/37 52/148/37
f 53/149/38 49/150/38 52/151/38 54/152/38
f 55/153/39 53/154/39 54/155/39 56/156/39
f 50/157/40 55/158/40 56/159/40 51/160/40
f 56/161/41 54/162/41 52/163/41 51/164/41
f 50/165/42 49/166/42 53/167/42 55/168/42
o cube
v 1.356223232466769 0.9781726876358077 0.19836866044536372
v 1.0540800034225286 0.993696390999318 0.20714404292136857
v 1.0567801935193368 1.0429885526888427 0.2129155587278857
v 1.358923422563577 1.0274648493253322 0.20414017625188075
v 1.3573201712967184 0.972519410111012 0.24613779696080662
v 1.3600203613935264 1.0218115718005367 0.25190931276732376
v 1.0551769422524784 0.9880431134745222 0.2549131794368116
v 1.0578771323492864 1.037335275164047 0.2606846952433286
vt 0.5416672797379029 0.7334320259421652
vt 0.6425581631511368 0.7334320259421652
vt 0.6425575500799006 0.75
vt 0.5416666666666666 0.75
vt 0.7708357513205014 0.8584327570139062
vt 0.7868740423614412 0.8584327570139062
vt 0.7868716243742725 0.8750000000000002
vt 0.7708333333333327 0.8750000000000002
vt 0.3300581631511368 0.875
vt 0.22916727973790282 0.8749999999999999
vt 0.22916666666666666 0.8584320259421651
vt 0.3300575500799006 0.8584320259421651
vt 0.7708333333333338 0.8749999999999992
vt 0.7708333333333338 0.8589617089590594
vt 0.787400576319428 0.8589592909718907
vt 0.787400576319428 0.8749975820128305
vt 0.43422421535080136 0.8125
vt 0.3333340246618303 0.8125
vt 0.3333333333333333 0.7964624701099747
vt 0.4342235240223044 0.7964624701099746
vt 0.5592235240223044 0.875
vt 0.4583333333333333 0.875
vt 0.4583340246618303 0.8589624701099746
vt 0.5592242153508014 0.8589624701099747
vn -0.022798271431976658 0.1174951163835747 -0.9928117326289635
vn 0.9982628846834082 -0.05128937341951168 -0.028993330919270744
vn 0.022798271431977043 -0.11749511638357463 0.9928117326289635
vn -0.9982628846834082 0.05128937341951092 0.02899333091927523
vn 0.054327266480787166 0.9917481019897368 0.11612170476048088
vn -0.05432726648078723 -0.9917481019897362 -0.11612170476048567
usemtl m_890a103a-2c95-a057-8483-4c3958a0f191
f 57/169/43 58/170/43 59/171/43 60/172/43
f 61/173/44 57/174/44 60/175/44 62/176/44
f 63/177/45 61/178/45 62/179/45 64/180/45
f 58/181/46 63/182/46 64/183/46 59/184/46
f 64/185/47 62/186/47 60/187/47 59/188/47
f 58/189/48 57/190/48 61/191/48 63/192/48