# Made in Blockbench 4.12.3
mtllib coniferous_twig_parent_3.mtl

o cube
v 0.11672678122897928 0.5465510457807564 0.563934506020426
v 0.06890824207262503 0.5586446462139285 0.7177548179643141
v 0.21855932983096693 0.4570986105669179 0.7722609717647908
v 0.2663778689873211 0.4450050101337458 0.6184406598209028
v -0.4688056877781166 -0.0289124891474448 0.59636482052276
v -0.4212262413175442 -0.04094562157845103 0.4433136101385914
v -0.5945825410689687 0.059911569803377626 0.5502807372682592
v -0.5470030946083964 0.047878437372371394 0.3972295268840907
vt 0.8337956873928456 0.7378207402339012
vt 0.8337956873928456 0.7916666666666666
vt 0.7708336206919378 0.7916654968390574
vt 0.7708333333333334 0.7378216338264649
vt 0.47416983802816565 0.9044878867472426
vt 0.47416983802816554 0.9583333333333334
vt 0.18750018152520176 0.9582042250650974
vt 0.1875 0.9046298520295909
vt 0.8869098686712095 0.9047585828130801
vt 0.8869098686712095 0.9583330536732891
vt 0.8333333333333334 0.9583333333333334
vt 0.8333351181509562 0.9047565183354132
vt 0.5746554755661658 0.35033854687206134
vt 0.2924012908159164 0.35033854687206134
vt 0.31085188540791614 0.30004107905902877
vt 0.5973986267049644 0.29162722123806306
vt 0.30814541801051737 0.24957961508098225
vt 0.2854024062415656 0.19086891262212868
vt 0.5719484360437336 0.1992813373430039
vt 0.5904001751685998 0.24957961508098192
vt 0.4697790416934044 0.875
vt 0.18752544751265457 0.875
vt 0.1875 0.8214243776285003
vt 0.4697529052809502 0.8211556365865299
vn 0.5335333069378687 0.8398668510826979 0.09982926845557742
vn 0.5228209509310369 -0.8216270070671123 0.22712840977188659
vn -0.5477109156673364 -0.8300518019917489 -0.10500837523311377
vn -0.29630406836835377 0.07444507703758699 0.9521879171535573
vn 0.2957539502278562 -0.07529472725648369 -0.9522921321590296
vn -0.5460533813705595 0.8046910914064709 -0.23301920973353554
usemtl m_890a103a-2c95-a057-8483-4c3958a0f191
f 1/1/1 2/2/1 3/3/1 4/4/1
f 4/5/2 3/6/2 5/7/2 6/8/2
f 5/9/3 7/10/3 8/11/3 6/12/3
f 2/13/4 7/14/4 5/15/4 3/16/4
f 1/17/5 4/18/5 6/19/5 8/20/5
f 1/21/6 8/22/6 7/23/6 2/24/6
o cube
v 1.078185716588039 0.9934886632794924 0.8403071594248628
v 0.18738228420428182 0.4239424725750218 0.6081592938147458
v 0.1193671501948157 0.5427477185677121 0.5776745833799919
v 1.010170582578573 1.1122939092721826 0.8098224489901091
v 1.0374821573041277 1.003782841154799 0.9712403491190447
v 0.9694670232946614 1.1225880871474891 0.940755638684291
v 0.14667872492037037 0.43423665045032855 0.7390924835089276
v 0.07866359091090414 0.5530418964430188 0.7086077730741738
vt 0.8816668612634194 0.7708333333333334
vt 0.5208333333333334 0.7708333333333334
vt 0.5208337422053222 0.7291666666666667
vt 0.8816661709250696 0.7291682439368576
vt 0.6249999999999994 0.9374984838929914
vt 0.6249999999999994 0.8958337037727435
vt 0.6666666666666661 0.895833333333333
vt 0.6666665031806436 0.9374999999999997
vt 0.10416666666666667 0.8958333333333334
vt 0.4650001945967528 0.8958333333333335
vt 0.46499950425840303 0.937498422729809
vt 0.10416707553865556 0.9375
vt 0.7500003704394115 0.8333333333333325
vt 0.7916651505596595 0.8333333333333325
vt 0.7916666666666677 0.8749998365139767
vt 0.750000000000001 0.8749999999999991
vt 0.12500128464702595 0.8333333333333334
vt 0.4858332153602352 0.8333333333333334
vt 0.48583369977320356 0.8749978581828914
vt 0.125 0.875
vt 0.08333333333333333 0.7500000000000001
vt 0.4441670331142289 0.75
vt 0.4441668479599712 0.7916645248600583
vt 0.08333491725445381 0.7916666666666666
vn 0.29602588570117516 -0.07486674818404998 -0.9522413795940506
vn 0.822913101509249 0.5261396680872724 0.21445530310403466
vn -0.2960258857011742 0.07486674818404837 0.9522413795940512
vn -0.8229131015092485 -0.5261396680872732 -0.2144553031040351
vn -0.4849563922243575 0.8470962281118721 -0.21735978919610358
vn 0.4849563922243574 -0.8470962281118717 0.2173597891961047
usemtl m_890a103a-2c95-a057-8483-4c3958a0f191
f 9/25/7 10/26/7 11/27/7 12/28/7
f 13/29/8 9/30/8 12/31/8 14/32/8
f 15/33/9 13/34/9 14/35/9 16/36/9
f 10/37/10 15/38/10 16/39/10 11/40/10
f 16/41/11 14/42/11 12/43/11 11/44/11
f 10/45/12 9/46/12 13/47/12 15/48/12
o cube
v 1.747812663617148 1.2477354696703538 1.0487020923751615
v 1.0464093889128225 0.9997188139867865 0.8501544035505688
v 1.016374853566932 1.0983397359188916 0.8330637498527658
v 1.7177781282712576 1.3463563916024588 1.0316114386773585
v 1.718506100932732 1.2551472777405746 1.1429739889549726
v 1.6884715655868412 1.3537681996726796 1.1258833352571695
v 1.0171028262284063 1.0071306220570073 0.9444263001303796
v 0.9870682908825157 1.1057515439891124 0.9273356464325766
vt 0.7150002472350677 0.7916666666666666
vt 0.4583333333333333 0.7916666666666666
vt 0.4583349851174566 0.7568332974873476
vt 0.7150018990191908 0.7568332974873478
vt 0.8948390315933356 0.8881719984868004
vt 0.8618377104655298 0.8881719984868004
vt 0.8618389338487917 0.8533379482265865
vt 0.8948380133786276 0.853339860239687
vt 0.3958333333333333 0.8401666308206811
vt 0.6525002472350676 0.8401666308206811
vt 0.6525018990191909 0.875
vt 0.3958349851174566 0.875
vt 0.8600049813331215 0.8048386651534687
vt 0.8600049813331215 0.771837344025663
vt 0.8948371195802348 0.771838362240371
vt 0.8948390315933356 0.8048374417702068
vt 0.08333333333333333 0.758666151301682
vt 0.3400001644513811 0.7586661513016821
vt 0.3400003270933227 0.7916646374302775
vt 0.08333396765043233 0.7916666666666666
vt 0.041667040077557393 0.8419994846310318
vt 0.29833339952846916 0.8419994846310319
vt 0.29833349777669277 0.8749979707598818
vt 0.041666666666666664 0.875
vn 0.2960258857011744 -0.07486674818404854 -0.9522413795940511
vn 0.910913343771853 0.3220995528357986 0.2578541413306383
vn -0.2960258857011745 0.07486674818404812 0.9522413795940512
vn -0.9109133437718517 -0.32209955283580066 -0.25785414133064044
vn -0.28741182149177547 0.9437408797330563 -0.16354692533782741
vn 0.2874118214917761 -0.9437408797330564 0.16354692533782622
usemtl m_890a103a-2c95-a057-8483-4c3958a0f191
f 17/49/13 18/50/13 19/51/13 20/52/13
f 21/53/14 17/54/14 20/55/14 22/56/14
f 23/57/15 21/58/15 22/59/15 24/60/15
f 18/61/16 23/62/16 24/63/16 19/64/16
f 24/65/17 22/66/17 20/67/17 19/68/17
f 18/69/18 17/70/18 21/71/18 23/72/18
o cube
v 0.9987521422044408 0.4687248063320322 0.32007819438915786
v 0.5067705001557645 0.5079171582486945 0.4871444265796445
v 0.5056682539337358 0.577738055324512 0.4675190957596511
v 0.997649895982412 0.5385457034078496 0.30045286356916445
v 1.0219457693268494 0.48707890031831236 0.3840737637268039
v 1.0208435231048207 0.5568997973941296 0.3644484329068105
v 0.5299641272781732 0.5262712522349746 0.5511399959172905
v 0.5288618810561445 0.5960921493107922 0.5315146650972973
vt 0.4166666666666667 0.8541666666666666
vt 0.5903508099861562 0.8541666666666666
vt 0.5903510896185246 0.8749982104473044
vt 0.4166671086057581 0.875
vt 0.7499999999999991 0.8749996545390728
vt 0.7499999999999991 0.8541666666666675
vt 0.7708333333333325 0.8541670121275957
vt 0.7708333333333325 0.8750000000000009
vt 0.6111841433194897 0.8125
vt 0.4375 0.8124999999999999
vt 0.4375004419390915 0.7916666666666666
vt 0.6111844229518578 0.7916684562193623
vt 0.7499999999999996 0.8749999999999989
vt 0.7708329878724047 0.8749999999999989
vt 0.7708333333333329 0.8958333333333321
vt 0.7500003454609278 0.8958333333333323
vt 0.3820168031223475 0.8749999999999999
vt 0.20833333333333334 0.875
vt 0.2083336376065165 0.854168440978633
vt 0.3820165291115514 0.8541666666666666
vt 0.3403501332454712 0.8125
vt 0.16666724172890426 0.8124999999999999
vt 0.16666666666666666 0.7916684409845403
vt 0.34035013644414874 0.7916666666666666
vn -0.3289876187575704 -0.26034175867064085 -0.907738572165192
vn 0.9442119605578718 -0.07521802498159985 -0.3206337821523605
vn 0.3289876187575701 0.26034175867064124 0.9077385721651919
vn -0.9442119605578717 0.07521802498159882 0.3206337821523615
vn -0.01519606013688076 0.9625821613816381 -0.27056360129583273
vn 0.015196060136881592 -0.9625821613816378 0.270563601295834
usemtl m_890a103a-2c95-a057-8483-4c3958a0f191
f 25/73/19 26/74/19 27/75/19 28/76/19
f 29/77/20 25/78/20 28/79/20 30/80/20
f 31/81/21 29/82/21 30/83/21 32/84/21
f 26/85/22 31/86/22 32/87/22 27/88/22
f 32/89/23 30/90/23 28/91/23 27/92/23
f 26/93/24 25/94/24 29/95/24 31/96/24
o cube
v 0.536334734611501 0.4796204103647901 0.47447216120019364
v 0.13023708714673476 0.4160445900116444 0.5925551377506035
v 0.10640300736570374 0.5266308083810505 0.5701272293988304
v 0.51250065483047 0.5902066287341963 0.45204425284842065
v 0.5624230680338886 0.5063587785188051 0.578588138613378
v 0.5385889882528576 0.6169449968882113 0.5561602302616051
v 0.15632542056912258 0.4427829581656595 0.6966711151637877
v 0.13249134078809155 0.5533691765350657 0.6742432068120148
vt 0.35088914090556544 0.875
vt 0.20833337620154788 0.8749999999999999
vt 0.20833333333333334 0.8365565918045924
vt 0.35089115677726695 0.8365569109718464
vt 0.7500000000000006 0.8958333333333327
vt 0.7500000000000004 0.858960774562917
vt 0.7884429788854579 0.8589613040235807
vt 0.7884434880999605 0.8958318426508413
vt 0.4166667095348812 0.7532232584712593
vt 0.5592224742388988 0.7532232584712591
vt 0.5592244901106003 0.7916663474994127
vt 0.4166666666666667 0.7916666666666666
vt 0.729166666666667 0.7740565119000401
vt 0.7660392254370829 0.7740565119000401
vt 0.7660377347545914 0.8125
vt 0.7291671961273308 0.8124994907854975
vt 0.41666728907676515 0.8381281064802651
vt 0.5592232964974843 0.8381281064802651
vt 0.5592237654286751 0.8749982253868117
vt 0.4166666666666667 0.875
vt 0.20833333333333334 0.7547947731575368
vt 0.3508904321063873 0.7547947731575367
vt 0.35089042215058125 0.791664892067064
vt 0.20833441474090764 0.7916666666666666
vn -0.23584806240010595 -0.24172461378669463 -0.9412464621722567
vn 0.9495606355961482 0.14865660207577877 -0.27610833740675583
vn 0.23584806240010608 0.24172461378669255 0.9412464621722572
vn -0.9495606355961475 -0.14865660207577835 0.2761083374067583
vn -0.2066646820053095 0.9588902052628124 -0.19447180634396893
vn 0.20666468200530974 -0.9588902052628123 0.19447180634396913
usemtl m_890a103a-2c95-a057-8483-4c3958a0f191
f 33/97/25 34/98/25 35/99/25 36/100/25
f 37/101/26 33/102/26 36/103/26 38/104/26
f 39/105/27 37/106/27 38/107/27 40/108/27
f 34/109/28 39/110/28 40/111/28 35/112/28
f 40/113/29 38/114/29 36/115/29 35/116/29
f 34/117/30 33/118/30 37/119/30 39/120/30
o cube
v 0.7433556662399552 0.7812971977584142 0.9310765805117494
v 0.506181937457765 0.657775991177646 0.7317107449220446
v 0.46796283260864024 0.753288644610262 0.7180009205689488
v 0.7051365613908303 0.8768098511910303 0.9173667561586534
v 0.6824087699369983 0.7684585616631594 1.0115359351838462
v 0.6441896650878736 0.8639712150957752 0.9978261108307502
v 0.4452350411548084 0.6449373550823911 0.8121700995941414
v 0.40701593630568356 0.740450008515007 0.7984602752410455
vt 0.44451710788290627 0.9166666666666666
vt 0.3333333333333333 0.9166666666666666
vt 0.33333338505731974 0.8820719379969194
vt 0.44451715960689286 0.8820719379969194
vt 0.7291684407167524 0.861237587600996
vt 0.7630847722312716 0.861237587600996
vt 0.7630832811231709 0.8958333333333343
vt 0.7291666666666665 0.8958312693029055
vt 0.20833333333333334 0.8195719379969194
vt 0.31951710788290627 0.8195719379969193
vt 0.31951715960689286 0.8541666666666666
vt 0.20833338505731983 0.8541666666666666
vt 0.7499999999999997 0.8333333333333336
vt 0.7499999999999997 0.7994170018188144
vt 0.7845936817019092 0.7994152277687285
vt 0.7845957457323379 0.8333318422252329
vt 0.25000108992118913 0.7577504990998087
vt 0.36118395043584867 0.7577504990998086
vt 0.3611828605146594 0.7916666666666666
vt 0.25 0.7916666666666666
vt 0.3958333333333333 0.7994171657664754
vt 0.5070161938479928 0.7994171657664754
vt 0.507017283769182 0.8333333333333334
vt 0.39583442325452256 0.8333333333333334
vn 0.598986695852154 0.1261782417224063 -0.790755328472696
vn 0.7110589979978776 0.37032290985090555 0.5977089959217717
vn -0.5989866958521549 -0.12617824172240535 0.7907553284726954
vn -0.711058997997879 -0.3703229098509059 -0.5977089959217698
vn -0.3682526843871922 0.9202934280735683 -0.13209832204167907
vn 0.3682526843871904 -0.9202934280735688 0.1320983220416812
usemtl m_890a103a-2c95-a057-8483-4c3958a0f191
f 41/121/31 42/122/31 43/123/31 44/124/31
f 45/125/32 41/126/32 44/127/32 46/128/32
f 47/129/33 45/130/33 46/131/33 48/132/33
f 42/133/34 47/134/34 48/135/34 43/136/34
f 48/137/35 46/138/35 44/139/35 43/140/35
f 42/141/36 41/142/36 45/143/36 47/144/36
o cube
v 1.261536334223163 0.782211975808714 1.2841453474948983
v 0.6945344549133281 0.7789389844566919 0.9130207997380544
v 0.6918930846544549 0.8597799324560125 0.9163433236306295
v 1.2588949639642895 0.8630529238080347 1.2874678713874732
v 1.218147713509645 0.7780683677358322 1.3504707674311254
v 1.2155063432507716 0.8589093157351528 1.3537932913237005
v 0.6511458341998102 0.77479537638381 0.9793462196742815
v 0.6485044639409367 0.8556363243831306 0.9826687435668566
vt 0.6425576497773574 0.9166666666666666
vt 0.4166675118953305 0.9166666666666666
vt 0.4166666666666667 0.8958333333333334
vt 0.6425568045486935 0.8958333333333334
vt 0.7500000000000006 0.854166666666667
vt 0.7708328748087018 0.854166666666667
vt 0.7708333333333339 0.8750000000000003
vt 0.7500004585246329 0.8750000000000003
vt 0.45833417856199726 0.7916666666666666
vt 0.6842243164440241 0.7916666666666667
vt 0.6842234712153602 0.8125
vt 0.4583333333333333 0.8125
vt 0.7500000000000001 0.8958328748086999
vt 0.7500000000000001 0.8749999999999989
vt 0.7708333333333335 0.8750004585246312
vt 0.7708333333333335 0.8958333333333323
vt 0.18750061385379033 0.75
vt 0.4133902257297511 0.75
vt 0.4133896118759608 0.7708333333333334
vt 0.1875 0.7708333333333334
vt 0.20833333333333334 0.8333333333333334
vt 0.4342229452092941 0.8333333333333334
vt 0.43422355906308435 0.8541666666666666
vt 0.20833394718712364 0.8541666666666666
vn 0.5466971676874925 0.0522095139278259 -0.8357011268975855
vn 0.8366944323996481 0.0048297787740382665 0.5476487012934703
vn -0.5466971676874923 -0.05220951392782739 0.8357011268975852
vn -0.8366944323996481 -0.004829778774036849 -0.5476487012934703
vn -0.032628724061864546 0.9986244739101953 0.04104298324538018
vn 0.0326287240618646 -0.9986244739101953 -0.04104298324538028
usemtl m_890a103a-2c95-a057-8483-4c3958a0f191
f 49/145/37 50/146/37 51/147/37 52/148/37
f 53/149/38 49/150/38 52/151/38 54/152/38
f 55/153/39 53/154/39 54/155/39 56/156/39
f 50/157/40 55/158/40 56/159/40 51/160/40
f 56/161/41 54/162/41 52/163/41 51/164/41
f 50/165/42 49/166/42 53/167/42 55/168/42
o cube
v 1.3431411216994746 0.3970894818656606 0.16237653127867624
v 0.9680386843649362 0.49418372861236903 0.3434059275528072
v 0.9715494451628932 0.5405376211800899 0.32581872118767463
v 1.3466518824974316 0.44344337443338144 0.14478932491354368
v 1.3660011127356775 0.4105837197444764 0.20250606627342427
v 1.3695118735336345 0.4569376123121971 0.1849188599082917
v 0.9908986754011391 0.5076779664911848 0.3835354625475552
v 0.994409436199096 0.5540318590589055 0.36594825618242266
vt 0.3958333333333333 0.8375986395491187
vt 0.5383909243546904 0.8375986395491186
vt 0.5383909648171387 0.8541666666666666
vt 0.39583539801424855 0.8541661739016353
vt 0.7708333333333343 0.8749998443889659
vt 0.7708333333333343 0.8589620373586928
vt 0.7873997407595238 0.858962192969726
vt 0.7873997407595238 0.8749999999999991
vt 0.580057591021357 0.7916666666666666
vt 0.4375 0.7916666666666666
vt 0.4375020646809153 0.7750991323141502
vt 0.5800576314838054 0.7750986395491187
vt 0.7499999999999988 0.8584335925738111
vt 0.7660378070302721 0.8584335925738111
vt 0.7660379626413052 0.8750000000000007
vt 0.7500001556110321 0.8750000000000008
vt 0.28839066517044004 0.8958333333333334
vt 0.14583385478114982 0.8958333333333334
vt 0.14583333333333334 0.8797969519072765
vt 0.2883904521705613 0.8797940218193213
vt 0.3300571188673402 0.8125
vt 0.1875 0.8125
vt 0.18750019183952724 0.7964636185666127
vt 0.33005700219870543 0.7964606884849981
vn -0.475111525225035 -0.28045802512346685 -0.8340337731424226
vn 0.8770858709294802 -0.2270312946383985 -0.42329323910344707
vn 0.4751115252250351 0.28045802512346735 0.8340337731424222
vn -0.8770858709294802 0.2270312946383989 0.4232932391034468
vn 0.07063578140160442 0.9326307347491067 -0.35385095589404053
vn -0.07063578140160344 -0.9326307347491063 0.3538509558940419
usemtl m_890a103a-2c95-a057-8483-4c3958a0f191
f 57/169/43 58/170/43 59/171/43 60/172/43
f 61/173/44 57/174/44 60/175/44 62/176/44
f 63/177/45 61/178/45 62/179/45 64/180/45
f 58/181/46 63/182/46 64/183/46 59/184/46
f 64/185/47 62/186/47 60/187/47 59/188/47
f 58/189/48 57/190/48 61/191/48 63/192/48