# Made in Blockbench 4.12.3
mtllib coniferous_twig_diagonal_parent.mtl

o cube
v -0.05752731738977751 0.6161390568307414 -0.17174982531518806
v -0.17174980962704395 0.6161390573517243 -0.05752732975451663
v -0.05218715045834166 0.5319517184576785 0.06203532631939279
v 0.062035341778924724 0.5319517179366955 -0.05218716924127864
v -0.5131166386773386 -0.02856423109264608 -0.39946525839305486
v -0.3994652589012585 -0.028564231611024102 -0.513116641475923
v -0.6139266465082776 0.04565138833507902 -0.5002752636293436
v -0.5002752667321975 0.045651387816701 -0.6139266467122118
vt 0.6254625 0.7378208333333334
vt 0.6254625 0.7916666666666666
vt 0.5625 0.7916666666666666
vt 0.5625 0.7378208333333334
vt 0.6825020833333334 0.8419875
vt 0.6825020833333334 0.8958333333333334
vt 0.3958333333333333 0.8956979166666666
vt 0.3958333333333333 0.8421229166666666
vt 0.4910750000000001 0.7380916666666666
vt 0.4910750000000001 0.7916666666666666
vt 0.4375 0.7916666666666666
vt 0.4375 0.7380916666666666
vt 0.32392017890984687 0.9375
vt 0.041666666666666664 0.9374999999999999
vt 0.060118679790477136 0.8872019411265636
vt 0.34666430022823497 0.8787893514091826
vt 0.6894107879850546 0.7916666666666666
vt 0.6666666666666666 0.7329560180758492
vt 0.9532122871044244 0.7413686077932302
vt 0.9716643002282351 0.7916666666666665
vt 0.32394656941370287 0.8541666666666666
vt 0.041692370262710554 0.8541666666666666
vt 0.041666666666666664 0.8005916728325545
vt 0.3239207358803637 0.8003208395303911
vn 0.3151604763767127 0.8951802927978187 0.3151604631238115
vn 0.4608606340901697 -0.7584292722878059 0.46086062414031026
vn -0.3265055823948395 -0.8870108331782258 -0.32650556884910303
vn -0.7072725432438492 -0.00045059487248773794 0.7069408366600691
vn 0.7069460766854998 -0.00045617751365643693 -0.7072673020584619
vn -0.4763992324897342 0.7389773694517985 -0.476399221999042
usemtl m_890a103a-2c95-a057-8483-4c3958a0f191
f 1/1/1 2/2/1 3/3/1 4/4/1
f 4/5/2 3/6/2 5/7/2 6/8/2
f 5/9/3 7/10/3 8/11/3 6/12/3
f 2/13/4 7/14/4 5/15/4 3/16/4
f 1/17/5 4/18/5 6/19/5 8/20/5
f 1/21/6 8/22/6 7/23/6 2/24/6
o cube
v 0.580488180547893 0.9708180693215869 0.4832609981347429
v -0.002881929224186841 0.48485008678671515 -0.10010911163733716
v -0.053215384721383985 0.6056935765386393 -0.15044256713453436
v 0.5301547250506959 1.091661559073511 0.4329275426375456
v 0.48326099813474266 0.9708180693215869 0.5804881805478932
v 0.4329275426375454 1.091661559073511 0.5301547250506959
v -0.10010911163733721 0.48485008678671515 -0.002881929224186841
v -0.1504425671345344 0.6056935765386393 -0.053215384721383985
vt 0.7983324087916331 0.9166666666666666
vt 0.4791666666666667 0.9166666666666666
vt 0.4791671227167258 0.8750000000000001
vt 0.7983328648416922 0.875
vt 0.8735072916666665 0.862755208333332
vt 0.8735072916666665 0.8210885416666653
vt 0.9151739583333333 0.8210885416666653
vt 0.9151739583333333 0.862755208333332
vt 0.5208333333333334 0.7916666666666666
vt 0.8399990754582998 0.7916666666666669
vt 0.8399995315083588 0.8333333333333334
vt 0.5208337893833924 0.8333333333333331
vt 0.8318406249999999 0.9460885416666653
vt 0.8318406249999999 0.9044218749999987
vt 0.8735072916666665 0.9044218749999987
vt 0.8735072916666665 0.9460885416666653
vt 0.10416666666666667 0.8541666666666666
vt 0.42333333333333334 0.8541666666666666
vt 0.42333333333333334 0.8958333333333334
vt 0.10416666666666667 0.8958333333333334
vt 0.10416666666666667 0.7916666666666666
vt 0.42333333333333334 0.7916666666666666
vt 0.42333333333333334 0.8333333333333334
vt 0.10416666666666667 0.8333333333333334
vn 0.7071067811865479 -4.133696447038943e-16 -0.7071067811865472
vn 0.6092638222162747 0.507538362960704 0.6092638222162747
vn -0.7071067811865477 0 0.7071067811865474
vn -0.6092638222162745 -0.5075383629607042 -0.6092638222162748
vn -0.35888381816183296 0.8616291604415256 -0.3588838181618338
vn 0.3588838181618332 -0.8616291604415257 0.3588838181618332
usemtl m_890a103a-2c95-a057-8483-4c3958a0f191
f 9/25/7 10/26/7 11/27/7 12/28/7
f 13/29/8 9/30/8 12/31/8 14/32/8
f 15/33/9 13/34/9 14/35/9 16/36/9
f 10/37/10 15/38/10 16/39/10 11/40/10
f 16/41/11 14/42/11 12/43/11 11/44/11
f 10/45/12 9/46/12 13/47/12 15/48/12
o cube
v 1.073843998723655 1.139362701905616 1.003840427386187
v 0.5422779428721678 0.972704199173277 0.47227437153469953
v 0.5262846443645659 1.0747271319173108 0.45628107302709764
v 1.057850700216053 1.2413856346496497 0.9878471288785851
v 1.0038404273861867 1.139362701905616 1.0738439987236552
v 0.9878471288785848 1.2413856346496497 1.0578507002160533
v 0.4722743715346993 0.972704199173277 0.5422779428721678
v 0.45628107302709753 1.0747271319173108 0.5262846443645659
vt 0.715000512589112 0.9166666666666666
vt 0.4583333333333333 0.9166666666666666
vt 0.45833468200150035 0.8818350869796414
vt 0.7150002782145801 0.8818326021192088
vt 0.8645906250000004 0.8627552083333319
vt 0.8645906250000004 0.8297552083333318
vt 0.8994239583333337 0.8297552083333318
vt 0.8994239583333337 0.8627552083333319
vt 0.4791666666666667 0.8193326021192088
vt 0.7358338459224454 0.8193326021192088
vt 0.7358336115479135 0.8541666666666666
vt 0.47916801533483366 0.8541641818062341
vt 0.8229239583333338 0.9252552083333319
vt 0.8229239583333338 0.8922552083333318
vt 0.857757291666667 0.8922552083333318
vt 0.857757291666667 0.9252552083333319
vt 0.14583333333333334 0.8628333333333332
vt 0.4025 0.8628333333333332
vt 0.4025 0.8958333333333334
vt 0.14583333333333334 0.8958333333333334
vt 0.16666666666666666 0.8003333333333332
vt 0.42333333333333334 0.8003333333333332
vt 0.42333333333333334 0.8333333333333334
vt 0.16666666666666666 0.8333333333333334
vn 0.7071067811865477 0 -0.7071067811865475
vn 0.6903455270798546 0.2164396139381038 0.6903455270798546
vn -0.7071067811865476 0 0.7071067811865476
vn -0.6903455270798537 -0.2164396139381026 -0.690345527079856
vn -0.15304591873303072 0.9762960071199334 -0.15304591873303072
vn 0.15304591873303092 -0.9762960071199334 0.15304591873303092
usemtl m_890a103a-2c95-a057-8483-4c3958a0f191
f 17/49/13 18/50/13 19/51/13 20/52/13
f 21/53/14 17/54/14 20/55/14 22/56/14
f 23/57/15 21/58/15 22/59/15 24/60/15
f 18/61/16 23/62/16 24/63/16 19/64/16
f 24/65/17 22/66/17 20/67/17 19/68/17
f 18/69/18 17/70/18 21/71/18 23/72/18
o cube
v 0.29944740979091944 0.3723527400550062 -0.16425580252552818
v -0.19467762408122863 0.2889321520180209 -0.30699528162086603
v -0.202699606244998 0.38793504000660495 -0.3370851835330375
v 0.29142542762715007 0.4713556280435903 -0.19434570443769966
v 0.2681348114141253 0.39817375427063206 -0.07095061023822813
v 0.26011282925035584 0.4971766422592161 -0.10104051215039961
v -0.2259902224580228 0.3147531662336467 -0.21369008933356604
v -0.23401220462179217 0.4137560542222307 -0.24377999124573746
vt 0.6528506324749733 0.7916666666666666
vt 0.47916744281942947 0.7916666666666666
vt 0.4791666666666667 0.7570705890787807
vt 0.6528498563222106 0.7570705890787807
vt 0.8160906249999998 0.8627552083333322
vt 0.7821732234800124 0.8627552083333322
vt 0.7821748551758224 0.8281591599436989
vt 0.8160897077389565 0.8281606375683179
vt 0.47916744281942947 0.8195705890787806
vt 0.6528506324749733 0.8195705890787806
vt 0.6528498563222106 0.8541666666666666
vt 0.4791666666666667 0.8541666666666666
vt 0.7814945766103666 0.7794218750000002
vt 0.7814945766103666 0.7455044734800125
vt 0.8160891473753807 0.745505390741056
vt 0.8160906249999998 0.7794202433041902
vt 0.22916666666666666 0.7994159673298307
vt 0.40285041165326413 0.7994159673298306
vt 0.4028521543991496 0.8333315713454981
vt 0.22916729780261758 0.8333333333333334
vt 0.22916695371973395 0.7369159673251733
vt 0.40285181032520345 0.7369159673251733
vt 0.4028504116443268 0.7708315713567752
vt 0.22916666666666666 0.7708333333333334
vn 0.307740524587658 -0.25376918148035227 -0.9170043468039315
vn 0.9483255616009052 0.16010092704536172 0.2739458383942778
vn -0.30774052458765805 0.2537691814803518 0.9170043468039316
vn -0.9483255616009049 -0.160100927045362 -0.27394583839427855
vn -0.0772942348486715 0.9539228981893706 -0.2899253448202664
vn 0.07729423484867101 -0.9539228981893704 0.28992534482026733
usemtl m_890a103a-2c95-a057-8483-4c3958a0f191
f 25/73/19 26/74/19 27/75/19 28/76/19
f 29/77/20 25/78/20 28/79/20 30/80/20
f 31/81/21 29/82/21 30/83/21 32/84/21
f 26/85/22 31/86/22 32/87/22 27/88/22
f 32/89/23 30/90/23 28/91/23 27/92/23
f 26/93/24 25/94/24 29/95/24 31/96/24
o cube
v 0.6484062001750635 0.5260840824014463 0.02408484308057901
v 0.28747159691846 0.38620474437755115 -0.1577413281022097
v 0.27001766234602675 0.4617003024132663 -0.18117326699141056
v 0.6309522656026303 0.6015796404371616 0.0006529041913780897
v 0.609424448804627 0.5381967472104512 0.0921473851747312
v 0.5919705142321938 0.6136923052461662 0.06871544628553028
v 0.24848984554802367 0.398317409186556 -0.08967878600805745
v 0.2310359109755904 0.47381296722227106 -0.11311072489725837
vt 0.4758895989826131 0.8333333333333334
vt 0.3333333333333333 0.8333333333333334
vt 0.3333348785321835 0.8125
vt 0.47589114418146333 0.8125000000000001
vt 0.874999999999999 0.8750000000000007
vt 0.874999999999999 0.8541681851050816
vt 0.8958317460606783 0.8541666666666674
vt 0.8958333333333323 0.8749987464355441
vt 0.3541666666666667 0.8958333333333334
vt 0.49672293231594655 0.8958333333333334
vt 0.4967244775147968 0.9166666666666666
vt 0.35416821186551695 0.9166666666666666
vt 0.7500015184384151 0.8750000000000011
vt 0.7708333333333343 0.8750000000000011
vt 0.7708320797688776 0.8958333333333345
vt 0.7500000000000009 0.8958317460606804
vt 0.125 0.8125
vt 0.26755771105381415 0.8125000000000001
vt 0.26755669766671114 0.8333325403758465
vt 0.12500175547204387 0.8333333333333334
vt 0.37500156859599293 0.7708333333333334
vt 0.5175565107942166 0.7708333333333334
vt 0.5175577110502577 0.7916658736937785
vt 0.375 0.7916666666666666
vn 0.4911705584380541 -0.15261972921318787 -0.857588887975202
vn 0.8439578348129176 0.3270738305182177 0.4251563035496855
vn -0.49117055843805413 0.1526197292131891 0.8575888879752016
vn -0.8439578348129179 -0.32707383051821937 -0.42515630354968353
vn -0.21560764267887655 0.9325931200931267 -0.28945365220260255
vn 0.21560764267887508 -0.9325931200931263 0.2894536522026048
usemtl m_890a103a-2c95-a057-8483-4c3958a0f191
f 33/97/25 34/98/25 35/99/25 36/100/25
f 37/101/26 33/102/26 36/103/26 38/104/26
f 39/105/27 37/106/27 38/107/27 40/108/27
f 34/109/28 39/110/28 40/111/28 35/112/28
f 40/113/29 38/114/29 36/115/29 35/116/29
f 34/117/30 33/118/30 37/119/30 39/120/30
o cube
v 0.12954416979894123 0.5410297471878667 0.36635196950038607
v -0.07434023553675184 0.44106382116466325 -0.10261611618906746
v -0.10443013744892327 0.5400667091532472 -0.11063809835283683
v 0.09945426788676981 0.6400326351764507 0.3583299873366166
v 0.04067550201974601 0.5175559421537992 0.40999143402933746
v 0.010585600107574589 0.6165588301423832 0.4019694518655681
v -0.16320890331594712 0.41759001613059576 -0.05897665166011601
v -0.19329880522811854 0.5165929041191797 -0.06699863382388538
vt 0.527850719092999 0.7916666666666666
vt 0.354168125690931 0.7916666666666666
vt 0.3541666666666667 0.7570705329594255
vt 0.5278513025027869 0.7570709437402915
vt 0.6564964368923767 0.8002552083333332
vt 0.6564964368923767 0.7663381254504448
vt 0.6910906250000002 0.7663372670457455
vt 0.6910906250000002 0.8002543499286339
vt 0.39583479235759755 0.8404038662927589
vt 0.5695173857596655 0.8404038662927588
vt 0.5695179691694535 0.8749995892191341
vt 0.3958333333333333 0.875
vt 0.7119230999286342 0.8627552083333317
vt 0.6780060170457459 0.8627552083333317
vt 0.6780068754504452 0.8281610202257083
vt 0.7119239583333336 0.8281610202257083
vt 0.125 0.8202494110843864
vt 0.29868318355807527 0.8202494110843863
vt 0.2986851331737171 0.8541666666666666
vt 0.12500194961564184 0.8541666666666666
vt 0.12500194961564182 0.7577494110843864
vt 0.29868513317371703 0.7577494110843864
vt 0.2986831835580752 0.7916666666666666
vt 0.125 0.7916666666666666
vn 0.8734021403360712 0.23070078657560175 -0.4288890862796213
vn 0.3912952794082988 0.1918547663817375 0.9000443060924225
vn -0.8734021403360714 -0.23070078657560134 0.42888908627962147
vn -0.39129527940829945 -0.19185476638173685 -0.9000443060924226
vn -0.2899253448202671 0.9539228981893703 -0.07729423484867157
vn 0.289925344820267 -0.9539228981893705 0.07729423484867148
usemtl m_890a103a-2c95-a057-8483-4c3958a0f191
f 41/121/31 42/122/31 43/123/31 44/124/31
f 45/125/32 41/126/32 44/127/32 46/128/32
f 47/129/33 45/130/33 46/131/33 48/132/33
f 42/133/34 47/134/34 48/135/34 43/136/34
f 48/137/35 46/138/35 44/139/35 43/140/35
f 42/141/36 41/142/36 45/143/36 47/144/36
o cube
v 0.2686598181955311 0.565400913232315 0.6133566091738427
v 0.12237244467894026 0.5389327517027098 0.34971297785334454
v 0.10813343681312804 0.6186228740912529 0.349613358646195
v 0.25442081032971886 0.6450910356208579 0.6132569899666931
v 0.200597276101379 0.5532882484233101 0.652338360544279
v 0.18635826823556667 0.632978370811853 0.6522387413371293
v 0.05430990258478807 0.5268200868937052 0.388694729223781
v 0.04007089471897585 0.6065102092822481 0.3885951100166314
vt 0.6217228105145676 0.7916666666666666
vt 0.5208333333333334 0.7916666666666666
vt 0.5208335685673692 0.7708333333333334
vt 0.6217230457486033 0.7708333333333334
vt 0.8724388596315688 0.8627552083333326
vt 0.8724388596315688 0.8419218749999994
vt 0.8932708500356465 0.8419222510648007
vt 0.893272192964902 0.8627537118253772
vt 0.5208333333333334 0.8333333333333334
vt 0.6217228105145676 0.8333333333333334
vt 0.6217230457486034 0.8541666666666666
vt 0.5208335685673692 0.8541666666666666
vt 0.8104677316291413 0.9044218749999983
vt 0.789634398295808 0.9044218749999983
vt 0.7896358948037636 0.8835885416666649
vt 0.8104673555643401 0.8835898845959205
vt 0.3541666666666667 0.75
vt 0.45505607299373246 0.75
vt 0.4550564917519096 0.7708333333333334
vt 0.3541670854248438 0.7708333333333334
vt 0.3333337520915105 0.8333333333333334
vt 0.4342231584185763 0.8333333333333334
vt 0.4342227396603991 0.8541666666666666
vt 0.3333333333333333 0.8541666666666666
vn 0.8575888879752022 0.1526197292131881 -0.4911705584380537
vn 0.4833246005259608 0.08744919872733985 0.8710625512374912
vn -0.8575888879752016 -0.1526197292131891 0.4911705584380541
vn -0.48332460052596243 -0.08744919872734004 -0.8710625512374901
vn -0.17589380247148384 0.9844083786197875 -0.001230591436556404
vn 0.17589380247148448 -0.9844083786197876 0.0012305914365569467
usemtl m_890a103a-2c95-a057-8483-4c3958a0f191
f 49/145/37 50/146/37 51/147/37 52/148/37
f 53/149/38 49/150/38 52/151/38 54/152/38
f 55/153/39 53/154/39 54/155/39 56/156/39
f 50/157/40 55/158/40 56/159/40 51/160/40
f 56/161/41 54/162/41 52/163/41 51/164/41
f 50/165/42 49/166/42 53/167/42 55/168/42
o cube
v 0.45759634872186816 0.483643253872707 0.9623739399856746
v 0.23773320260876618 0.5799674196005031 0.6084210820524605
v 0.23695355151347863 0.6277948345763527 0.6219210504297403
v 0.4568166976265806 0.5314706688485566 0.9758739083629546
v 0.416333459376941 0.4762999556016144 0.9860066114049217
v 0.41555380828165345 0.5241273705774638 0.9995065797822016
v 0.196470313263839 0.5726241213294103 0.6320537534717077
v 0.19569066216855147 0.6204515363052598 0.6455537218489875
vt 0.3958341023423771 0.7959304254019599
vt 0.5383899500274208 0.7959304254019599
vt 0.5383907347162357 0.8124974966864918
vt 0.3958333333333333 0.8125
vt 0.6536901628629787 0.84192149232756
vt 0.6536901628629787 0.8258838785267599
vt 0.6702569652855068 0.8258822035906067
vt 0.6702572916666671 0.8419218749999983
vt 0.5592232833607542 0.8541666666666665
vt 0.4166674356757105 0.8541666666666666
vt 0.4166666666666667 0.8375970920686265
vt 0.559224068049569 0.8375995953821346
vt 0.691088950063846 0.8002552083333313
vt 0.675051336263046 0.8002552083333313
vt 0.6750509535906076 0.7836880795296427
vt 0.6910906249999993 0.783688405910803
vt 0.3300556370583712 0.8541666666666666
vt 0.1875 0.8541666666666666
vt 0.187501131411327 0.8381278560841932
vt 0.3300567684696983 0.8381278560841933
vt 0.3300567684696982 0.8124999999999999
vt 0.187501131411327 0.8125
vt 0.1875 0.7964611894175265
vt 0.33005563705837115 0.7964611894175265
vn 0.8575888879752018 0.1526197292131877 -0.4911705584380542
vn 0.5140965235102471 -0.22523064736466158 0.8276327204759208
vn -0.8575888879752017 -0.1526197292131881 0.49117055843805424
vn -0.5140965235102479 0.22523064736465825 -0.8276327204759213
vn -0.015686418843549352 0.9622777009484258 0.2716165726189715
vn 0.015686418843544273 -0.9622777009484266 -0.27161657261896893
usemtl m_890a103a-2c95-a057-8483-4c3958a0f191
f 57/169/43 58/170/43 59/171/43 60/172/43
f 61/173/44 57/174/44 60/175/44 62/176/44
f 63/177/45 61/178/45 62/179/45 64/180/45
f 58/181/46 63/182/46 64/183/46 59/184/46
f 64/185/47 62/186/47 60/187/47 59/188/47
f 58/189/48 57/190/48 61/191/48 63/192/48