# Made in Blockbench 4.12.3
mtllib coniferous_twig_diagonal_parent_2.mtl

o cube
v 0.08790026029083203 0.5397332991379392 -0.28501432805691546
v 0.013311700178873731 0.5397332993477283 -0.14173103201224463
v 0.15226364712393375 0.43419589532015707 -0.06939722928973724
v 0.2268522072358921 0.4341958951103681 -0.21268052533440807
v -0.48605436959607506 -0.03638819748613181 -0.4021398229389065
v -0.4118387522846765 -0.036388197694871866 -0.544706702503354
v -0.6028383203839107 0.05580120881160313 -0.46293369768390863
v -0.5286227030725121 0.05580120860286308 -0.6055005772483562
vt 0.3546291666666666 0.9044875
vt 0.3546291666666666 0.9583333333333334
vt 0.2916666666666667 0.9583333333333334
vt 0.2916666666666667 0.9044875
vt 0.7866708333333333 0.7586541666666666
vt 0.7866708333333333 0.8125
vt 0.5 0.8123645833333334
vt 0.5 0.7587895833333334
vt 0.5327416666666667 0.8630916666666667
vt 0.5327416666666667 0.9166666666666666
vt 0.4791666666666667 0.9166666666666666
vt 0.4791666666666667 0.8630916666666667
vt 0.40725349930323906 0.375
vt 0.125 0.375
vt 0.14344974043049286 0.3247026983021738
vt 0.42999653769243656 0.3162896240008092
vt 0.5644103083168733 0.375
vt 0.5416666666666666 0.3162898576937011
vt 0.8282123597181262 0.324701697238455
vt 0.8466643265397348 0.3749999999999999
vt 0.4489465694137029 0.8125
vt 0.16669237026271055 0.8125
vt 0.16666666666666666 0.7589250061658879
vt 0.44892073588036374 0.7586541728637245
vn 0.4956045559688867 0.8293458278256036 0.25799539137578986
vn 0.4853586797933493 -0.8370119490884677 0.25266172846788953
vn -0.5087685171218883 -0.819152044288997 -0.2648481155733451
vn -0.46200699294173553 -0.00041612479474695057 0.8868761837557091
vn 0.4614959853410732 -0.0004226270490147319 -0.887142196550502
vn -0.5069359997126612 0.8205947595050761 -0.2638941698259571
usemtl m_890a103a-2c95-a057-8483-4c3958a0f191
f 1/1/1 2/2/1 3/3/1 4/4/1
f 4/5/2 3/6/2 5/7/2 6/8/2
f 5/9/3 7/10/3 8/11/3 6/12/3
f 2/13/4 7/14/4 5/15/4 3/16/4
f 1/17/5 4/18/5 6/19/5 8/20/5
f 1/21/6 8/22/6 7/23/6 2/24/6
o cube
v 0.9785723251613683 0.9634302088426483 0.1921885254896305
v 0.15124528770923729 0.4140199309376885 -0.23849067023853987
v 0.08810585603473142 0.5348634206896126 -0.27135897795885094
v 0.9154328934868625 1.0842736985945725 0.15932021776931937
v 0.915081890841551 0.9634302088426483 0.314152515051636
v 0.8519424591670453 1.0842736985945725 0.281284207331325
v 0.08775485338942002 0.4140199309376885 -0.11652668067653427
v 0.024615421714914154 0.5348634206896126 -0.1493949883968454
vt 0.9233351981103182 0.8541666666666665
vt 0.5625 0.8541666666666666
vt 0.5625003018532322 0.8125009423784703
vt 0.9233337049020994 0.8125
vt 0.717258333333335 0.7898375000000001
vt 0.717258333333335 0.7481708333333335
vt 0.7589250000000017 0.7481708333333335
vt 0.7589250000000017 0.7898375000000001
vt 0.6391648018896818 0.875
vt 1 0.8750000000000001
vt 0.9999985067917813 0.9166666666666666
vt 0.6391651037429139 0.9166657242881964
vt 0.6130916666666684 0.7898374999999993
vt 0.6130916666666684 0.7481708333333326
vt 0.654758333333335 0.7481708333333326
vt 0.654758333333335 0.7898374999999993
vt 0.125 0.8541666666666666
vt 0.4858333333333334 0.8541666666666666
vt 0.4858333333333334 0.8958333333333334
vt 0.125 0.8958333333333334
vt 0.10416666666666667 0.7916666666666666
vt 0.4650000000000001 0.7916666666666666
vt 0.4650000000000001 0.8333333333333334
vt 0.10416666666666667 0.8333333333333334
vn 0.4617486132350345 -3.6563642938011933e-16 -0.8870108331782216
vn 0.7642743994938895 0.5075383629607038 0.3978560699567418
vn -0.4617486132350343 3.656364293801192e-16 0.8870108331782216
vn -0.7642743994938893 -0.5075383629607045 -0.3978560699567412
vn -0.4501920261996851 0.8616291604415257 -0.23435513526068477
vn 0.4501920261996851 -0.8616291604415256 0.23435513526068494
usemtl m_890a103a-2c95-a057-8483-4c3958a0f191
f 9/25/7 10/26/7 11/27/7 12/28/7
f 13/29/8 9/30/8 12/31/8 14/32/8
f 15/33/9 13/34/9 14/35/9 16/36/9
f 10/37/10 15/38/10 16/39/10 11/40/10
f 16/41/11 14/42/11 12/43/11 11/44/11
f 10/45/12 9/46/12 13/47/12 15/48/12
o cube
v 1.5968550211395365 1.2004183391166574 0.5357482274193448
v 0.9454679254730158 0.968874873498367 0.19665756826075564
v 0.9175947134391156 1.0685382948515576 0.18214769248286478
v 1.5689818091056367 1.3000817604698478 0.521238351641454
v 1.5511419084292681 1.2004183391166574 0.6235622999039889
v 1.5232686963953679 1.3000817604698478 0.609052424126098
v 0.8997548127627475 0.968874873498367 0.28447164074539977
v 0.8718816007288472 1.0685382948515576 0.2699617649675088
vt 0.590000170902608 0.9375
vt 0.3333333333333333 0.9374999999999999
vt 0.33333483860830504 0.902667461352893
vt 0.59000167617758 0.902667461352893
vt 0.729166666666667 0.8610000000000005
vt 0.7621666666666669 0.8610000000000005
vt 0.7621666666666669 0.8958333333333338
vt 0.729166666666667 0.8958333333333338
vt 0.5416666666666666 0.7568341280195597
vt 0.7983335042359414 0.7568341280195597
vt 0.7983350095109132 0.7916666666666666
vt 0.5416681719416384 0.7916666666666666
vt 0.7916666666666677 0.8401666666666672
vt 0.8246666666666677 0.8401666666666672
vt 0.8246666666666677 0.8750000000000006
vt 0.7916666666666677 0.8750000000000006
vt 0.16666666666666666 0.7170000000000001
vt 0.4233333333333333 0.7170000000000001
vt 0.4233333333333333 0.75
vt 0.16666666666666666 0.75
vt 0.20833333333333334 0.8211666666666667
vt 0.4649999999999999 0.8211666666666667
vt 0.4649999999999999 0.8541666666666666
vt 0.20833333333333334 0.8541666666666666
vn 0.4617486132350342 3.4493973299731146e-16 -0.8870108331782216
vn 0.8459572670993791 0.3007057995042698 0.44037747942673866
vn -0.4617486132350343 6.898794659946241e-16 0.8870108331782216
vn -0.8459572670993781 -0.3007057995042735 -0.4403774794267381
vn -0.26672930175980797 0.953716950748227 -0.13885048591283106
vn 0.26672930175980897 -0.9537169507482268 0.13885048591283033
usemtl m_890a103a-2c95-a057-8483-4c3958a0f191
f 17/49/13 18/50/13 19/51/13 20/52/13
f 21/53/14 17/54/14 20/55/14 22/56/14
f 23/57/15 21/58/15 22/59/15 24/60/15
f 18/61/16 23/62/16 24/63/16 19/64/16
f 24/65/17 22/66/17 20/67/17 19/68/17
f 18/69/18 17/70/18 21/71/18 23/72/18
o cube
v 0.8489733359143052 0.996919344575546 0.414152047288316
v 0.571602901154237 0.7597551899348942 0.04224895752622204
v 0.5350310254614077 0.8212475130777801 0.03031085349755902
v 0.812401460221476 1.0584116677184316 0.402213943259653
v 0.8010327588967869 0.9777249706764768 0.46214712084644416
v 0.7644608832039577 1.039217293819363 0.45020901681778114
v 0.5236623241367186 0.7405608160358255 0.0902440310843503
v 0.48709044844388927 0.8020531391787111 0.07830592705568729
vt 0.5486836341204453 0.875
vt 0.375 0.875
vt 0.3750015133928066 0.8541675158131987
vt 0.5486833120050034 0.8541666666666666
vt 0.7398292865027746 0.7690033791625429
vt 0.7398292865027746 0.7481708333333328
vt 0.7606626198361078 0.748171620837456
vt 0.7606626198361078 0.7690041666666662
vt 0.125 0.8541666666666666
vt 0.2986836341204453 0.8541666666666666
vt 0.2986833120050034 0.875
vt 0.12500151339280655 0.8749991508534679
vt 0.7405070016277696 0.7690041666666677
vt 0.7196744557985597 0.7690041666666677
vt 0.7196736682944364 0.7481708333333343
vt 0.7405062141236463 0.7481708333333343
vt 0.354167015019137 0.7916666666666666
vt 0.5278516516554043 0.7916666666666666
vt 0.5278502338558524 0.8125
vt 0.3541666666666667 0.8124984150351052
vt 0.10416666666666667 0.7916666666666666
vt 0.27785023386505464 0.7916666666666666
vt 0.2778514097493028 0.8125
vt 0.10416677312223777 0.8124984150253468
vn 0.6800081846456499 0.2722606226818282 -0.6807811852216767
vn 0.5323297855485443 0.45516582792563764 0.7137570094273048
vn -0.6800081846456503 -0.2722606226818276 0.6807811852216766
vn -0.5323297855485465 -0.45516582792563937 -0.713757009427302
vn -0.5041962596378171 0.8477607105933096 -0.1645840494749167
vn 0.5041962596378209 -0.847760710593308 0.16458404947491292
usemtl m_890a103a-2c95-a057-8483-4c3958a0f191
f 25/73/19 26/74/19 27/75/19 28/76/19
f 29/77/20 25/78/20 28/79/20 30/80/20
f 31/81/21 29/82/21 30/83/21 32/84/21
f 26/85/22 31/86/22 32/87/22 27/88/22
f 32/89/23 30/90/23 28/91/23 27/92/23
f 26/93/24 25/94/24 29/95/24 31/96/24
o cube
v 0.6957351832766947 0.6126530291909948 -0.19376137955107864
v 0.2760240066572742 0.5400889695576085 -0.15531974806565052
v 0.2612918979614055 0.6187122533920357 -0.16775434044957227
v 0.6810030745808262 0.6912763130254218 -0.2061959719350004
v 0.7005953254823138 0.6259152182921788 -0.11566338608783006
v 0.6858632167864451 0.704538502126606 -0.1280979784717518
v 0.28088414886289303 0.5533511586587925 -0.07722175460240199
v 0.26615204016702443 0.6319744424932197 -0.08965634698632374
vt 0.5383893798015758 0.9166666666666666
vt 0.3958336605993742 0.9166666666666665
vt 0.3958333333333333 0.8958333333333334
vt 0.5383890525355349 0.8958333333333334
vt 0.7583836552930134 0.7690041666666674
vt 0.737551990147519 0.7690041666666674
vt 0.7375523198575071 0.7481708333333341
vt 0.7583853234808524 0.7481726912815394
vt 0.12500032726604085 0.8541666666666667
vt 0.2675560464682425 0.8541666666666666
vt 0.2675557192022016 0.875
vt 0.125 0.875
vt 0.716190240769511 0.7690041666666659
vt 0.716190240769511 0.7481725015211717
vt 0.737021716154639 0.7481708333333326
vt 0.7370235741028442 0.769003836956678
vt 0.4166666666666667 0.8125
vt 0.5592235393635836 0.8125000000000001
vt 0.5592221303864421 0.8333321645044857
vt 0.4166667195512617 0.8333333333333334
vt 0.14583333333333334 0.7916666666666667
vt 0.2883887441762412 0.7916666666666666
vt 0.2883904286150614 0.8124988311591663
vt 0.14583355592587224 0.8125
vn -0.06123785302865102 -0.16710374977866818 -0.9840357016726323
vn 0.9813925643884021 0.16967341479832673 -0.0898864109519966
vn 0.06123785302865089 0.1671037497786682 0.9840357016726323
vn -0.9813925643884023 -0.16967341479832831 0.08988641095199276
vn -0.1819850541104904 0.9712297715373958 -0.15360394187591705
vn 0.1819850541104903 -0.9712297715373962 0.15360394187591386
usemtl m_890a103a-2c95-a057-8483-4c3958a0f191
f 33/97/25 34/98/25 35/99/25 36/100/25
f 37/101/26 33/102/26 36/103/26 38/104/26
f 39/105/27 37/106/27 38/107/27 40/108/27
f 34/109/28 39/110/28 40/111/28 35/112/28
f 40/113/29 38/114/29 36/115/29 35/116/29
f 34/117/30 33/118/30 37/119/30 39/120/30
o cube
v 0.16094061523605685 0.42448771744717917 -0.04216445472342634
v -0.03524415499927003 0.31703087910528216 -0.2895915476645048
v -0.07172918616912832 0.4133319955864393 -0.3024858754879023
v 0.1244555840661985 0.5207888339283362 -0.05505878254682384
v 0.08683264130628987 0.4053892066061362 0.024890131873461785
v 0.05034761013643163 0.5016903230872933 0.011995804050064285
v -0.1093521289290369 0.2979323682642392 -0.22253696106761672
v -0.1458371600988952 0.3942334847453963 -0.23543128889101422
vt 0.2778515820918415 0.9166666666666666
vt 0.1666678652584451 0.9166666666666666
vt 0.16666666666666666 0.8820713011851532
vt 0.27785038350006314 0.8820713011851532
vt 0.708580032094584 0.769004166666667
vt 0.708580032094584 0.735087024407
vt 0.7431750000000017 0.735085938734263
vt 0.7431750000000017 0.7690030809939301
vt 0.41666786525844507 0.7570713011851532
vt 0.5278515820918416 0.7570713011851532
vt 0.5278503835000631 0.7916666666666666
vt 0.4166666666666667 0.7916666666666666
vt 0.8473405809939308 0.9148374999999992
vt 0.8134234387342637 0.9148374999999992
vt 0.8134245244070005 0.8802425320945816
vt 0.8473416666666678 0.8802425320945816
vt 0.43750141245242763 0.8410833260685188
vt 0.548683868930382 0.8410833260685188
vt 0.5486853053517938 0.8749992486855502
vt 0.4375 0.875
vt 0.1875 0.8202499927455041
vt 0.2986853053543323 0.8202499927455041
vt 0.2986840981135901 0.8541659153714677
vt 0.18750164163817407 0.8541666666666666
vn 0.7283338961156447 0.18770035224612233 -0.6590131360873521
vn 0.5881719989066968 0.3221611103039973 0.7417991094021321
vn -0.7283338961156451 -0.18770035224612197 0.6590131360873518
vn -0.5881719989066972 -0.3221611103039967 -0.741799109402132
vn -0.3515443577574599 0.9278905090442395 -0.12424076526855954
vn 0.3515443577574601 -0.9278905090442394 0.12424076526855905
usemtl m_890a103a-2c95-a057-8483-4c3958a0f191
f 41/121/31 42/122/31 43/123/31 44/124/31
f 45/125/32 41/126/32 44/127/32 46/128/32
f 47/129/33 45/130/33 46/131/33 48/132/33
f 42/133/34 47/134/34 48/135/34 43/136/34
f 48/137/35 46/138/35 44/139/35 43/140/35
f 42/141/36 41/142/36 45/143/36 47/144/36
o cube
v 0.3358093756230278 0.4119692036952244 0.13913112394204386
v 0.11614866488357123 0.42356245479510557 -0.06877099785417645
v 0.11184203966828843 0.503894214427759 -0.05974125539568337
v 0.331502750407745 0.49230096332787787 0.14816086640053694
v 0.2813726763887794 0.402644203783442 0.19612667971725573
v 0.2770660511734966 0.4829759634160955 0.2051564221757488
v 0.0617119656493228 0.4142374548833232 -0.011775442078964526
v 0.05740534043404 0.4945692145159767 -0.0027456996204714423
vt 0.333334187023044 0.7500000000000001
vt 0.43422385588025686 0.75
vt 0.43422300219054616 0.7708333333333333
vt 0.3333333333333333 0.7708333333333334
vt 0.7370232312623725 0.769004166666668
vt 0.7370232312623726 0.7481722283810877
vt 0.7578549673689304 0.7481708333333348
vt 0.7578565645957057 0.7690025786015653
vt 0.3925571892135902 0.8333333333333334
vt 0.2916675203563774 0.8333333333333333
vt 0.2916666666666667 0.8125
vt 0.3925563355238795 0.8125000000000001
vt 0.633383928786711 0.7898375000000001
vt 0.6125519905011306 0.7898375000000001
vt 0.6125535785662334 0.7690041666666668
vt 0.6333853238344639 0.7690057638934421
vt 0.5800563080558648 0.8125
vt 0.4791669068051773 0.8124999999999999
vt 0.4791666666666667 0.7916666666666666
vt 0.5800560679173542 0.7916666666666666
vt 0.5592227345840208 0.875
vt 0.4583333333333333 0.875
vt 0.45833357347184395 0.8541666666666666
vt 0.5592229747225315 0.8541666666666666
vn 0.6859030962546231 0.11749511638357488 -0.7181447209123879
vn 0.7257456519810692 -0.03830339777077015 0.6868959880140421
vn -0.6859030962546231 -0.11749511638357445 0.7181447209123879
vn -0.7257456519810694 0.03830339777077014 -0.6868959880140418
vn -0.05319954115303371 0.9923344936790339 0.11154398897243223
vn 0.053199541153033686 -0.9923344936790339 -0.11154398897243221
usemtl m_890a103a-2c95-a057-8483-4c3958a0f191
f 49/145/37 50/146/37 51/147/37 52/148/37
f 53/149/38 49/150/38 52/151/38 54/152/38
f 55/153/39 53/154/39 54/155/39 56/156/39
f 50/157/40 55/158/40 56/159/40 51/160/40
f 56/161/41 54/162/41 52/163/41 51/164/41
f 50/165/42 49/166/42 53/167/42 55/168/42
o cube
v 1.0258336006907305 0.9781726876358077 0.5992624694558
v 0.8059809420876596 0.993696390999318 0.3918200757653062
v 0.8038091868510917 1.0429885526888427 0.39781047645776557
v 1.0236618454541628 1.0274648493253322 0.6052528701482593
v 0.9928313732144392 0.972519410111012 0.6338160027024997
v 0.9906596179778713 1.0218115718005367 0.6398064033949591
v 0.772978714611368 0.9880431134745222 0.42637360901200605
v 0.7708069593748004 1.037335275164047 0.4323640097044653
vt 0.5208340363298717 0.8167674398279773
vt 0.6217228391899251 0.8167674398279774
vt 0.62172421674651 0.833333225739285
vt 0.5208333333333334 0.8333333333333334
vt 0.7474410901731691 0.7690038857676916
vt 0.7474410901731691 0.7529653496824703
vt 0.7640083333333342 0.7529656305814446
vt 0.7640083333333342 0.7690041666666658
vt 0.6842228391899252 0.9166666666666666
vt 0.5833340363298718 0.9166666666666666
vt 0.5833333333333334 0.9001007731613107
vt 0.68422421674651 0.9001008807553589
vt 0.7431749999999999 0.7690041666666666
vt 0.7271364639147787 0.7690041666666666
vt 0.7271361830158045 0.7524369235065015
vt 0.743174719101026 0.7524369235065014
vt 0.4342235240223044 0.8124999999999999
vt 0.3333333333333333 0.8125
vt 0.3333353848194587 0.7964613942273125
vt 0.4342236661597875 0.7964605607613323
vt 0.4967237986625859 0.875
vt 0.3958355173188144 0.875
vt 0.3958333333333333 0.8589613942448078
vt 0.4967235240188616 0.858960560763054
vn 0.6859030962546235 0.11749511638357522 -0.7181447209123876
vn 0.7263798360686855 -0.051289373419516227 0.6853770742642791
vn -0.6859030962546229 -0.11749511638357471 0.7181447209123881
vn -0.7263798360686843 0.051289373419514714 -0.6853770742642805
vn -0.04369526634718518 0.9917481019897368 0.12052562341097163
vn 0.043695266347188434 -0.9917481019897362 -0.12052562341097503
usemtl m_890a103a-2c95-a057-8483-4c3958a0f191
f 57/169/43 58/170/43 59/171/43 60/172/43
f 61/173/44 57/174/44 60/175/44 62/176/44
f 63/177/45 61/178/45 62/179/45 64/180/45
f 58/181/46 63/182/46 64/183/46 59/184/46
f 64/185/47 62/186/47 60/187/47 59/188/47
f 58/189/48 57/190/48 61/191/48 63/192/48