# Made in Blockbench 4.12.3
mtllib coniferous_twig_parent.mtl

o cube
v 0.04498335880879056 0.6161390568307414 0.41923249008180796
v 0.044983361158792756 0.6161390573517243 0.580767490081808
v 0.21407049312021442 0.5319517184576785 0.5807674878934589
v 0.21407049077021223 0.5319517179366955 0.4192324878934589
v -0.4381860666200116 -0.02856423109264608 0.5803636616902281
v -0.43818606895826384 -0.028564231611024102 0.41963633669022815
v -0.5807529450827686 0.04565138833507902 0.5803636635249229
v -0.5807529474210209 0.045651387816701 0.4196363385249229
vt 0.7431749999999996 0.840158333333333
vt 0.7431749999999996 0.8940041666666664
vt 0.6802124999999997 0.8940041666666664
vt 0.6802124999999997 0.840158333333333
vt 0.3491708333333334 0.7378208333333334
vt 0.3491708333333334 0.7916666666666666
vt 0.0625 0.7915312500000001
vt 0.0625 0.7379562500000001
vt 0.8660749999999999 0.8422583333333341
vt 0.8660749999999999 0.895833333333334
vt 0.8124999999999999 0.895833333333334
vt 0.8124999999999999 0.8422583333333341
vt 0.23279058150399035 0.9003154195099382
vt 0.5149225309767717 0.9085984298503282
vt 0.49500241826893027 0.9583333333333334
vt 0.20833333333333334 0.9583333333333334
vt 0.7196319951226376 0.7128152847078155
vt 0.7440889235108686 0.7708333333333333
vt 0.45741848075170277 0.7708333333333334
vt 0.4375 0.7210967399984662
vt 0.511446569413703 0.875
vt 0.22919237026271055 0.875
vt 0.22916666666666666 0.8214250061658879
vt 0.5114207358803639 0.8211541728637245
vn 0.4457042106446961 0.8951802927978186 -9.371216262494415e-9
vn 0.6517553520585694 -0.7584292722878057 -7.035612856720854e-9
vn -0.46174861323502586 -0.8870108331782259 9.578282060075863e-9
vn -0.0002345519747552336 -0.0004505948724875704 0.9999998709748077
vn -0.0002271406395109973 -0.00045617751365627777 -0.9999998701545947
vn -0.6737302482730757 0.7389773694517985 7.418039608641282e-9
usemtl m_890a103a-2c95-a057-8483-4c3958a0f191
f 1/1/1 2/2/1 3/3/1 4/4/1
f 4/5/2 3/6/2 5/7/2 6/8/2
f 5/9/3 7/10/3 8/11/3 6/12/3
f 2/13/4 7/14/4 5/15/4 3/16/4
f 1/17/5 4/18/5 6/19/5 8/20/5
f 1/21/6 8/22/6 7/23/6 2/24/6
o cube
v 0.9592910389146596 0.9708180693215869 0.43125
v 0.1342811177919031 0.48485008678671515 0.43125
v 0.06309886238666418 0.6056935765386393 0.43125
v 0.8881087835094208 1.091661559073511 0.43125
v 0.9592910389146596 0.9708180693215869 0.5687500000000001
v 0.8881087835094208 1.091661559073511 0.5687500000000001
v 0.1342811177919031 0.48485008678671515 0.5687500000000001
v 0.06309886238666418 0.6056935765386393 0.5687500000000001
vt 0.5275008705180143 0.9374999999999999
vt 0.20833333333333334 0.9375
vt 0.20833363450472694 0.8958342757117803
vt 0.5274993766279418 0.8958333333333334
vt 0.7172583333333318 0.894004166666665
vt 0.7172583333333318 0.8523374999999983
vt 0.7589249999999984 0.8523374999999983
vt 0.7589249999999984 0.894004166666665
vt 0.6458333333333334 0.7708333333333335
vt 0.9650008705180143 0.7708333333333334
vt 0.9649993766279418 0.8125
vt 0.6458336345047269 0.8124990576215534
vt 0.8005916666666651 0.9148374999999983
vt 0.8005916666666651 0.8731708333333317
vt 0.8422583333333318 0.8731708333333317
vt 0.8422583333333318 0.9148374999999983
vt 0.2708333333333333 0.7708333333333334
vt 0.59 0.7708333333333334
vt 0.59 0.8125
vt 0.2708333333333333 0.8125
vt 0.25 0.8333333333333334
vt 0.5691666666666667 0.8333333333333334
vt 0.5691666666666667 0.875
vt 0.25 0.875
vn 0 0 -1
vn 0.861629160441526 0.5075383629607041 0
vn 0 0 1
vn -0.8616291604415256 -0.5075383629607045 0
vn -0.5075383629607042 0.8616291604415258 0
vn 0.5075383629607042 -0.8616291604415258 0
usemtl m_890a103a-2c95-a057-8483-4c3958a0f191
f 9/25/7 10/26/7 11/27/7 12/28/7
f 13/29/8 9/30/8 12/31/8 14/32/8
f 15/33/9 13/34/9 14/35/9 16/36/9
f 10/37/10 15/38/10 16/39/10 11/40/10
f 16/41/11 14/42/11 12/43/11 11/44/11
f 10/45/12 9/46/12 13/47/12 15/48/12
o cube
v 1.6762515280544972 1.139362701905616 0.4505
v 0.9245036025721498 0.972704199173277 0.4505
v 0.9018856629156178 1.0747271319173108 0.4505
v 1.6536335883979651 1.2413856346496497 0.4505
v 1.6762515280544972 1.139362701905616 0.5495000000000001
v 1.6536335883979651 1.2413856346496497 0.5495000000000001
v 0.9245036025721498 0.972704199173277 0.5495000000000001
v 0.9018856629156178 1.0747271319173108 0.5495000000000001
vt 0.4024991027284924 0.7708333333333331
vt 0.14583395742388325 0.7708333333333334
vt 0.14583333333333334 0.736001302736291
vt 0.40249892955038263 0.7359992687855175
vt 0.7291749999999991 0.8940041666666648
vt 0.7291749999999991 0.8610041666666648
vt 0.7640083333333324 0.8610041666666648
vt 0.7640083333333324 0.8940041666666648
vt 0.18750062409054982 0.8818326021188508
vt 0.444165769395159 0.8818326021188508
vt 0.4441655962170492 0.9166666666666666
vt 0.1875 0.9166646327158932
vt 0.7291749999999991 0.8940041666666648
vt 0.7291749999999991 0.8610041666666648
vt 0.7640083333333324 0.8610041666666648
vt 0.7640083333333324 0.8940041666666648
vt 0.3958333333333333 0.8003333333333332
vt 0.6525 0.8003333333333332
vt 0.6525 0.8333333333333334
vt 0.3958333333333333 0.8333333333333334
vt 0.4791666666666667 0.8628333333333332
vt 0.7358333333333333 0.8628333333333332
vt 0.7358333333333333 0.8958333333333334
vt 0.4791666666666667 0.8958333333333334
vn 0 0 -1
vn 0.9762960071199331 0.2164396139381042 0
vn 0 0 1
vn -0.9762960071199331 -0.21643961393810374 0
vn -0.2164396139381028 0.9762960071199334 0
vn 0.21643961393810307 -0.9762960071199334 0
usemtl m_890a103a-2c95-a057-8483-4c3958a0f191
f 17/49/13 18/50/13 19/51/13 20/52/13
f 21/53/14 17/54/14 20/55/14 22/56/14
f 23/57/15 21/58/15 22/59/15 24/60/15
f 18/61/16 23/62/16 24/63/16 19/64/16
f 24/65/17 22/66/17 20/67/17 19/68/17
f 18/69/18 17/70/18 21/71/18 23/72/18
o cube
v 0.3027016834434142 0.3723527400550062 0.1721123141130544
v -0.14762953237296295 0.2889321520180209 0.420579422706734
v -0.17457870404685633 0.38793504000660495 0.4049750470059583
v 0.27575251176952087 0.4713556280435903 0.15650793841227872
v 0.34653706698087683 0.39817375427063206 0.26023039894812106
v 0.3195878953069835 0.4971766422592161 0.2446260232473454
v -0.10379414883550037 0.3147531662336467 0.5086975075418008
v -0.13074332050939375 0.4137560542222307 0.493093131841025
vt 0.2778506324749732 0.9166666666666666
vt 0.1041674428194294 0.9166666666666666
vt 0.10416666666666667 0.8820705890787807
vt 0.27784985632221043 0.8820705890787807
vt 0.7640083333333324 0.8940041666666663
vt 0.7300934807380092 0.8940041666666663
vt 0.7300930695520114 0.8594101315528504
vt 0.7640079221473345 0.8594101315528504
vt 0.10416744281942947 0.8195705890787807
vt 0.27785063247497327 0.8195705890787807
vt 0.2778498563222105 0.8541666666666666
vt 0.10416666666666667 0.8541666666666666
vt 0.7294142982195169 0.8940037554806671
vt 0.7294142982195169 0.8600889028853439
vt 0.7640083333333328 0.8600893140713416
vt 0.7640083333333328 0.8940041666666648
vt 0.375 0.7785826339964974
vt 0.5486837449865977 0.7785826339964973
vt 0.5486843761225485 0.8125
vt 0.375000631135951 0.8125
vt 0.35416729780261763 0.8619159673298307
vt 0.5278510427892152 0.8619159673298307
vt 0.5278504116532642 0.8958333333333334
vt 0.3541666666666667 0.8958333333333334
vn -0.43081458022076224 -0.25376918148035227 -0.8660254037844389
vn 0.864276395386969 0.16010092704536139 -0.4768584753741131
vn 0.4308145802207624 0.2537691814803521 0.8660254037844392
vn -0.8642763953869694 -0.16010092704536175 0.4768584753741121
vn -0.2596634549683796 0.9539228981893705 -0.1503528997521371
vn 0.25966345496837995 -0.9539228981893705 0.15035289975213817
usemtl m_890a103a-2c95-a057-8483-4c3958a0f191
f 25/73/19 26/74/19 27/75/19 28/76/19
f 29/77/20 25/78/20 28/79/20 30/80/20
f 31/81/21 29/82/21 30/83/21 32/84/21
f 26/85/22 31/86/22 32/87/22 27/88/22
f 32/89/23 30/90/23 28/91/23 27/92/23
f 26/93/24 25/94/24 29/95/24 31/96/24
o cube
v 0.6826297581598282 0.5260840824014463 0.058538134758901905
v 0.29883993399167186 0.38620474437755115 0.1851869216459865
v 0.26992925561221526 0.4617003024132663 0.18095983425563766
v 0.6537190797803716 0.6015796404371616 0.05431104736855308
v 0.7031929824828345 0.5381967472104512 0.13422988055503526
v 0.6742823041033779 0.6136923052461662 0.13000279316468644
v 0.31940315831467825 0.398317409186556 0.26087866744211985
v 0.29049247993522165 0.47381296722227106 0.256651580051771
vt 0.3092240425318213 0.7708333333333334
vt 0.1666677768825414 0.7708333333333334
vt 0.16666666666666666 0.75
vt 0.30922293231594655 0.75
vt 0.7375524813329705 0.894004166666666
vt 0.716719285201548 0.894004166666666
vt 0.7167191479996372 0.8731708333333327
vt 0.7375523441310595 0.8731708333333327
vt 0.27083444354920805 0.8541666666666666
vt 0.4133907091984879 0.8541666666666666
vt 0.41338959898261324 0.875
vt 0.2708333333333333 0.875
vt 0.7370248645649324 0.769004029464754
vt 0.7370248645649324 0.7481708333333315
vt 0.7578581978982658 0.7481709705352424
vt 0.7578581978982658 0.7690041666666648
vt 0.4166666666666667 0.7916666666666666
vt 0.5592243777204808 0.7916666666666666
vt 0.5592233643333777 0.8125
vt 0.416667541190661 0.8124993062496758
vt 0.4791677046676898 0.8958333333333334
vt 0.6217235278131285 0.8958333333333334
vt 0.6217243777177589 0.9166666666666666
vt 0.4791666666666667 0.9166659729071552
vn -0.2590968855667646 -0.15261972921318803 -0.953716950748227
vn 0.8973992133359184 0.32707383051821826 -0.2961374027275423
vn 0.25909688556676463 0.15261972921318812 0.9537169507482272
vn -0.8973992133359178 -0.3270738305182189 0.2961374027275435
vn -0.35713226652555224 0.9325931200931267 -0.052217014097792815
vn 0.35713226652555286 -0.9325931200931263 0.05221701409779544
usemtl m_890a103a-2c95-a057-8483-4c3958a0f191
f 33/97/25 34/98/25 35/99/25 36/100/25
f 37/101/26 33/102/26 36/103/26 38/104/26
f 39/105/27 37/106/27 38/107/27 40/108/27
f 34/109/28 39/110/28 40/111/28 35/112/28
f 40/113/29 38/114/29 36/115/29 35/116/29
f 34/117/30 33/118/30 37/119/30 39/120/30
o cube
v 0.5577583040493306 0.5410297471878667 0.6674484010067572
v 0.08197974490718885 0.44106382116466325 0.4800059330467261
v 0.05503057323329552 0.5400667091532472 0.49561030874750167
v 0.5308091323754374 0.6400326351764507 0.6830527767075327
v 0.5257764277234185 0.5175559421537992 0.7611457999242119
v 0.49882725604952527 0.6165588301423832 0.7767501756249875
v 0.04999786858127686 0.41759001613059576 0.5737033319641809
v 0.023048696907383537 0.5165929041191797 0.5893077076649564
vt 0.6111825934020679 0.8125
vt 0.4375 0.8124999999999999
vt 0.43750058340978804 0.7779042770736248
vt 0.611183176811856 0.7779042770736249
vt 0.6666673336720956 0.8612386554815853
vt 0.7005823916038446 0.8612386554815852
vt 0.7005837495460185 0.8958328435732068
vt 0.6666666666666662 0.8958333333333331
vt 0.4375 0.7154042770736249
vt 0.6111825934020679 0.7154042770736249
vt 0.611183176811856 0.75
vt 0.43750058340978804 0.75
vt 0.7640069753911595 0.8940041666666659
vt 0.7300919174594105 0.8940041666666659
vt 0.7300912504539813 0.8594094888149181
vt 0.7640083333333335 0.8594099785750443
vt 0.3333333333333333 0.8827496808059649
vt 0.5070181187065458 0.882749680805965
vt 0.5070168742846334 0.9166666666666666
vt 0.3333336907316664 0.916665334581955
vt 0.1666672841853117 0.8202496807974184
vt 0.3403504677433869 0.8202496807974184
vt 0.34035145203477085 0.8541666666666666
vt 0.16666666666666666 0.8541653345696697
vn 0.3143181948492581 0.23070078657560106 -0.9208589574197033
vn 0.913114977722186 0.19185476638173576 0.3597398866903998
vn -0.3143181948492583 -0.23070078657560067 0.9208589574197033
vn -0.9131149777221859 -0.1918547663817371 -0.3597398866903989
vn -0.25966345496838017 0.9539228981893704 0.15035289975213753
vn 0.25966345496837995 -0.9539228981893704 -0.1503528997521375
usemtl m_890a103a-2c95-a057-8483-4c3958a0f191
f 41/121/31 42/122/31 43/123/31 44/124/31
f 45/125/32 41/126/32 44/127/32 46/128/32
f 47/129/33 45/130/33 46/131/33 48/132/33
f 42/133/34 47/134/34 48/135/34 43/136/34
f 48/137/35 46/138/35 44/139/35 43/140/35
f 42/141/36 41/142/36 45/143/36 47/144/36
o cube
v 0.8307865780973638 0.565400913232315 0.7437374383540059
v 0.5409215847584428 0.5389327517027098 0.6607540326461865
v 0.5307826443222465 0.6186228740912529 0.6707520902485591
v 0.8206476376611676 0.6450910356208579 0.7537354959563785
v 0.8102233537743575 0.5532882484233101 0.8194291841501393
v 0.800084413338161 0.632978370811853 0.8294272417525117
v 0.5203583604354365 0.5268200868937052 0.7364457784423197
v 0.51021941999924 0.6065102092822481 0.7464438360446923
vt 0.2050561438479009 0.8541666666666666
vt 0.10416666666666667 0.8541666666666666
vt 0.10416671755947286 0.8333333333333334
vt 0.2050561947407071 0.8333333333333334
vt 0.7161895821411184 0.8940037583031412
vt 0.7161895821411184 0.8731708333333318
vt 0.7370229154744518 0.8731726116072661
vt 0.7370210797278475 0.894004166666665
vt 0.16666666666666666 0.8958333333333334
vt 0.2675561438479009 0.8958333333333334
vt 0.2675561947407072 0.9166666666666666
vt 0.16666671755947293 0.9166666666666666
vt 0.6333852405492202 0.8940041666666648
vt 0.6125523155794107 0.8940041666666648
vt 0.6125519072158868 0.8731726690799357
vt 0.6333834622752859 0.8731708333333315
vt 0.25 0.7708333333333334
vt 0.3508894063270658 0.7708333333333334
vt 0.35088982508524297 0.7916666666666666
vt 0.2500004187581772 0.7916666666666666
vt 0.2916670854248438 0.8333333333333334
vt 0.3925564917519097 0.8333333333333334
vt 0.39255607299373246 0.8541666666666666
vt 0.2916666666666667 0.8541666666666666
vn 0.259096885566764 0.1526197292131884 -0.9537169507482272
vn 0.957696339363871 0.08744919872733826 0.2741721342714971
vn -0.2590968855667649 -0.15261972921318706 0.953716950748227
vn -0.9576963393638707 -0.08744919872734082 -0.27417213427149795
vn -0.12524586004593244 0.9844083786197877 0.1235055409466142
vn 0.12524586004593313 -0.9844083786197875 -0.123505540946614
usemtl m_890a103a-2c95-a057-8483-4c3958a0f191
f 49/145/37 50/146/37 51/147/37 52/148/37
f 53/149/38 49/150/38 52/151/38 54/152/38
f 55/153/39 53/154/39 54/155/39 56/156/39
f 50/157/40 55/158/40 56/159/40 51/160/40
f 56/161/41 54/162/41 52/163/41 51/164/41
f 50/165/42 49/166/42 53/167/42 55/168/42
o cube
v 1.2111774014150707 0.483643253872707 0.856931657773649
v 0.8054282138005531 0.5799674196005031 0.7621159132582978
v 0.8144228364094945 0.6277948345763527 0.7722131290201135
v 1.220172024024012 0.5314706688485566 0.8670288735354648
v 1.1987109547660257 0.4762999556016144 0.9028197488589003
v 1.207705577374967 0.5241273705774638 0.9129169646207163
v 0.7929617671515081 0.5726241213294103 0.808004004343549
v 0.8019563897604494 0.6204515363052598 0.818101220105365
vt 0.08333333333333333 0.8375991205785445
vt 0.2258912095248511 0.8375991205785446
vt 0.22588991052758334 0.8541666666666666
vt 0.08333406284333027 0.8541661918655981
vt 0.6875003826724395 0.9000995378629778
vt 0.7035379964732394 0.9000995378629778
vt 0.7035396714093927 0.9166663402855061
vt 0.6875000000000012 0.9166666666666664
vt 0.4133912095248511 0.9166666666666666
vt 0.2708333333333333 0.9166666666666666
vt 0.2708340628433303 0.900099595379613
vt 0.41338991052758334 0.9000991205785445
vt 0.6874999999999996 0.89583165839718
vt 0.6874999999999996 0.87979404459638
vt 0.704067128803688 0.8797936619239416
vt 0.7040668024225277 0.8958333333333331
vt 0.30922266649403857 0.8125
vt 0.16666758544529978 0.8125
vt 0.16666666666666666 0.7964623580799036
vt 0.3092234723777129 0.7964611893978666
vt 0.45505680571583657 0.8541666666666666
vt 0.3125 0.8541666666666666
vt 0.3125007873018934 0.8381290247395771
vt 0.4550558683458419 0.8381278560716788
vn 0.25909688556676364 0.15261972921318437 -0.953716950748228
vn 0.9487458469389194 -0.22523064736465848 0.22170357102186997
vn -0.2590968855667645 -0.15261972921318992 0.9537169507482268
vn -0.9487458469389195 0.22523064736465978 -0.2217035710218687
vn 0.18096994724471716 0.962277700948426 0.20315389351832722
vn -0.1809699472447184 -0.9622777009484265 -0.20315389351832425
usemtl m_890a103a-2c95-a057-8483-4c3958a0f191
f 57/169/43 58/170/43 59/171/43 60/172/43
f 61/173/44 57/174/44 60/175/44 62/176/44
f 63/177/45 61/178/45 62/179/45 64/180/45
f 58/181/46 63/182/46 64/183/46 59/184/46
f 64/185/47 62/186/47 60/187/47 59/188/47
f 58/189/48 57/190/48 61/191/48 63/192/48