# Made in Blockbench 4.12.3
mtllib coniferous_twig_diagonal_parent_3.mtl

o cube
v -0.1091168336124918 0.5465510457807564 -0.018699788094781122
v -0.25169703257613757 0.5586446462139285 0.05625478426107966
v -0.18441940457898487 0.4570986105669179 0.20061575419566036
v -0.0418392056153391 0.4450050101337458 0.12566118183979957
v -0.5460825083529239 -0.0289124891474448 -0.4098020722339878
v -0.4042152103840964 -0.04094562157845103 -0.48438187172806924
v -0.6024338064571682 0.059911569803377626 -0.5313261058862777
v -0.46056650848834063 0.047878437372371394 -0.6059059053803592
vt 0.7296290207300519 0.7169889127503706
vt 0.7296290207300519 0.7708327757637297
vt 0.6666666666666673 0.7708333333333339
vt 0.666666954036284 0.7169874069013353
vt 0.661669929431262 0.8836566187057185
vt 0.6616699294312619 0.9375
vt 0.375 0.9373715004581792
vt 0.3750003642734689 0.8837950621313276
vt 0.6994098686321638 0.7589214002328196
vt 0.6994098686321638 0.812498215260469
vt 0.6458353978016825 0.8124999999999999
vt 0.645833333333333 0.7589234647011691
vt 0.6579874285725672 0.24617268597128172
vt 0.37573447430049506 0.2461726859712816
vt 0.39418536846899627 0.1958753280527573
vt 0.6807321598747539 0.1874631769334475
vt 0.4748158375477632 0.39541439132901735
vt 0.4520715016114534 0.33670540638021196
vt 0.7386187752497717 0.34511569227396766
vt 0.7570676831170294 0.3954143913290171
vt 0.4072790416934044 0.8333333333333333
vt 0.12502544751265457 0.8333333333333334
vt 0.125 0.7797577109618336
vt 0.40725264157687296 0.7794869033434825
vn 0.30667506663881977 0.8398668510826977 0.4478549720104817
vn 0.20908620099991737 -0.8216270070671122 0.5302942784995534
vn -0.3130379683895503 -0.8300518019917491 -0.46154223680698314
vn -0.8828171492196001 0.07444507703758665 0.4637799171467498
vn 0.8825018480890714 -0.0752947272564835 -0.46424260055142014
vn -0.2213485855076531 0.8046910914064707 -0.55088751220628
usemtl m_890a103a-2c95-a057-8483-4c3958a0f191
f 1/1/1 2/2/1 3/3/1 4/4/1
f 4/5/2 3/6/2 5/7/2 6/8/2
f 5/9/3 7/10/3 8/11/3 6/12/3
f 2/13/4 7/14/4 5/15/4 3/16/4
f 1/17/5 4/18/5 6/19/5 8/20/5
f 1/21/6 8/22/6 7/23/6 2/24/6
o cube
v 0.375312322055501 0.9934886632794924 0.856579322286805
v -0.09042749567640862 0.4239424725750218 0.06253284453310126
v -0.11696551268689126 0.5427477185677121 -0.007117063419226799
v 0.3487743050450184 1.1122939092721826 0.7869294143344772
v 0.2539468129522777 1.003782841154799 0.9203813058138632
v 0.2274087959417952 1.1225880871474891 0.8507313978615354
v -0.2117930047796318 0.43423665045032855 0.1263348280601594
v -0.2383310217901145 0.5530418964430188 0.05668492010783144
vt 0.5900008849351025 0.22916666666666663
vt 0.22916735700501642 0.22916666666666663
vt 0.22916666666666666 0.1875
vt 0.5900001945967527 0.1875
vt 0.7500000000000004 0.812500000000001
vt 0.7500000000000004 0.7708338738524074
vt 0.7916666666666671 0.7708333333333344
vt 0.7916666666666671 0.8124994594809279
vt 0.18750069033834973 0.33333333333333337
vt 0.5483342182684359 0.33333333333333337
vt 0.5483335279300862 0.375
vt 0.1875 0.3749999999999999
vt 0.6605836813941445 0.8048326080311912
vt 0.6605836813941445 0.7631664818835976
vt 0.7022503480608112 0.7631670224026706
vt 0.7022503480608112 0.8048331485502642
vt 0.125 0.875
vt 0.48583369978089563 0.8750000000000002
vt 0.485834178417823 0.9166666666666666
vt 0.1250001851542577 0.9166647916444265
vt 0.0625004471339975 0.7916666666666666
vt 0.4233344404034575 0.7916666666666669
vt 0.42333369977500074 0.8333333333333334
vt 0.0625 0.8333314583126181
vn 0.8826582480234412 -0.0748667481840492 -0.4640144256513321
vn 0.43024463531816354 0.5261396680872721 0.7335302334907237
vn -0.8826582480234413 0.0748667481840494 0.464014425651332
vn -0.43024463531816315 -0.5261396680872727 -0.7335302334907234
vn -0.1892193726237633 0.847096228111872 -0.49661253441944936
vn 0.1892193726237621 -0.8470962281118718 0.49661253441945047
usemtl m_890a103a-2c95-a057-8483-4c3958a0f191
f 9/25/7 10/26/7 11/27/7 12/28/7
f 13/29/8 9/30/8 12/31/8 14/32/8
f 15/33/9 13/34/9 14/35/9 16/36/9
f 10/37/10 15/38/10 16/39/10 11/40/10
f 16/41/11 14/42/11 12/43/11 11/44/11
f 10/45/12 9/46/12 13/47/12 15/48/12
o cube
v 0.701452606910957 1.2477354696703538 1.4774345476504052
v 0.3458800121778638 0.9997188139867865 0.8410731186037399
v 0.33672730568962495 1.0983397359188916 0.8077505778662459
v 0.6922999004227182 1.3463563916024588 1.4441120069129114
v 0.6140694403566362 1.2551472777405746 1.5233719757898871
v 0.6049167338683974 1.3537681996726796 1.4900494350523932
v 0.258496845623543 1.0071306220570073 0.8870105467432219
v 0.24934413913530418 1.1057515439891124 0.8536880060057279
vt 0.6941669139017342 0.9583333333333334
vt 0.4375 0.9583333333333331
vt 0.43750165178412326 0.9234999641540143
vt 0.6941678927461649 0.923501935810665
vt 0.6041666666666662 0.8958321099500722
vt 0.6041666666666662 0.8628307888222665
vt 0.6390007169268802 0.8628320122055284
vt 0.6390007169268802 0.8958333333333341
vt 0.4791666666666667 0.7776666308206811
vt 0.7358335805684009 0.7776666308206811
vt 0.7358345594128316 0.8124980283433493
vt 0.47916831845078983 0.8125
vt 0.6874999999999994 0.8609992830731197
vt 0.720501321127805 0.8609992830731197
vt 0.720502544511067 0.8958333333333336
vt 0.6875012233832614 0.8958333333333336
vt 0.125 0.8419994846310318
vt 0.38166635945091193 0.8419994846310318
vt 0.3816667328618026 0.875
vt 0.12500037341089074 0.875
vt 0.12500037341089074 0.7794994846310316
vt 0.3816667328618026 0.7794994846310318
vt 0.3816663594509118 0.8125
vt 0.125 0.8124999999999999
vn 0.8826582480234412 -0.0748667481840492 -0.4640144256513323
vn 0.46178259056245907 0.3220995528358004 0.8264434143463194
vn -0.8826582480234412 0.07486674818404955 0.46401442565133233
vn -0.4617825905624588 -0.322099552835802 -0.8264434143463186
vn -0.08758570802142397 0.9437408797330563 -0.3188759879185999
vn 0.08758570802142464 -0.9437408797330563 0.3188759879185995
usemtl m_890a103a-2c95-a057-8483-4c3958a0f191
f 17/49/13 18/50/13 19/51/13 20/52/13
f 21/53/14 17/54/14 20/55/14 22/56/14
f 23/57/15 21/58/15 22/59/15 24/60/15
f 18/61/16 23/62/16 24/63/16 19/64/16
f 24/65/17 22/66/17 20/67/17 19/68/17
f 18/69/18 17/70/18 21/71/18 23/72/18
o cube
v 0.687001731901379 0.4687248063320322 0.4325538742398707
v 0.22098451090028792 0.5079171582486945 0.20280398461713833
v 0.2340823096280008 0.577738055324512 0.18814737433315787
v 0.7000995306290918 0.5385457034078496 0.4178972639558902
v 0.658150401875403 0.48707890031831236 0.49420594630298154
v 0.6712482006031157 0.5568997973941299 0.47954933601900107
v 0.19213318087431186 0.5262712522349748 0.2644560566802492
v 0.20523097960202485 0.5960921493107922 0.24979944639626872
vt 0.4166666666666667 0.7708333333333334
vt 0.5903508099861562 0.7708333333333334
vt 0.5903510896185246 0.7916666666666666
vt 0.41666694629903495 0.7916666666666666
vt 0.7463334225294475 0.8464998152169327
vt 0.7255002259083253 0.8464998152169327
vt 0.7255000891961142 0.8256664818835994
vt 0.7463332858172365 0.8256664818835994
vt 0.6111841433194897 0.875
vt 0.4375 0.875
vt 0.43750027963236837 0.8541666666666666
vt 0.6111844229518578 0.8541666666666666
vt 0.6875001367122099 0.7499999999999989
vt 0.7083333333333321 0.7499999999999989
vt 0.7083331966211212 0.7708333333333323
vt 0.6874999999999988 0.7708333333333323
vt 0.2986828947152444 0.7708333333333333
vt 0.12500000319867746 0.7708333333333334
vt 0.125 0.75
vt 0.298683469777482 0.7500017743178736
vt 0.29868346978901417 0.8541666666666666
vt 0.125 0.8541666666666665
vt 0.1250002740107962 0.8333333333333334
vt 0.2986831655158309 0.8333351076452997
vn 0.40923872377270903 -0.26034175867064085 -0.8744974760724942
vn 0.8943810018253407 -0.0752180249815975 0.440936358550492
vn -0.4092387237727091 0.2603417586706398 0.8744974760724943
vn -0.89438100182534 0.07521802498160016 -0.44093635855049257
vn 0.18057212004843076 0.9625821613816375 -0.2020625943886463
vn -0.18057212004842996 -0.9625821613816378 0.2020625943886449
usemtl m_890a103a-2c95-a057-8483-4c3958a0f191
f 25/73/19 26/74/19 27/75/19 28/76/19
f 29/77/20 25/78/20 28/79/20 30/80/20
f 31/81/21 29/82/21 30/83/21 32/84/21
f 26/85/22 31/86/22 32/87/22 27/88/22
f 32/89/23 30/90/23 28/91/23 27/92/23
f 26/93/24 25/94/24 29/95/24 31/96/24
o cube
v 0.25085022634733345 0.4796204103647901 0.2147484104985733
v -0.1198014474603935 0.4160445900116444 0.011091283613819947
v -0.12079576081353266 0.5266308083810505 -0.021620881906057376
v 0.2498559129941943 0.5902066287341963 0.18203624497869597
v 0.19567635016143137 0.5063587785188051 0.3068167616301274
v 0.19468203680829232 0.6169449968882113 0.27410459611024995
v -0.17497532364629553 0.4427829581656595 0.10315963474537404
v -0.17596963699943463 0.5533691765350657 0.0704474692254966
vt 0.24672461904864718 0.8958333333333334
vt 0.10416679560435631 0.8958333333333334
vt 0.10416666666666667 0.8573899251381183
vt 0.24672449011095762 0.8573899251381182
vt 0.6458333333333334 0.7708322729413866
vt 0.6458333333333334 0.7339617343106097
vt 0.6842748013140919 0.7339602653240311
vt 0.6842763122078122 0.7708333333333329
vt 0.6875001289376895 0.8573899251381182
vt 0.8300579523819804 0.8573899251381182
vt 0.8300578234442909 0.8958333333333334
vt 0.6875 0.8958333333333333
vt 0.6688910546108913 0.7839983462303538
vt 0.6688910546108913 0.7471278075995769
vt 0.70733403348537 0.7471267472076306
vt 0.70733252259165 0.7839998152169322
vt 0.2916666666666667 0.7756270151274897
vt 0.43422376543972074 0.7756270151274897
vt 0.43422445863174897 0.8125
vt 0.29166845122207535 0.8124982254003973
vt 0.37500224354437917 0.8589603484723092
vt 0.5175582509650982 0.8589603484723092
vt 0.5175570987620084 0.8958333333333334
vt 0.375 0.8958315587201451
vn 0.49879199191702717 -0.24172461378669363 -0.832331520422673
vn 0.8666788423003055 0.1486566020757787 0.47620268685538336
vn -0.4987919919170271 0.24172461378669474 0.8323315204226727
vn -0.8666788423003056 -0.14865660207577855 -0.4762026868553827
vn -0.008621665062298167 0.9588902052628122 -0.2836463310931334
vn 0.008621665062298521 -0.9588902052628122 0.28364633109313325
usemtl m_890a103a-2c95-a057-8483-4c3958a0f191
f 33/97/25 34/98/25 35/99/25 36/100/25
f 37/101/26 33/102/26 36/103/26 38/104/26
f 39/105/27 37/106/27 38/107/27 40/108/27
f 34/109/28 39/110/28 40/111/28 35/112/28
f 40/113/29 38/114/29 36/115/29 35/116/29
f 34/117/30 33/118/30 37/119/30 39/120/30
o cube
v 0.07436804973442313 0.7812971977584142 0.6840023963155566
v 0.04763383207564009 0.657775991177646 0.3753223100919685
v 0.030303153634894775 0.753288644610262 0.338603012113322
v 0.05703737129367792 0.8768098511910303 0.64728309833691
v -0.025621269232204036 0.7684585616631594 0.6977997879459958
v -0.0429519476729493 0.8639712150957752 0.6610804899673492
v -0.052355486890987124 0.6449373550823911 0.38911970172240773
v -0.06968616533173239 0.740450008515007 0.35240040374376125
vt 0.2778504412162397 0.8125
vt 0.16666666666666666 0.8125
vt 0.16666671839065317 0.7779052713302527
vt 0.2778504929402262 0.7779052713302527
vt 0.672738570793943 0.783999815216933
vt 0.672738570793943 0.7500832006976242
vt 0.7073319694721626 0.7500808055004525
vt 0.7073340334853689 0.7839971369521681
vt 0.3958333333333333 0.7779052713302527
vt 0.5070171078829063 0.7779052713302527
vt 0.5070171596068928 0.8125
vt 0.39583338505731985 0.8124999999999999
vt 0.6458333333333345 0.7708309381361613
vt 0.6458333333333345 0.7369143236168525
vt 0.6804287960247604 0.7369170018816174
vt 0.6804267320115542 0.7708333333333329
vt 0.2708344232545225 0.8619164938566076
vt 0.38201728376918204 0.8619164938566076
vt 0.3820181658558293 0.8958333333333334
vt 0.2708333333333333 0.8958326614234656
vt 0.4583333333333333 0.8827498271958908
vt 0.5695181658578596 0.8827498271958909
vt 0.5695170788056734 0.9166666666666666
vt 0.45833421829304405 0.916665994768716
vn 0.9826960095000212 0.12617824172240655 -0.1356009005448568
vn 0.08015055511552552 0.37032290985090605 0.9254387235004979
vn -0.9826960095000215 -0.12617824172240616 0.1356009005448568
vn -0.0801505551155255 -0.37032290985090593 -0.9254387235004979
vn -0.1669863510212975 0.9202934280735682 -0.35380158961936886
vn 0.16698635102129555 -0.9202934280735686 0.3538015896193691
usemtl m_890a103a-2c95-a057-8483-4c3958a0f191
f 41/121/31 42/122/31 43/123/31 44/124/31
f 45/125/32 41/126/32 44/127/32 46/128/32
f 47/129/33 45/130/33 46/131/33 48/132/33
f 42/133/34 47/134/34 48/135/34 43/136/34
f 48/137/35 46/138/35 44/139/35 43/140/35
f 42/141/36 41/142/36 45/143/36 47/144/36
o cube
v 0.19111979458616668 0.782211975808714 1.300068779885215
v 0.05261360516432112 0.7789389844566919 0.6367132216960596
v 0.04839649516755329 0.8597799324560125 0.63719487004948
v 0.18690268458939885 0.8630529238080347 1.3005504282386355
v 0.11354025245135546 0.7780683677358322 1.316287546154307
v 0.10932314245458752 0.8589093157351528 1.3167691945077276
v -0.024965936970490155 0.77479537638381 0.6529319879651516
v -0.029183046967258097 0.8556363243831306 0.6534136363185721
vt 0.28839073423991485 0.8541666666666665
vt 0.06250058628008803 0.8541666666666666
vt 0.0625 0.8333333333333334
vt 0.28839013787242 0.8333349416744676
vt 0.6803492324807715 0.7839998152169317
vt 0.6803492324807715 0.7631664818835985
vt 0.7011825658141048 0.7631677490179338
vt 0.7011824818427007 0.783999444080532
vt 0.625000586280088 0.8541666666666667
vt 0.8508907342399149 0.8541666666666666
vt 0.85089013787242 0.8749983916588655
vt 0.625 0.875
vt 0.6458333333333323 0.7708333333333327
vt 0.6458333333333323 0.7499999999999993
vt 0.6666665826952617 0.7500003711363993
vt 0.6666666666666656 0.7708320661989974
vt 0.2500004219428206 0.7916666666666667
vt 0.4758900338187815 0.7916666666666666
vt 0.4758894199649912 0.8124983664278592
vt 0.25 0.8125
vt 0.2916666666666667 0.875
vt 0.5175560866411834 0.875
vt 0.5175569434394641 0.8958316997598046
vt 0.29166733157302893 0.8958333333333334
vn 0.9775032084018273 0.052209513927824386 -0.20435665934721714
vn 0.20438619653820217 0.0048297787740344865 0.9788784173234394
vn -0.9775032084018271 -0.0522095139278259 0.20435665934721722
vn -0.204386196538202 -0.004829778774034787 -0.9788784173234394
vn -0.052093763818543304 0.9986244739101953 0.005949779727325108
vn 0.05209376381854337 -0.9986244739101953 -0.005949779727325115
usemtl m_890a103a-2c95-a057-8483-4c3958a0f191
f 49/145/37 50/146/37 51/147/37 52/148/37
f 53/149/38 49/150/38 52/151/38 54/152/38
f 55/153/39 53/154/39 54/155/39 56/156/39
f 50/157/40 55/158/40 56/159/40 51/160/40
f 56/161/41 54/162/41 52/163/41 51/164/41
f 50/165/42 49/166/42 53/167/42 55/168/42
o cube
v 1.04203343005805 0.3970894818656606 0.5645617416169062
v 0.6487888392796513 0.49418372861236903 0.4273313782375968
v 0.663707354929923 0.5405376211800899 0.4173778281220436
v 1.0569519457083218 0.44344337443338144 0.554608191501353
v 1.0298220184169637 0.41058371974447627 0.6091020626171177
v 1.0447405340672353 0.4569376123121971 0.5991485125015645
v 0.636577427638565 0.5076779664911846 0.47187169923780836
v 0.6514959432888365 0.5540318590589055 0.46191814912225526
vt 0.2708333333333333 0.7334319728824519
vt 0.4133909243546903 0.7334319728824519
vt 0.41339047205210727 0.7499979757815329
vt 0.27083337379578176 0.75
vt 0.7073340334853695 0.7839998152169315
vt 0.6912968263130191 0.7839998152169315
vt 0.6912949210214538 0.7674334078995743
vt 0.7073327279276266 0.7674314127561909
vt 0.4758909243546903 0.8541666666666666
vt 0.3333333333333333 0.8541666666666666
vt 0.33333337379578176 0.8375986395491186
vt 0.47589047205210727 0.8376006637675855
vt 0.6666685719582309 0.7542649308725923
vt 0.6827057791305814 0.7542649308725923
vt 0.6827044735728385 0.7708333333333328
vt 0.6666666666666657 0.7708313381899495
vt 0.5383901437226236 0.8125
vt 0.3958333333333333 0.8124999999999999
vt 0.3958344311534634 0.7964623077539343
vt 0.5383899307227449 0.7964606884859879
vt 0.6633901129018405 0.8958333333333334
vt 0.5208346133233624 0.8958333333333334
vt 0.5208333333333334 0.8797956411007724
vt 0.663390143713427 0.8797940218179366
vn 0.25379635542110357 -0.2804580251234683 -0.9257055180341149
vn 0.9195068868176105 -0.2270312946384001 0.3208798472166774
vn -0.2537963554211039 0.28045802512346707 0.9257055180341152
vn -0.9195068868176117 0.22703129463839655 -0.32087984721667606
vn 0.30015745046550324 0.9326307347491064 -0.2002633704185338
vn -0.3001574504655035 -0.9326307347491061 0.200263370418535
usemtl m_890a103a-2c95-a057-8483-4c3958a0f191
f 57/169/43 58/170/43 59/171/43 60/172/43
f 61/173/44 57/174/44 60/175/44 62/176/44
f 63/177/45 61/178/45 62/179/45 64/180/45
f 58/181/46 63/182/46 64/183/46 59/184/46
f 64/185/47 62/186/47 60/187/47 59/188/47
f 58/189/48 57/190/48 61/191/48 63/192/48