# Made in Blockbench 4.8.3
mtllib cutleryr_4.mtl

o cube
v 0.21098095040490972 -0.06690856986623872 0.6634021491318172
v 0.20198286213634242 -0.009036430912131466 0.6415824346426775
v 0.21098095040490972 -0.06690856986623872 0.6634021491318172
v 0.20198286213634242 -0.009036430912131466 0.6415824346426775
v 0.1813847262632129 -0.0008359622496323382 0.6718267582798076
v 0.1903828145317803 -0.05870810120373959 0.6936464727689473
v 0.1813847262632129 -0.0008359622496323382 0.6718267582798076
v 0.1903828145317803 -0.05870810120373959 0.6936464727689473
vt 0.109375 0.8823529411764706
vt 0.1171875 0.8823529411764706
vt 0.1171875 0.8735294117647059
vt 0.109375 0.8735294117647059
vt 0.09375 0.8529411764705882
vt 0.109375 0.8529411764705882
vt 0.109375 0.8441176470588235
vt 0.09375 0.8441176470588235
vt 0.125 0.7941176470588236
vt 0.1328125 0.7941176470588236
vt 0.1328125 0.7852941176470588
vt 0.125 0.7852941176470588
vt 0.125 0.8235294117647058
vt 0.140625 0.8235294117647058
vt 0.140625 0.8147058823529412
vt 0.125 0.8147058823529412
vt 0.078125 0.8529411764705882
vt 0.09375 0.8529411764705882
vt 0.09375 0.8235294117647058
vt 0.078125 0.8235294117647058
vt 0.109375 0.8529411764705882
vt 0.125 0.8529411764705882
vt 0.125 0.8235294117647058
vt 0.109375 0.8235294117647058
vn -0.1439694122970765 0.9259542232657161 -0.3491154318262354
vn 0.5492836232834528 -0.21867916433331236 -0.8065152969901352
vn 0.1439694122970765 -0.9259542232657161 0.3491154318262354
vn -0.5492836232834528 0.21867916433331236 0.8065152969901352
vn 0.8231405162640436 0.3078769226539537 0.477128379979325
vn -0.8231405162640436 -0.3078769226539537 -0.477128379979325
usemtl m_cb1090da-4517-0936-2e85-4dc26499c5fc
f 4/4/1 7/3/1 5/2/1 2/1/1
f 3/8/2 4/7/2 2/6/2 1/5/2
f 8/12/3 3/11/3 1/10/3 6/9/3
f 7/16/4 8/15/4 6/14/4 5/13/4
f 6/20/5 1/19/5 2/18/5 5/17/5
f 7/24/6 4/23/6 3/22/6 8/21/6
o cube
v 0.2095017154771036 -0.06371505162120317 0.6638934375193148
v 0.22601402067426402 -0.01860364396540437 0.6062973901168396
v 0.2095017154771036 -0.06371505162120317 0.6638934375193148
v 0.22601402067426402 -0.01860364396540437 0.6062973901168396
v 0.20638580733191225 0.009040420845639163 0.6223220249554233
v 0.18987350213475185 -0.03607098681015963 0.6799180723578984
v 0.20638580733191225 0.009040420845639163 0.6223220249554233
v 0.18987350213475185 -0.03607098681015963 0.6799180723578984
vt 0.109375 0.8823529411764706
vt 0.1171875 0.8823529411764706
vt 0.1171875 0.8735294117647059
vt 0.109375 0.8735294117647059
vt 0.09375 0.8529411764705882
vt 0.109375 0.8529411764705882
vt 0.109375 0.8441176470588235
vt 0.09375 0.8441176470588235
vt 0.125 0.7941176470588236
vt 0.1328125 0.7941176470588236
vt 0.1328125 0.7852941176470588
vt 0.125 0.7852941176470588
vt 0.125 0.8235294117647058
vt 0.140625 0.8235294117647058
vt 0.140625 0.8147058823529412
vt 0.125 0.8147058823529412
vt 0.078125 0.8529411764705882
vt 0.09375 0.8529411764705882
vt 0.09375 0.8235294117647058
vt 0.078125 0.8235294117647058
vt 0.109375 0.8529411764705882
vt 0.125 0.8529411764705882
vt 0.125 0.8235294117647058
vt 0.109375 0.8235294117647058
vn 0.22016406929547153 0.6014854354106508 -0.7679472986996689
vn 0.5234190224627134 -0.7371750616278274 -0.42732359569556466
vn -0.22016406929547153 -0.6014854354106508 0.7679472986996689
vn -0.5234190224627134 0.7371750616278274 0.42732359569556466
vn 0.8231405162640437 0.3078769226539538 0.4771283799793251
vn -0.8231405162640437 -0.3078769226539538 -0.4771283799793251
usemtl m_cb1090da-4517-0936-2e85-4dc26499c5fc
f 12/28/7 15/27/7 13/26/7 10/25/7
f 11/32/8 12/31/8 10/30/8 9/29/8
f 16/36/9 11/35/9 9/34/9 14/33/9
f 15/40/10 16/39/10 14/38/10 13/37/10
f 14/44/11 9/43/11 10/42/11 13/41/11
f 15/48/12 12/47/12 11/46/12 16/45/12
o cube
v 0.22601402065499343 -0.01860364435171391 0.6062973903993591
v 0.19002166758072436 0.2128849114647151 0.5190185324428003
v 0.22601402065499343 -0.01860364435171391 0.6062973903993591
v 0.19002166758072436 0.2128849114647151 0.5190185324428003
v 0.14539237318894382 0.23065259356679668 0.5845479003232488
v 0.1813847262632129 -0.0008359622496323382 0.6718267582798076
v 0.14539237318894382 0.23065259356679668 0.5845479003232488
v 0.1813847262632129 -0.0008359622496323382 0.6718267582798076
vt 0 1
vt 0.015625 1
vt 0.015625 0.9911764705882353
vt 0 0.9911764705882353
vt 0.109375 0.8529411764705882
vt 0.1875 0.8529411764705882
vt 0.1875 0.8441176470588235
vt 0.109375 0.8441176470588235
vt 0.15625 0.8235294117647058
vt 0.171875 0.8235294117647058
vt 0.171875 0.8147058823529412
vt 0.15625 0.8147058823529412
vt 0.0625 0.8235294117647058
vt 0.125 0.8235294117647058
vt 0.125 0.8147058823529412
vt 0.0625 0.8147058823529412
vt 0.0625 0.7941176470588236
vt 0.0625 0.8529411764705882
vt 0.125 0.8529411764705882
vt 0.125 0.7941176470588236
vt 0.09375 0.8235294117647058
vt 0.09375 0.8823529411764706
vt 0.15625 0.8823529411764706
vt 0.15625 0.8235294117647058
vn -0.1439694122970765 0.9259542232657161 -0.3491154318262354
vn 0.5492836232834528 -0.21867916433331236 -0.8065152969901352
vn 0.1439694122970765 -0.9259542232657161 0.3491154318262354
vn -0.5492836232834528 0.21867916433331236 0.8065152969901352
vn 0.8231405162640436 0.3078769226539537 0.477128379979325
vn -0.8231405162640436 -0.3078769226539537 -0.477128379979325
usemtl m_cb1090da-4517-0936-2e85-4dc26499c5fc
f 20/52/13 23/51/13 21/50/13 18/49/13
f 19/56/14 20/55/14 18/54/14 17/53/14
f 24/60/15 19/59/15 17/58/15 22/57/15
f 23/64/16 24/63/16 22/62/16 21/61/16
f 22/68/17 17/67/17 18/66/17 21/65/17
f 23/72/18 20/71/18 19/70/18 24/69/18
o cube
v 0.19086765888802448 0.2224790951009743 0.5441161855016365
v 0.13687912927662094 0.5697119288256178 0.4131978985667981
v 0.16514451775477323 0.21285794126803825 0.5292059236272826
v 0.11115598814336947 0.5600907749926818 0.39828763669244416
v 0.10598192546692664 0.5820126318193668 0.4585643840224932
v 0.1599704550783303 0.23477979809472316 0.5894826709573315
v 0.08025878433367528 0.5723914779864305 0.4436541221481394
v 0.13424731394507894 0.2251586442617871 0.5745724090829776
vt 0 1
vt 0.014062499999999999 1
vt 0.014062499999999999 0.9794117647058823
vt 0 0.9794117647058823
vt 0.140625 0.9705882352941176
vt 0.234375 0.9705882352941176
vt 0.234375 0.95
vt 0.140625 0.95
vt 0 1
vt 0.014062499999999999 1
vt 0.014062499999999999 0.9794117647058823
vt 0 0.9794117647058823
vt 0.078125 1
vt 0.171875 1
vt 0.171875 0.9794117647058823
vt 0.078125 0.9794117647058823
vt 0.140625 0.9147058823529411
vt 0.140625 0.9411764705882353
vt 0.234375 0.9411764705882353
vt 0.234375 0.9147058823529411
vt 0.0625 0.9441176470588235
vt 0.0625 0.9705882352941176
vt 0.15625 0.9705882352941176
vt 0.15625 0.9441176470588235
vn -0.1439694122970765 0.9259542232657161 -0.3491154318262354
vn 0.5492836232834528 -0.21867916433331236 -0.8065152969901352
vn 0.1439694122970765 -0.9259542232657161 0.3491154318262354
vn -0.5492836232834528 0.21867916433331236 0.8065152969901352
vn 0.8231405162640436 0.3078769226539537 0.477128379979325
vn -0.8231405162640436 -0.3078769226539537 -0.477128379979325
usemtl m_cb1090da-4517-0936-2e85-4dc26499c5fc
f 28/76/19 31/75/19 29/74/19 26/73/19
f 27/80/20 28/79/20 26/78/20 25/77/20
f 32/84/21 27/83/21 25/82/21 30/81/21
f 31/88/22 32/87/22 30/86/22 29/85/22
f 30/92/23 25/91/23 26/90/23 29/89/23
f 31/96/24 28/95/24 27/94/24 32/93/24
o cube
v 0.653655150037042 0.015625 0.9345505133217338
v 0.672449262506059 0.015625 0.8749432038999694
v 0.653655150037042 0.015625 0.9345505133217338
v 0.672449262506059 0.015625 0.8749432038999694
v 0.5800579329023243 0.015625 0.8458123295729929
v 0.5612638204333074 0.015625 0.9054196389947573
v 0.5800579329023243 0.015625 0.8458123295729929
v 0.5612638204333074 0.015625 0.9054196389947573
vt 0.1171875 0.8823529411764706
vt 0.109375 0.8823529411764706
vt 0.109375 0.8735294117647059
vt 0.1171875 0.8735294117647059
vt 0.140625 0.8235294117647058
vt 0.125 0.8235294117647058
vt 0.125 0.8147058823529412
vt 0.140625 0.8147058823529412
vt 0.1328125 0.7941176470588236
vt 0.125 0.7941176470588236
vt 0.125 0.7852941176470588
vt 0.1328125 0.7852941176470588
vt 0.109375 0.8529411764705882
vt 0.09375 0.8529411764705882
vt 0.09375 0.8441176470588235
vt 0.109375 0.8441176470588235
vt 0.0875 0.8529411764705882
vt 0.0625 0.8529411764705882
vt 0.0625 0.8235294117647058
vt 0.0875 0.8235294117647058
vt 0.11875 0.8529411764705882
vt 0.09375 0.8529411764705882
vt 0.09375 0.8235294117647058
vt 0.11875 0.8235294117647058
vn 0.30070579950427306 0 -0.9537169507482269
vn 0.9537169507482269 0 0.30070579950427306
vn -0.30070579950427306 0 0.9537169507482269
vn -0.9537169507482269 0 -0.30070579950427306
vn 0 1 0
vn 0 -1 0
usemtl m_cb1090da-4517-0936-2e85-4dc26499c5fc
f 36/100/25 39/99/25 37/98/25 34/97/25
f 35/104/26 36/103/26 34/102/26 33/101/26
f 40/108/27 35/107/27 33/106/27 38/105/27
f 39/112/28 40/111/28 38/110/28 37/109/28
f 38/116/29 33/115/29 34/114/29 37/113/29
f 39/120/30 36/119/30 35/118/30 40/117/30
o cube
v 0.6221538080046278 0.015624999068677425 0.9630708308203357
v 0.5965022972552028 0.015624999068677425 0.892593884261393
v 0.6221538080046278 0.015624999068677425 0.9630708308203357
v 0.5965022972552028 0.015624999068677425 0.892593884261393
v 0.561263823975731 0.015624999068677425 0.9054196396361056
v 0.5869153347251561 0.015624999068677425 0.9758965861950484
v 0.561263823975731 0.015624999068677425 0.9054196396361056
v 0.5869153347251561 0.015624999068677425 0.9758965861950484
vt 0.1171875 0.8823529411764706
vt 0.109375 0.8823529411764706
vt 0.109375 0.8735294117647059
vt 0.1171875 0.8735294117647059
vt 0.140625 0.8235294117647058
vt 0.125 0.8235294117647058
vt 0.125 0.8147058823529412
vt 0.140625 0.8147058823529412
vt 0.1328125 0.7941176470588236
vt 0.125 0.7941176470588236
vt 0.125 0.7852941176470588
vt 0.1328125 0.7852941176470588
vt 0.109375 0.8529411764705882
vt 0.09375 0.8529411764705882
vt 0.09375 0.8441176470588235
vt 0.109375 0.8441176470588235
vt 0.09375 0.8529411764705882
vt 0.078125 0.8529411764705882
vt 0.078125 0.8235294117647058
vt 0.09375 0.8235294117647058
vt 0.109375 0.8529411764705882
vt 0.09375 0.8529411764705882
vt 0.09375 0.8235294117647058
vt 0.109375 0.8235294117647058
vn -0.34202014332566877 0 -0.9396926207859083
vn 0.9396926207859083 0 -0.34202014332566877
vn 0.34202014332566877 0 0.9396926207859083
vn -0.9396926207859083 0 0.34202014332566877
vn 0 1 0
vn 0 -1 0
usemtl m_cb1090da-4517-0936-2e85-4dc26499c5fc
f 44/124/31 47/123/31 45/122/31 42/121/31
f 43/128/32 44/127/32 42/126/32 41/125/32
f 48/132/33 43/131/33 41/130/33 46/129/33
f 47/136/34 48/135/34 46/134/34 45/133/34
f 46/140/35 41/139/35 42/138/35 45/137/35
f 47/144/36 44/143/36 43/142/36 48/141/36
o cube
v 0.6348610375680248 0.015625 0.994157822743498
v 0.6536551500370418 0.015625 0.9345505133217338
v 0.6348610375680248 0.015625 0.994157822743498
v 0.6536551500370418 0.015625 0.9345505133217338
v 0.6059693024996304 0.015625 0.91951522334652
v 0.5871751900306132 0.015625 0.9791225327682842
v 0.6059693024996304 0.015625 0.91951522334652
v 0.5871751900306132 0.015625 0.9791225327682842
vt 0.1171875 0.8823529411764706
vt 0.109375 0.8823529411764706
vt 0.109375 0.8735294117647059
vt 0.1171875 0.8735294117647059
vt 0.140625 0.8235294117647058
vt 0.125 0.8235294117647058
vt 0.125 0.8147058823529412
vt 0.140625 0.8147058823529412
vt 0.1328125 0.7941176470588236
vt 0.125 0.7941176470588236
vt 0.125 0.7852941176470588
vt 0.1328125 0.7852941176470588
vt 0.109375 0.8529411764705882
vt 0.09375 0.8529411764705882
vt 0.09375 0.8441176470588235
vt 0.109375 0.8441176470588235
vt 0.09375 0.8529411764705882
vt 0.078125 0.8529411764705882
vt 0.078125 0.8235294117647058
vt 0.09375 0.8235294117647058
vt 0.109375 0.8529411764705882
vt 0.09375 0.8529411764705882
vt 0.09375 0.8235294117647058
vt 0.109375 0.8235294117647058
vn 0.30070579950427306 0 -0.9537169507482269
vn 0.9537169507482269 0 0.30070579950427306
vn -0.30070579950427306 0 0.9537169507482269
vn -0.9537169507482269 0 -0.30070579950427306
vn 0 1 0
vn 0 -1 0
usemtl m_cb1090da-4517-0936-2e85-4dc26499c5fc
f 52/148/37 55/147/37 53/146/37 50/145/37
f 51/152/38 52/151/38 50/150/38 49/149/38
f 56/156/39 51/155/39 49/154/39 54/153/39
f 55/160/40 56/159/40 54/158/40 53/157/40
f 54/164/41 49/163/41 50/162/41 53/161/41
f 55/168/42 52/167/42 51/166/42 56/165/42
o cube
v 0.596242434854449 0.015625 0.8893679359265927
v 0.570590924105024 0.015625 0.8188909893676495
v 0.596242434854449 0.015625 0.8893679359265927
v 0.570590924105024 0.015625 0.8188909893676495
v 0.5353524508255523 0.015625 0.8317167447423621
v 0.5610039615749773 0.015625 0.9021936913013051
v 0.5353524508255523 0.015625 0.8317167447423621
v 0.5610039615749773 0.015625 0.9021936913013051
vt 0.1171875 0.8823529411764706
vt 0.109375 0.8823529411764706
vt 0.109375 0.8735294117647059
vt 0.1171875 0.8735294117647059
vt 0.140625 0.8235294117647058
vt 0.125 0.8235294117647058
vt 0.125 0.8147058823529412
vt 0.140625 0.8147058823529412
vt 0.1328125 0.7941176470588236
vt 0.125 0.7941176470588236
vt 0.125 0.7852941176470588
vt 0.1328125 0.7852941176470588
vt 0.109375 0.8529411764705882
vt 0.09375 0.8529411764705882
vt 0.09375 0.8441176470588235
vt 0.109375 0.8441176470588235
vt 0.09375 0.8529411764705882
vt 0.078125 0.8529411764705882
vt 0.078125 0.8235294117647058
vt 0.09375 0.8235294117647058
vt 0.109375 0.8529411764705882
vt 0.09375 0.8529411764705882
vt 0.09375 0.8235294117647058
vt 0.109375 0.8235294117647058
vn -0.34202014332566877 0 -0.9396926207859083
vn 0.9396926207859083 0 -0.34202014332566877
vn 0.34202014332566877 0 0.9396926207859083
vn -0.9396926207859083 0 0.34202014332566877
vn 0 1 0
vn 0 -1 0
usemtl m_cb1090da-4517-0936-2e85-4dc26499c5fc
f 60/172/43 63/171/43 61/170/43 58/169/43
f 59/176/44 60/175/44 58/174/44 57/173/44
f 64/180/45 59/179/45 57/178/45 62/177/45
f 63/184/46 64/183/46 62/182/46 61/181/46
f 62/188/47 57/187/47 58/186/47 61/185/47
f 63/192/48 60/191/48 59/190/48 64/189/48
o cube
v 0.672449262506059 0.015625 0.8749432038999694
v 0.7476257123821273 0.015625 0.6365139662129127
v 0.672449262506059 0.015625 0.8749432038999694
v 0.7476257123821273 0.015625 0.6365139662129127
v 0.6105289007120696 0.015625 0.5932875075341735
v 0.5353524508360012 0.015625 0.8317167452212302
v 0.6105289007120696 0.015625 0.5932875075341735
v 0.5353524508360012 0.015625 0.8317167452212302
vt 0.015625 1
vt 0 1
vt 0 0.9911764705882353
vt 0.015625 0.9911764705882353
vt 0.125 0.8235294117647058
vt 0.0625 0.8235294117647058
vt 0.0625 0.8147058823529412
vt 0.125 0.8147058823529412
vt 0.171875 0.8235294117647058
vt 0.15625 0.8235294117647058
vt 0.15625 0.8147058823529412
vt 0.171875 0.8147058823529412
vt 0.1875 0.8529411764705882
vt 0.109375 0.8529411764705882
vt 0.109375 0.8441176470588235
vt 0.1875 0.8441176470588235
vt 0.046875 0.8529411764705882
vt 0.046875 0.7941176470588236
vt 0.109375 0.7941176470588236
vt 0.109375 0.8529411764705882
vt 0.078125 0.8823529411764706
vt 0.078125 0.8235294117647058
vt 0.140625 0.8235294117647058
vt 0.140625 0.8823529411764706
vn 0.30070579950427306 0 -0.9537169507482269
vn 0.9537169507482269 0 0.30070579950427306
vn -0.30070579950427306 0 0.9537169507482269
vn -0.9537169507482269 0 -0.30070579950427306
vn 0 1 0
vn 0 -1 0
usemtl m_cb1090da-4517-0936-2e85-4dc26499c5fc
f 68/196/49 71/195/49 69/194/49 66/193/49
f 67/200/50 68/199/50 66/198/50 65/197/50
f 72/204/51 67/203/51 65/202/51 70/201/51
f 71/208/52 72/207/52 70/206/52 69/205/52
f 70/212/53 65/211/53 66/210/53 69/209/53
f 71/216/54 68/215/54 67/214/54 72/213/54
o cube
v 0.7446453469110388 0.03125 0.6355742605894619
v 0.8198217967871071 0.03125 0.39714502290240516
v 0.7446453469110388 0 0.6355742605894619
v 0.8198217967871071 0 0.39714502290240516
v 0.7661752183075194 0.03125 0.3802303216802898
v 0.6909987684314514 0.03125 0.6186595593673465
v 0.7661752183075194 0 0.3802303216802898
v 0.6909987684314514 0 0.6186595593673465
vt 0.1859375 0.9411764705882353
vt 0.171875 0.9411764705882353
vt 0.171875 0.9264705882352942
vt 0.1859375 0.9264705882352942
vt 0.171875 0.9411764705882353
vt 0.109375 0.9411764705882353
vt 0.109375 0.9264705882352942
vt 0.171875 0.9264705882352942
vt 0.060937500000000006 0.9411764705882353
vt 0.046875 0.9411764705882353
vt 0.046875 0.9205882352941176
vt 0.060937500000000006 0.9205882352941176
vt 0.10937500000000001 0.9411764705882353
vt 0.046875 0.9411764705882353
vt 0.046875 0.9264705882352942
vt 0.10937500000000001 0.9264705882352942
vt 0.10937500000000001 0.9147058823529411
vt 0.10937500000000001 0.9411764705882353
vt 0.046875 0.9411764705882353
vt 0.046875 0.9147058823529411
vt 0.078125 0.9411764705882353
vt 0.078125 0.9147058823529411
vt 0.140625 0.9147058823529411
vt 0.140625 0.9411764705882353
vn 0.30070579950427306 0 -0.9537169507482269
vn 0.9537169507482269 0 0.30070579950427306
vn -0.30070579950427306 0 0.9537169507482269
vn -0.9537169507482269 0 -0.30070579950427306
vn 0 1 0
vn 0 -1 0
usemtl m_cb1090da-4517-0936-2e85-4dc26499c5fc
f 76/220/55 79/219/55 77/218/55 74/217/55
f 75/224/56 76/223/56 74/222/56 73/221/56
f 80/228/57 75/227/57 73/226/57 78/225/57
f 79/232/58 80/231/58 78/230/58 77/229/58
f 78/236/59 73/235/59 74/234/59 77/233/59
f 79/240/60 76/239/60 75/238/60 80/237/60
o cube
v 0.7487056741456191 0.03749999999999998 0.6466526264600643
v 0.7562233191332257 0.03749999999999998 0.6228097026913586
v 0.7487056741456191 0 0.6466526264600643
v 0.7562233191332257 0 0.6228097026913586
v 0.687674913298197 0.03749999999999998 0.601196473351989
v 0.6801572683105901 0.03749999999999998 0.6250393971206947
v 0.687674913298197 0 0.601196473351989
v 0.6801572683105901 0 0.6250393971206947
vt 0.015625 0.7941176470588236
vt 0 0.7941176470588236
vt 0 0.7764705882352941
vt 0.015625 0.7764705882352941
vt 0.0078125 0.7941176470588236
vt 0 0.7941176470588236
vt 0 0.7764705882352941
vt 0.0078125 0.7764705882352941
vt 0.015625 0.7941176470588236
vt 0 0.7941176470588236
vt 0 0.7764705882352941
vt 0.015625 0.7764705882352941
vt 0.0078125 0.7941176470588236
vt 0 0.7941176470588236
vt 0 0.7764705882352941
vt 0.0078125 0.7764705882352941
vt 0.015625 0.7941176470588236
vt 0 0.7941176470588236
vt 0 0.7794117647058824
vt 0.015625 0.7794117647058824
vt 0.015625 0.7941176470588236
vt 0 0.7941176470588236
vt 0 0.7794117647058824
vt 0.015625 0.7794117647058824
vn 0.30070579950427306 0 -0.9537169507482269
vn 0.9537169507482269 0 0.30070579950427306
vn -0.30070579950427306 0 0.9537169507482269
vn -0.9537169507482269 0 -0.30070579950427306
vn 0 1 0
vn 0 -1 0
usemtl m_cb1090da-4517-0936-2e85-4dc26499c5fc
f 84/244/61 87/243/61 85/242/61 82/241/61
f 83/248/62 84/247/62 82/246/62 81/245/62
f 88/252/63 83/251/63 81/250/63 86/249/63
f 87/256/64 88/255/64 86/254/64 85/253/64
f 86/260/65 81/259/65 82/258/65 85/257/65
f 87/264/66 84/263/66 83/262/66 88/261/66