# Made in Blockbench 4.12.6
mtllib designer_info.mtl

o cube
v 0.9375 0.03125 0.0625
v 0.0625 0.03125 0.0625
v 0.0625 0.0625 0.0625
v 0.9375 0.0625 0.0625
v 0.9375 0.03125 0.9375
v 0.9375 0.0625 0.9375
v 0.0625 0.03125 0.9375
v 0.0625 0.0625 0.9375
vt 0 0.96875
vt 0.875 0.96875
vt 0.875 1
vt 0 1
vt 0 0.96875
vt 0.875 0.96875
vt 0.875 1
vt 0 1
vt 0 0.96875
vt 0.875 0.96875
vt 0.875 1
vt 0 1
vt 0 0.96875
vt 0.875 0.96875
vt 0.875 1
vt 0 1
vt 0 0.125
vt 0.875 0.125
vt 0.875 1
vt 0 1
vt 0 0.125
vt 0.875 0.125
vt 0.875 1
vt 0 1
vn 0 0 -1
vn 1 0 0
vn 0 0 1
vn -1 0 0
vn 0 1 0
vn 0 -1 0
usemtl m_90d169db-81e6-afdc-ede5-6e1fc722c57d
f 1/1/1 2/2/1 3/3/1 4/4/1
f 5/5/2 1/6/2 4/7/2 6/8/2
f 7/9/3 5/10/3 6/11/3 8/12/3
f 2/13/4 7/14/4 8/15/4 3/16/4
f 8/17/5 6/18/5 4/19/5 3/20/5
f 2/21/6 1/22/6 5/23/6 7/24/6
o cube
v 1 0 0
v 0 0 0
v 0 0.03125 0
v 1 0.03125 0
v 1 0 1
v 1 0.03125 1
v 0 0 1
v 0 0.03125 1
vt 0 0.96875
vt 1 0.96875
vt 1 1
vt 0 1
vt 0 0.96875
vt 1 0.96875
vt 1 1
vt 0 1
vt 0 0.96875
vt 1 0.96875
vt 1 1
vt 0 1
vt 0 0.96875
vt 1 0.96875
vt 1 1
vt 0 1
vt 0 0
vt 1 0
vt 1 1
vt 0 1
vt 0 0
vt 1 0
vt 1 1
vt 0 1
vn 0 0 -1
vn 1 0 0
vn 0 0 1
vn -1 0 0
vn 0 1 0
vn 0 -1 0
usemtl m_c81582e1-7004-e81b-e613-411cb0b82ef0
f 9/25/7 10/26/7 11/27/7 12/28/7
f 13/29/8 9/30/8 12/31/8 14/32/8
f 15/33/9 13/34/9 14/35/9 16/36/9
f 10/37/10 15/38/10 16/39/10 11/40/10
f 16/41/11 14/42/11 12/43/11 11/44/11
f 10/45/12 9/46/12 13/47/12 15/48/12
o cube
v 0.8773128413915026 0.0625 0.6593932020045434
v 0.7040854290456362 0.0625 0.5876400584360891
v 0.7040854290456362 0.1875 0.5876400584360891
v 0.8773128413915026 0.1875 0.6593932020045434
v 0.8294774123458664 0.0625 0.7748781435684543
v 0.8294774123458664 0.1875 0.7748781435684543
v 0.65625 0.0625 0.703125
v 0.65625 0.1875 0.703125
vt 0 0.875
vt 0.1875 0.875
vt 0.1875 1
vt 0 1
vt 0 0.875
vt 0.125 0.875
vt 0.125 1
vt 0 1
vt 0 0.875
vt 0.1875 0.875
vt 0.1875 1
vt 0 1
vt 0 0.875
vt 0.125 0.875
vt 0.125 1
vt 0 1
vt 0.125 0.8125
vt 0.125 1
vt 0 1
vt 0 0.8125
vt 0 1
vt 0 0.8125
vt 0.125 0.8125
vt 0.125 1
vn 0.38268343236508984 0 -0.9238795325112868
vn 0.9238795325112868 0 0.38268343236508967
vn -0.38268343236508984 0 0.9238795325112868
vn -0.9238795325112868 0 -0.38268343236508967
vn 0 1 0
vn 0 -1 0
usemtl m_84c9ec05-2bff-4262-15b6-c20f83009e94
f 17/49/13 18/50/13 19/51/13 20/52/13
f 21/53/14 17/54/14 20/55/14 22/56/14
f 23/57/15 21/58/15 22/59/15 24/60/15
f 18/61/16 23/62/16 24/63/16 19/64/16
f 24/65/17 22/66/17 20/67/17 19/68/17
f 18/69/18 17/70/18 21/71/18 23/72/18
o cube
v 0.5167814206957513 0.0625 0.5406341010022717
v 0.4699064206957513 0.0625 0.5406341010022717
v 0.4699064206957513 0.109375 0.5406341010022717
v 0.5167814206957513 0.109375 0.5406341010022717
v 0.5167814206957513 0.0625 0.5875091010022717
v 0.5167814206957513 0.109375 0.5875091010022717
v 0.4699064206957513 0.0625 0.5875091010022717
v 0.4699064206957513 0.109375 0.5875091010022717
vt 0.125 0.890625
vt 0.171875 0.890625
vt 0.171875 0.9375
vt 0.125 0.9375
vt 0.125 0.890625
vt 0.171875 0.890625
vt 0.171875 0.9375
vt 0.125 0.9375
vt 0.125 0.890625
vt 0.171875 0.890625
vt 0.171875 0.9375
vt 0.125 0.9375
vt 0.125 0.890625
vt 0.171875 0.890625
vt 0.171875 0.9375
vt 0.125 0.9375
vt 0.171875 0.890625
vt 0.171875 0.9375
vt 0.125 0.9375
vt 0.125 0.890625
vt 0.125 0.9375
vt 0.125 0.890625
vt 0.171875 0.890625
vt 0.171875 0.9375
vn 0 0 -1
vn 1 0 0
vn 0 0 1
vn -1 0 0
vn 0 1 0
vn 0 -1 0
usemtl m_174f2950-d7de-8b1b-9dd8-34e1ffad043c
f 25/73/19 26/74/19 27/75/19 28/76/19
f 29/77/20 25/78/20 28/79/20 30/80/20
f 31/81/21 29/82/21 30/83/21 32/84/21
f 26/85/22 31/86/22 32/87/22 27/88/22
f 32/89/23 30/90/23 28/91/23 27/92/23
f 26/93/24 25/94/24 29/95/24 31/96/24
o cube
v 0.8522458939978126 0.11618810889564178 0.7166596449450588
v 0.6801733310675855 0.11618810889564178 0.6453848556670609
v 0.7059647077151776 0.1835842239774846 0.583118964372171
v 0.8780372706454048 0.1835842239774846 0.6543937536501689
v 0.8264545173502205 0.18358422397748458 0.7789255362399486
v 0.8522458939978126 0.25098033905932743 0.7166596449450588
v 0.6543819544199933 0.18358422397748458 0.7076507469619507
v 0.6801733310675855 0.25098033905932743 0.6453848556670609
vt 0 0.9046875
vt 0.18625000000000003 0.9046875
vt 0.18625000000000003 1
vt 0 1
vt 0 0.9046875
vt 0.0953125 0.9046875
vt 0.0953125 1
vt 0 1
vt 0 0.9046875
vt 0.18625000000000003 0.9046875
vt 0.18625000000000003 1
vt 0 1
vt 0 0.9046875
vt 0.0953125 0.9046875
vt 0.0953125 1
vt 0 1
vt 0.0953125 0.81375
vt 0.0953125 1
vt 0 1
vt 0 0.81375
vt 0 1
vt 0 0.81375
vt 0.0953125 0.81375
vt 0.0953125 1
vn 0.27059805007309823 -0.7071067811865475 -0.6532814824381885
vn 0.9238795325112868 -9.54773899167025e-17 0.38268343236508945
vn -0.27059805007309834 0.7071067811865476 0.6532814824381884
vn -0.9238795325112868 0 -0.3826834323650895
vn 0.27059805007309823 0.7071067811865476 -0.6532814824381885
vn -0.2705980500730982 -0.7071067811865478 0.6532814824381882
usemtl m_b8828825-d911-3a6d-7864-3804d61e8e89
f 33/97/25 34/98/25 35/99/25 36/100/25
f 37/101/26 33/102/26 36/103/26 38/104/26
f 39/105/27 37/106/27 38/107/27 40/108/27
f 34/109/28 39/110/28 40/111/28 35/112/28
f 40/113/29 38/114/29 36/115/29 35/116/29
f 34/117/30 33/118/30 37/119/30 39/120/30
o cube
v 0.20136974614882297 0.11618810792093179 0.8404207769276479
v 0.33196352842318455 0.11618810986693091 0.7098269919012283
v 0.3796197784231845 0.1835842249487737 0.7574832419012284
v 0.24902599614882293 0.18358422300277458 0.888077026927648
v 0.15371349514454258 0.18358422300277466 0.7927645279319282
v 0.20136974514454253 0.25098033808461745 0.8404207779319284
v 0.28430727741890416 0.18358422494877377 0.6621707429055086
v 0.33196352741890417 0.25098034003061653 0.7098269929055088
vt 0 0.9046875
vt 0.18468750000000006 0.9046875
vt 0.18468750000000006 1
vt 0 1
vt 0 0.9046875
vt 0.09531250000000002 0.9046875
vt 0.09531250000000002 1
vt 0 1
vt 0 0.9046875
vt 0.18468750000000006 0.9046875
vt 0.18468750000000006 1
vt 0 1
vt 0 0.9046875
vt 0.09531250000000002 0.9046875
vt 0.09531250000000002 1
vt 0 1
vt 0.09531250000000002 0.8153124999999999
vt 0.09531250000000002 1
vt 0 1
vt 0 0.8153124999999999
vt 0 1
vt 0 0.8153124999999999
vt 0.09531250000000002 0.8153124999999999
vt 0.09531250000000002 1
vn 0.5000000105367118 -0.7071067811865478 0.49999998946328766
vn -0.7071067737359675 -1.0536712509995872e-8 0.7071067886371275
vn -0.5000000105367116 0.707106781186548 -0.4999999894632877
vn 0.7071067737359676 1.0536712486126535e-8 -0.7071067886371274
vn 0.4999999999999996 0.7071067811865474 0.5000000000000009
vn -0.4999999999999993 -0.7071067811865475 -0.5000000000000007
usemtl m_b8828825-d911-3a6d-7864-3804d61e8e89
f 41/121/31 42/122/31 43/123/31 44/124/31
f 45/125/32 41/126/32 44/127/32 46/128/32
f 47/129/33 45/130/33 46/131/33 48/132/33
f 42/133/34 47/134/34 48/135/34 43/136/34
f 48/137/35 46/138/35 44/139/35 43/140/35
f 42/141/36 41/142/36 45/143/36 47/144/36
o cube
v 0.24468433378367166 0.0625 0.8854945355626698
v 0.37726685525614934 0.06249999999999997 0.7529120140901921
v 0.37726685525614934 0.18749999999999997 0.7529120140901921
v 0.24468433378367171 0.1875 0.8854945355626698
v 0.15629598613535323 0.06250000000000003 0.7971061879143513
v 0.15629598613535323 0.18750000000000003 0.7971061879143513
v 0.28887850760783085 0.0625 0.6645236664418737
v 0.2888785076078309 0.1875 0.6645236664418737
vt 0 0.875
vt 0.1875 0.875
vt 0.1875 1
vt 0 1
vt 0 0.875
vt 0.125 0.875
vt 0.125 1
vt 0 1
vt 0 0.875
vt 0.1875 0.875
vt 0.1875 1
vt 0 1
vt 0 0.875
vt 0.125 0.875
vt 0.125 1
vt 0 1
vt 0.125 0.8125
vt 0.125 1
vt 0 1
vt 0 0.8125
vt 0 1
vt 0 0.8125
vt 0.125 0.8125
vt 0.125 1
vn 0.7071067811865476 -1.4802973661668753e-16 0.7071067811865475
vn -0.7071067811865476 3.33066907387547e-16 0.7071067811865476
vn -0.7071067811865476 0 -0.7071067811865475
vn 0.7071067811865476 -1.1102230246251568e-16 -0.7071067811865476
vn 2.6168207644729575e-16 1 5.233641528945911e-17
vn -2.616820764472959e-16 -1 -5.2336415289459174e-17
usemtl m_84c9ec05-2bff-4262-15b6-c20f83009e94
f 49/145/37 50/146/37 51/147/37 52/148/37
f 53/149/38 49/150/38 52/151/38 54/152/38
f 55/153/39 53/154/39 54/155/39 56/156/39
f 50/157/40 55/158/40 56/159/40 51/160/40
f 56/161/41 54/162/41 52/163/41 51/164/41
f 50/165/42 49/166/42 53/167/42 55/168/42
o cube
v 1 0 0
v 0 0 0
v 0 0.03125 0
v 1 0.03125 0
v 1 0 1
v 1 0.03125 1
v 0 0 1
v 0 0.03125 1
vt 0 0.96875
vt 1 0.96875
vt 1 1
vt 0 1
vt 0 0.96875
vt 1 0.96875
vt 1 1
vt 0 1
vt 0 0.96875
vt 1 0.96875
vt 1 1
vt 0 1
vt 0 0.96875
vt 1 0.96875
vt 1 1
vt 0 1
vt 0 0
vt 1 0
vt 1 1
vt 0 1
vt 0 0
vt 1 0
vt 1 1
vt 0 1
vn 0 0 -1
vn 1 0 0
vn 0 0 1
vn -1 0 0
vn 0 1 0
vn 0 -1 0
usemtl m_c81582e1-7004-e81b-e613-411cb0b82ef0
f 57/169/43 58/170/43 59/171/43 60/172/43
f 61/173/44 57/174/44 60/175/44 62/176/44
f 63/177/45 61/178/45 62/179/45 64/180/45
f 58/181/46 63/182/46 64/183/46 59/184/46
f 64/185/47 62/186/47 60/187/47 59/188/47
f 58/189/48 57/190/48 61/191/48 63/192/48
o cube
v 0.3407558762534017 0.11618810792093173 0.2051696290411994
v 0.41203066734447846 0.11618810988339462 0.3772421912204247
v 0.34976477604958855 0.1835842249652375 0.4030335678680167
v 0.27848998495851185 0.1835842230027746 0.23096100568879147
v 0.40302176700477893 0.1835842230027745 0.17937825108145167
v 0.3407558757098891 0.25098033808461734 0.20516962772904374
v 0.47429655809585564 0.18358422496523735 0.35145081326067695
v 0.4120306668009658 0.25098034004708025 0.37724218990826897
vt 0 0.9046875
vt 0.18625000000000003 0.9046875
vt 0.18625000000000003 1
vt 0 1
vt 0 0.9046875
vt 0.09531250000000002 0.9046875
vt 0.09531250000000002 1
vt 0 1
vt 0 0.9046875
vt 0.18625000000000003 0.9046875
vt 0.18625000000000003 1
vt 0 1
vt 0 0.9046875
vt 0.09531250000000002 0.9046875
vt 0.09531250000000002 1
vt 0 1
vt 0.09531250000000002 0.81375
vt 0.09531250000000002 1
vt 0 1
vt 0 0.81375
vt 0 1
vt 0 0.81375
vt 0.09531250000000002 0.81375
vt 0.09531250000000002 1
vn -0.6532814767357612 -0.707106781186547 0.27059806383997637
vn -0.3826834420997414 -1.0536712844166746e-8 -0.9238795284790621
vn 0.6532814767357611 0.7071067811865471 -0.2705980638399762
vn 0.3826834420997411 1.0536713226340375e-8 0.9238795284790621
vn -0.6532814824381886 0.7071067811865481 0.2705980500730963
vn 0.6532814824381887 -0.7071067811865479 -0.2705980500730965
usemtl m_b8828825-d911-3a6d-7864-3804d61e8e89
f 65/193/49 66/194/49 67/195/49 68/196/49
f 69/197/50 65/198/50 68/199/50 70/200/50
f 71/201/51 69/202/51 70/203/51 72/204/51
f 66/205/52 71/206/52 72/207/52 67/208/52
f 72/209/53 70/210/53 68/211/53 67/212/53
f 66/213/54 65/214/54 69/215/54 71/216/54
o cube
v 0.2825373781295687 0.0625 0.2279381093521567
v 0.354290521698023 0.0625 0.401165521698023
v 0.354290521698023 0.1875 0.401165521698023
v 0.2825373781295687 0.1875 0.2279381093521567
v 0.39802231969347956 0.0625 0.18010268030652044
v 0.39802231969347956 0.1875 0.18010268030652044
v 0.46977546326193387 0.0625 0.35333009265238674
v 0.46977546326193387 0.1875 0.35333009265238674
vt 0.1875 0.75
vt 0.375 0.75
vt 0.375 0.875
vt 0.1875 0.875
vt 0.1875 0.75
vt 0.3125 0.75
vt 0.3125 0.875
vt 0.1875 0.875
vt 0.1875 0.75
vt 0.375 0.75
vt 0.375 0.875
vt 0.1875 0.875
vt 0.1875 0.75
vt 0.3125 0.75
vt 0.3125 0.875
vt 0.1875 0.875
vt 0.3125 0.6875
vt 0.3125 0.875
vt 0.1875 0.875
vt 0.1875 0.6875
vt 0.1875 0.875
vt 0.1875 0.6875
vt 0.3125 0.6875
vt 0.3125 0.875
vn -0.9238795325112868 0 0.3826834323650898
vn -0.38268343236509006 0 -0.9238795325112867
vn 0.9238795325112868 0 -0.3826834323650898
vn 0.38268343236508984 0 0.9238795325112868
vn 0 1 0
vn 0 -1 0
usemtl m_c81582e1-7004-e81b-e613-411cb0b82ef0
f 73/217/55 74/218/55 75/219/55 76/220/55
f 77/221/56 73/222/56 76/223/56 78/224/56
f 79/225/57 77/226/57 78/227/57 80/228/57
f 74/229/58 79/230/58 80/231/58 75/232/58
f 80/233/59 78/234/59 76/235/59 75/236/59
f 74/237/60 73/238/60 77/239/60 79/240/60
o cube
v 0.09490642069575128 0.0625 0.5875091010022717
v 0.2824064206957513 0.06249999999999997 0.5875091010022717
v 0.2824064206957513 0.18749999999999997 0.5875091010022717
v 0.09490642069575128 0.1875 0.5875091010022717
v 0.09490642069575128 0.06250000000000003 0.4625091010022717
v 0.09490642069575128 0.18750000000000003 0.4625091010022717
v 0.2824064206957513 0.0625 0.4625091010022717
v 0.2824064206957513 0.1875 0.4625091010022717
vt 0 0.875
vt 0.1875 0.875
vt 0.1875 1
vt 0 1
vt 0 0.875
vt 0.125 0.875
vt 0.125 1
vt 0 1
vt 0 0.875
vt 0.1875 0.875
vt 0.1875 1
vt 0 1
vt 0 0.875
vt 0.125 0.875
vt 0.125 1
vt 0 1
vt 0.125 0.8125
vt 0.125 1
vt 0 1
vt 0 0.8125
vt 0 1
vt 0 0.8125
vt 0.125 0.8125
vt 0.125 1
vn -1.6434602192104412e-32 -1.1102230246251565e-16 1
vn -1 0 0
vn 2.465190328815662e-32 1.6653345369377348e-16 -1
vn 1 0 0
vn 1.4802973661668753e-16 1 2.220446049250313e-16
vn -1.4802973661668753e-16 -1 -2.220446049250313e-16
usemtl m_84c9ec05-2bff-4262-15b6-c20f83009e94
f 81/241/61 82/242/61 83/243/61 84/244/61
f 85/245/62 81/246/62 84/247/62 86/248/62
f 87/249/63 85/250/63 86/251/63 88/252/63
f 82/253/64 87/254/64 88/255/64 83/256/64
f 88/257/65 86/258/65 84/259/65 83/260/65
f 82/261/66 81/262/66 85/263/66 87/264/66
o cube
v 0.09615034243924053 0.1161881079209317 0.5250091019769816
v 0.2808378424392406 0.11618810986693096 0.5250091000309827
v 0.2808378424392405 0.1835842249487738 0.5924052151128255
v 0.09615034243924037 0.18358422300277455 0.5924052170588244
v 0.09615034101897357 0.18358422300277455 0.45761298689513874
v 0.0961503410189734 0.2509803380846174 0.5250091019769816
v 0.28083784101897363 0.1835842249487738 0.4576129849491398
v 0.2808378410189735 0.25098034003061664 0.5250091000309827
vt 0 0.9046875
vt 0.18468750000000006 0.9046875
vt 0.18468750000000006 1
vt 0 1
vt 0 0.9046875
vt 0.09531250000000002 0.9046875
vt 0.09531250000000002 1
vt 0 1
vt 0 0.9046875
vt 0.18468750000000006 0.9046875
vt 0.18468750000000006 1
vt 0 1
vt 0 0.9046875
vt 0.09531250000000002 0.9046875
vt 0.09531250000000002 1
vt 0 1
vt 0.09531250000000002 0.8153124999999999
vt 0.09531250000000002 1
vt 0 1
vt 0 0.8153124999999999
vt 0 1
vt 0 0.8153124999999999
vt 0.09531250000000002 0.8153124999999999
vt 0.09531250000000002 1
vn 1.4901161516916713e-8 -0.7071067811865475 0.7071067811865475
vn -1 -1.0536713610302612e-8 1.0536711139337432e-8
vn -1.490116157005013e-8 0.7071067811865475 -0.7071067811865475
vn 1 1.0536713198475083e-8 -1.0536711551164962e-8
vn -1.447885598867768e-15 0.7071067811865475 0.7071067811865478
vn 1.4346022439144427e-15 -0.7071067811865474 -0.7071067811865477
usemtl m_b8828825-d911-3a6d-7864-3804d61e8e89
f 89/265/67 90/266/67 91/267/67 92/268/67
f 93/269/68 89/270/68 92/271/68 94/272/68
f 95/273/69 93/274/69 94/275/69 96/276/69
f 90/277/70 95/278/70 96/279/70 91/280/70
f 96/281/71 94/282/71 92/283/71 91/284/71
f 90/285/72 89/286/72 93/287/72 95/288/72