# Made in Blockbench 4.8.1
mtllib elm_twig_branch_3.mtl

o cube
v -0.6248679325211468 0.8857823558013551 -0.21647470675092106
v -1.2825040824096448 0.5107749377183024 -0.19881987051510353
v -0.5345990392926728 0.7307214555218655 -0.1476493989545592
v -1.1922351891811707 0.3557140374388129 -0.1299945627187416
v -1.314841642690791 0.5764463493067822 -0.008451757399083715
v -0.6572054928022932 0.9514537673898347 -0.02610659363490131
v -1.2245727494623169 0.4213854490272926 0.06037355039727821
v -0.5669365995738191 0.7963928671103453 0.04271871416146067
vt 0.3333333333333334 0.9583333333333331
vt 0.3588279622395836 0.9583333333333331
vt 0.3588279622395836 0.9263050130208332
vt 0.3333333333333334 0.9263050130208332
vt 0.3385416666666669 0.3215
vt 0.3385416666666669 0.44770833333333304
vt 0.36256290690104187 0.44770833333333304
vt 0.36256290690104187 0.3215
vt 0.33333333333333315 0.8749999999999997
vt 0.35882796223958335 0.8749999999999997
vt 0.35882796223958335 0.8429716796874998
vt 0.33333333333333315 0.8429716796874998
vt 0.38802083333333326 0.41525
vt 0.38802083333333326 0.5414583333333332
vt 0.41204207356770817 0.5414583333333332
vt 0.41204207356770817 0.41525
vt 0.359375 0.78125
vt 0.38486962890625015 0.78125
vt 0.38486962890625015 0.655041666666667
vt 0.359375 0.655041666666667
vt 0.38541666666666663 0.6458333333333333
vt 0.41091129557291683 0.6458333333333333
vt 0.41091129557291683 0.5196250000000002
vt 0.38541666666666663 0.5196250000000002
vn -0.8684531527084836 -0.4952227376468184 0.023314409027160893
vn 0.15855084810245373 -0.32198650463774714 -0.9333736226169875
vn 0.8684531527084836 0.4952227376468184 -0.023314409027160893
vn -0.15855084810245373 0.32198650463774714 0.9333736226169875
vn -0.4697347657100634 0.8068947458923973 -0.3581481801357584
vn 0.4697347657100634 -0.8068947458923973 0.3581481801357584
usemtl m_3722afce-2475-6df4-1e92-dcadf5eef328
f 4/4/1 7/3/1 5/2/1 2/1/1
f 3/8/2 4/7/2 2/6/2 1/5/2
f 8/12/3 3/11/3 1/10/3 6/9/3
f 7/16/4 8/15/4 6/14/4 5/13/4
f 6/20/5 1/19/5 2/18/5 5/17/5
f 7/24/6 4/23/6 3/22/6 8/21/6
o cube
v -1.239754017568511 0.5561351221972868 -0.1433422663929208
v -1.7499592871482146 0.6444153740231824 -0.005122732124415386
v -1.2537893900630346 0.42470886962884336 -0.11120916965257144
v -1.763994659642738 0.5129891214547389 0.02701036461593409
v -1.7058459380083666 0.6747755788645609 0.13832049944198332
v -1.1956406684286631 0.5864953270386652 0.00010096517347790712
v -1.7198813105028903 0.5433493262961173 0.1704535961823328
v -1.2096760409231868 0.4550690744702218 0.03223406191382727
vt 0.3333333333333334 0.9583333333333331
vt 0.35247249895833366 0.9583333333333331
vt 0.35247249895833366 0.9356627531249999
vt 0.3333333333333334 0.9356627531249999
vt 0.3385416666666669 0.21276376666666863
vt 0.3385416666666669 0.3020833333333329
vt 0.35554460182291686 0.3020833333333329
vt 0.35554460182291686 0.21276376666666863
vt 0.33333333333333315 0.8749999999999997
vt 0.3524724989583333 0.8749999999999997
vt 0.3524724989583333 0.8523294197916663
vt 0.33333333333333315 0.8523294197916663
vt 0.39583333333333326 0.3690137666666681
vt 0.39583333333333326 0.45833333333333226
vt 0.4128362684895832 0.45833333333333226
vt 0.4128362684895832 0.3690137666666681
vt 0.359375 0.78125
vt 0.3785141656250002 0.78125
vt 0.3785141656250002 0.6919304333333358
vt 0.359375 0.6919304333333358
vt 0.38541666666666663 0.5416666666666667
vt 0.4045558322916668 0.5416666666666667
vt 0.4045558322916668 0.45234710000000244
vt 0.38541666666666663 0.45234710000000244
vn -0.9520222138331724 0.16472734758359767 0.25791201082202087
vn -0.2881091449085014 -0.1982858437786405 -0.9368435540564308
vn 0.9520222138331724 -0.16472734758359767 -0.25791201082202087
vn 0.2881091449085014 0.1982858437786405 0.9368435540564308
vn 0.10318345307401638 0.9662026832477052 -0.23623198322127575
vn -0.10318345307401638 -0.9662026832477052 0.23623198322127575
usemtl m_3722afce-2475-6df4-1e92-dcadf5eef328
f 12/28/7 15/27/7 13/26/7 10/25/7
f 11/32/8 12/31/8 10/30/8 9/29/8
f 16/36/9 11/35/9 9/34/9 14/33/9
f 15/40/10 16/39/10 14/38/10 13/37/10
f 14/44/11 9/43/11 10/42/11 13/41/11
f 15/48/12 12/47/12 11/46/12 16/45/12
o cube
v 0.10586935808416509 1.1366558561485696 0.12011675263395438
v 0.02531819826783166 1.1780457663557935 -0.5908672429247638
v 0.08648199621665853 0.9632184118515255 0.11221659482884871
v 0.00593083640032499 1.0046083220587494 -0.5987674007298694
v -0.16122563828872127 1.1978829093490637 -0.5685778804954101
v -0.08067447847238784 1.1564929991418398 0.14240611506330791
v -0.18061300015622783 1.0244454650520196 -0.5764780383005158
v -0.1000618403398944 0.9830555548447957 0.13450595725820225
vt 0.3333333333333334 0.9583333333333331
vt 0.35694772608333347 0.9583333333333331
vt 0.35694772608333347 0.9292172679999999
vt 0.3333333333333334 0.9292172679999999
vt 0.3385416666666669 0.18262857016666645
vt 0.3385416666666669 0.3020833333333329
vt 0.36037871566666685 0.3020833333333329
vt 0.36037871566666685 0.18262857016666645
vt 0.33333333333333315 0.8749999999999997
vt 0.35694772608333325 0.8749999999999997
vt 0.35694772608333325 0.8458839346666663
vt 0.33333333333333315 0.8458839346666663
vt 0.38802083333333326 0.3388785701666658
vt 0.38802083333333326 0.45833333333333226
vt 0.4098578823333332 0.45833333333333226
vt 0.4098578823333332 0.3388785701666658
vt 0.359375 0.78125
vt 0.3829893927500001 0.78125
vt 0.3829893927500001 0.6617952368333335
vt 0.359375 0.6617952368333335
vt 0.38541666666666685 0.5729166666666667
vt 0.40903105941666695 0.5729166666666667
vt 0.40903105941666695 0.45346190350000015
vt 0.38541666666666685 0.45346190350000015
vn -0.11238725812876155 0.05774837423808636 -0.9919849945856828
vn 0.9874477746021659 -0.10500557437195887 -0.11798610843673671
vn 0.11238725812876155 -0.05774837423808636 0.9919849945856828
vn -0.9874477746021659 0.10500557437195887 0.11798610843673671
vn 0.11097746006973422 0.9927935105668615 0.04522221503639122
vn -0.11097746006973422 -0.9927935105668615 -0.04522221503639122
usemtl m_3722afce-2475-6df4-1e92-dcadf5eef328
f 20/52/13 23/51/13 21/50/13 18/49/13
f 19/56/14 20/55/14 18/54/14 17/53/14
f 24/60/15 19/59/15 17/58/15 22/57/15
f 23/64/16 24/63/16 22/62/16 21/61/16
f 22/68/17 17/67/17 18/66/17 21/65/17
f 23/72/18 20/71/18 19/70/18 24/69/18
o cube
v -1.203969749295172 0.5526747638767093 -0.17359459989476433
v -1.5014891700585247 0.056104558135882776 -0.6041288337969115
v -1.1006765772950926 0.44550206670772086 -0.12136404118420707
v -1.3981959980584453 -0.0510681390331057 -0.5518982750863541
v -1.5942858161771152 0.018856408416720205 -0.4970406578959601
v -1.2967663954137625 0.5154266141575468 -0.06650642399381301
v -1.4909926441770358 -0.08831628875226816 -0.4448100991854028
v -1.1934732234136831 0.4082539169885584 -0.014275865283255751
vt 0.3333333333333334 0.9583333333333331
vt 0.3516476547470835 0.9583333333333331
vt 0.3516476547470835 0.9320424933233333
vt 0.3333333333333334 0.9320424933233333
vt 0.36867646334083337 0.36458333333333315
vt 0.36867646334083337 0.24434520138000237
vt 0.3489583333333335 0.24434520138000237
vt 0.3489583333333335 0.36458333333333315
vt 0.33333333333333315 0.8749999999999997
vt 0.35164765474708315 0.8749999999999997
vt 0.35164765474708315 0.8487091599899999
vt 0.33333333333333315 0.8487091599899999
vt 0.39583333333333326 0.3380952013800016
vt 0.39583333333333326 0.45833333333333226
vt 0.41555146334083315 0.45833333333333226
vt 0.41555146334083315 0.3380952013800016
vt 0.359375 0.78125
vt 0.37768932141375006 0.78125
vt 0.37768932141375006 0.6610118680466692
vt 0.359375 0.6610118680466692
vt 0.3749999999999999 0.5729166666666667
vt 0.3933143214137499 0.5729166666666667
vt 0.3933143214137499 0.45267853471333597
vt 0.3749999999999999 0.45267853471333597
vn -0.41240303156466207 -0.6883149264904381 -0.5967799439715944
vn 0.6333612096659543 0.25422829542565856 -0.7309046120359642
vn 0.41240303156466207 0.6883149264904381 0.5967799439715944
vn -0.6333612096659543 -0.25422829542565856 0.7309046120359642
vn -0.6548109022051752 0.6794045450064542 -0.33110745473005826
vn 0.6548109022051752 -0.6794045450064542 0.33110745473005826
usemtl m_3722afce-2475-6df4-1e92-dcadf5eef328
f 28/76/19 31/75/19 29/74/19 26/73/19
f 27/80/20 28/79/20 26/78/20 25/77/20
f 32/84/21 27/83/21 25/82/21 30/81/21
f 31/88/22 32/87/22 30/86/22 29/85/22
f 30/92/23 25/91/23 26/90/23 29/89/23
f 31/96/24 28/95/24 27/94/24 32/93/24
o cube
v -0.0035437187842210505 1.1804263048450725 -0.5845651265951217
v -0.4459428625551241 0.8710999195729285 -1.0197432280026608
v 0.04607826196922771 1.0278275691258223 -0.5265426906363176
v -0.3963208818016753 0.7185011838536783 -0.9617207920438569
v -0.5676007559706184 0.8769764371962583 -0.9002436811335204
v -0.12520161219971537 1.1863028224684022 -0.46506557972598117
v -0.5179787752171696 0.7243777014770081 -0.8422212451747163
v -0.07557963144626662 1.033704086749152 -0.4070431437671771
vt 0.3854166666666665 0.9270833333333331
vt 0.4067456808666664 0.9270833333333331
vt 0.4067456808666664 0.8986446477333334
vt 0.3854166666666665 0.8986446477333334
vt 0.3697916666666668 0.12401952279999995
vt 0.3697916666666668 0.23958333333333315
vt 0.3911206808666666 0.23958333333333315
vt 0.3911206808666666 0.12401952279999995
vt 0.33333333333333315 0.8749999999999997
vt 0.35466234753333303 0.8749999999999997
vt 0.35466234753333303 0.8465613143999999
vt 0.33333333333333315 0.8465613143999999
vt 0.36458333333333326 0.34276952279999906
vt 0.36458333333333326 0.45833333333333226
vt 0.38591234753333303 0.45833333333333226
vt 0.38591234753333303 0.34276952279999906
vt 0.359375 0.78125
vt 0.3807040141999999 0.78125
vt 0.3807040141999999 0.6656861894666668
vt 0.359375 0.6656861894666668
vt 0.34375 0.5833333333333333
vt 0.3650790141999999 0.5833333333333333
vt 0.3650790141999999 0.46776952280000017
vt 0.34375 0.46776952280000017
vn -0.6380301089778985 -0.4461119558746892 -0.6276158879946478
vn 0.7129835694392699 -0.034439693087936186 -0.7003344467107461
vn 0.6380301089778985 0.4461119558746892 0.6276158879946478
vn -0.7129835694392699 0.034439693087936186 0.7003344467107461
vn -0.29081267122890103 0.8943142794150545 -0.3400440558031313
vn 0.29081267122890103 -0.8943142794150545 0.3400440558031313
usemtl m_3722afce-2475-6df4-1e92-dcadf5eef328
f 36/100/25 39/99/25 37/98/25 34/97/25
f 35/104/26 36/103/26 34/102/26 33/101/26
f 40/108/27 35/107/27 33/106/27 38/105/27
f 39/112/28 40/111/28 38/110/28 37/109/28
f 38/116/29 33/115/29 34/114/29 37/113/29
f 39/120/30 36/119/30 35/118/30 40/117/30
o cube
v -0.8315883857016515 0.4349592933376524 -1.1729730293385048
v -0.5244644641704731 0.8996391521332461 -0.9420386766291536
v -0.8058528945195811 0.36052987077348075 -1.057434270033303
v -0.4987289729884027 0.8252097295690746 -0.8264999173239519
v -0.4024047037076583 0.8487645769774286 -1.0019997942902945
v -0.7095286252388366 0.38408471818183476 -1.232934146999646
v -0.3766692125255879 0.7743351544132571 -0.8864610349850929
v -0.6837931340567662 0.30965529561766325 -1.1173953876944442
vt 0.3514829472895834 0.9583333333333331
vt 0.3333333333333334 0.9583333333333331
vt 0.3333333333333334 0.93502903035
vt 0.3514829472895834 0.93502903035
vt 0.38802083333333326 0.45833333333333226
vt 0.38802083333333326 0.3578369058666654
vt 0.4054990605708332 0.3578369058666654
vt 0.4054990605708332 0.45833333333333226
vt 0.39054544728958307 0.8333333333333329
vt 0.37239583333333304 0.8333333333333329
vt 0.37239583333333304 0.8100290303499997
vt 0.39054544728958307 0.8100290303499997
vt 0.3385416666666669 0.3020833333333329
vt 0.3385416666666669 0.20158690586666594
vt 0.35601989390416683 0.20158690586666594
vt 0.35601989390416683 0.3020833333333329
vt 0.37752461395625 0.78125
vt 0.359375 0.78125
vt 0.359375 0.6807535725333331
vt 0.37752461395625 0.6807535725333331
vt 0.36189961395625003 0.625
vt 0.34375 0.625
vt 0.34375 0.5245035725333331
vt 0.36189961395625003 0.5245035725333331
vn 0.5093446756818738 0.7706407589293344 0.38298932365190896
vn -0.840649839419742 0.350383314477458 0.41296413938664533
vn -0.5093446756818738 -0.7706407589293344 -0.38298932365190896
vn 0.840649839419742 -0.350383314477458 -0.41296413938664533
vn -0.18405392915688792 0.5323009990715878 -0.8263049059211138
vn 0.18405392915688792 -0.5323009990715878 0.8263049059211138
usemtl m_3722afce-2475-6df4-1e92-dcadf5eef328
f 44/124/31 47/123/31 45/122/31 42/121/31
f 43/128/32 44/127/32 42/126/32 41/125/32
f 48/132/33 43/131/33 41/130/33 46/129/33
f 47/136/34 48/135/34 46/134/34 45/133/34
f 46/140/35 41/139/35 42/138/35 45/137/35
f 47/144/36 44/143/36 43/142/36 48/141/36
o cube
v -1.4364213785003166 0.014002288471611446 -0.5662059019118255
v -1.7794292219488017 -0.12391237577126929 -0.8181061826402762
v -1.452113788659563 -0.0819876594145652 -0.4922836293887577
v -1.7951216321080479 -0.21990232365744594 -0.7441839101172083
v -1.8568832797314996 -0.057873162446281434 -0.748794733906246
v -1.5138754362830145 0.08004150179659941 -0.4968944531777953
v -1.8725756898907457 -0.1538631103324581 -0.674872461383178
v -1.5295678464422606 -0.015948446089577295 -0.4229721806547274
vt 0.3773721366982664 0.8437499999999998
vt 0.3619791666666665 0.8437499999999998
vt 0.3619791666666665 0.8233888003745332
vt 0.3773721366982664 0.8233888003745332
vt 0.38802083333333326 0.45833333333333226
vt 0.38802083333333326 0.3837737772144001
vt 0.40329173305243327 0.3837737772144001
vt 0.40329173305243327 0.45833333333333226
vt 0.34872630336493304 0.8749999999999997
vt 0.33333333333333315 0.8749999999999997
vt 0.33333333333333315 0.854638800374533
vt 0.34872630336493304 0.854638800374533
vt 0.3329792330524334 0.1337737772144011
vt 0.3329792330524334 0.20833333333333337
vt 0.3177083333333334 0.20833333333333337
vt 0.3177083333333334 0.1337737772144011
vt 0.3747679700315999 0.78125
vt 0.359375 0.78125
vt 0.359375 0.7066904438810678
vt 0.3747679700315999 0.7066904438810678
vt 0.3903929700315998 0.5729166666666667
vt 0.3749999999999999 0.5729166666666667
vt 0.3749999999999999 0.49835711054773446
vt 0.3903929700315998 0.49835711054773446
vn -0.7667424121582818 -0.3082874760835238 -0.5630851671707847
vn 0.6289726545924382 -0.5362773817318673 -0.5628498641891587
vn 0.7667424121582818 0.3082874760835238 0.5630851671707847
vn -0.6289726545924382 0.5362773817318673 0.5628498641891587
vn 0.12845027509756946 0.7857260349083921 -0.6050910054648765
vn -0.12845027509756946 -0.7857260349083921 0.6050910054648765
usemtl m_3722afce-2475-6df4-1e92-dcadf5eef328
f 52/148/37 55/147/37 53/146/37 50/145/37
f 51/152/38 52/151/38 50/150/38 49/149/38
f 56/156/39 51/155/39 49/154/39 54/153/39
f 55/160/40 56/159/40 54/158/40 53/157/40
f 54/164/41 49/163/41 50/162/41 53/161/41
f 55/168/42 52/167/42 51/166/42 56/165/42
o cube
v 0.6262915666928599 1.1092566673139221 0.47595363763708154
v -0.09817569559173689 1.2266995696557628 -0.03583920430912224
v 0.598983302376203 0.8789290355907433 0.46175570152639267
v -0.12548395990839378 0.9963719379325839 -0.05003714041981111
v -0.23178562019911209 1.2308238885147038 0.15423846051597356
v 0.4926816420854847 1.1133809861728632 0.6660313024621773
v -0.259093884515769 1.000496256791525 0.1400405244052847
v 0.4653733777688278 0.8830533544496844 0.6518333663514884
vt 0.3333333333333334 0.9583333333333331
vt 0.3623802083333335 0.9583333333333331
vt 0.3623802083333335 0.9196041666666666
vt 0.3333333333333334 0.9196041666666666
vt 0.3385416666666669 0.2985833333333344
vt 0.3385416666666669 0.44770833333333304
vt 0.3675885416666669 0.44770833333333304
vt 0.3675885416666669 0.2985833333333344
vt 0.33333333333333315 0.8749999999999997
vt 0.3623802083333332 0.8749999999999997
vt 0.3623802083333332 0.836270833333333
vt 0.33333333333333315 0.836270833333333
vt 0.38020833333333326 0.40275000000000116
vt 0.38020833333333326 0.5518749999999999
vt 0.4092552083333333 0.5518749999999999
vt 0.4092552083333333 0.40275000000000116
vt 0.359375 0.78125
vt 0.388421875 0.78125
vt 0.388421875 0.6321250000000014
vt 0.359375 0.6321250000000014
vt 0.38541666666666663 0.6458333333333333
vt 0.41446354166666666 0.6458333333333333
vt 0.41446354166666666 0.49670833333333464
vt 0.38541666666666663 0.49670833333333464
vn -0.8096867977475309 0.13125778412052716 -0.57199535283175
vn 0.574975468993545 -0.01774854807505608 -0.8179781165146661
vn 0.8096867977475309 -0.13125778412052716 0.57199535283175
vn -0.574975468993545 0.01774854807505608 0.8179781165146661
vn 0.1175180820512404 0.9911893780448803 0.061099240928193306
vn -0.1175180820512404 -0.9911893780448803 -0.061099240928193306
usemtl m_3722afce-2475-6df4-1e92-dcadf5eef328
f 60/172/43 63/171/43 61/170/43 58/169/43
f 59/176/44 60/175/44 58/174/44 57/173/44
f 64/180/45 59/179/45 57/178/45 62/177/45
f 63/184/46 64/183/46 62/182/46 61/181/46
f 62/188/47 57/187/47 58/186/47 61/185/47
f 63/192/48 60/191/48 59/190/48 64/189/48
o cube
v -0.10346101605005675 1.2171749924905835 -0.01674731486423875
v -0.6428376307185464 0.9043385077175676 -0.22455434998004797
v -0.017147414724048682 1.0336543745760876 0.035495415525637286
v -0.5565240293925382 0.7208178898030717 -0.17231161959017194
v -0.7216704074412907 0.9191585425200615 -0.04224912330332692
v -0.18229379277280133 1.231995027293077 0.16555791181248236
v -0.6353568061152828 0.7356379246055655 0.009993607086549172
v -0.0959801914467932 1.0484744093785812 0.2178006422023584
vt 0.3333333333333334 0.9583333333333331
vt 0.3582298177083335 0.9583333333333331
vt 0.3582298177083335 0.9234290364583332
vt 0.3333333333333334 0.9234290364583332
vt 0.3385416666666669 0.3381666666666664
vt 0.3385416666666669 0.44770833333333304
vt 0.3647198893229169 0.44770833333333304
vt 0.3647198893229169 0.3381666666666664
vt 0.33333333333333315 0.8749999999999997
vt 0.3582298177083333 0.8749999999999997
vt 0.3582298177083333 0.8400957031249997
vt 0.33333333333333315 0.8400957031249997
vt 0.38020833333333326 0.4319166666666664
vt 0.38020833333333326 0.5414583333333332
vt 0.4063865559895832 0.5414583333333332
vt 0.4063865559895832 0.4319166666666664
vt 0.359375 0.78125
vt 0.3842714843750001 0.78125
vt 0.3842714843750001 0.6717083333333334
vt 0.359375 0.6717083333333334
vt 0.38541666666666663 0.6458333333333333
vt 0.41031315104166677 0.6458333333333333
vt 0.41031315104166677 0.5362916666666666
vt 0.38541666666666663 0.5362916666666666
vn -0.8206566978600062 -0.47597791521189103 -0.3161765463914934
vn 0.39580275439363255 -0.0744082707585785 -0.9153161141688329
vn 0.8206566978600062 0.47597791521189103 0.3161765463914934
vn -0.39580275439363255 0.0744082707585785 0.9153161141688329
vn -0.41214410571051996 0.8763038476882662 -0.2494570156456137
vn 0.41214410571051996 -0.8763038476882662 0.2494570156456137
usemtl m_3722afce-2475-6df4-1e92-dcadf5eef328
f 68/196/49 71/195/49 69/194/49 66/193/49
f 67/200/50 68/199/50 66/198/50 65/197/50
f 72/204/51 67/203/51 65/202/51 70/201/51
f 71/208/52 72/207/52 70/206/52 69/205/52
f 70/212/53 65/211/53 66/210/53 69/209/53
f 71/216/54 68/215/54 67/214/54 72/213/54
o cube
v -0.6583135030268121 0.9010314653336384 -0.01816095779005855
v -0.901470037095486 0.5855227037386497 0.47843247962290936
v -0.662822971635728 0.7823925666854528 -0.0957457904604867
v -0.9059795057044019 0.4668838050904641 0.4008476469524812
v -0.77437021755563 0.553357379078919 0.5202306756653425
v -0.5312136834869561 0.8688661406739075 0.023637238252374515
v -0.7788796861645458 0.43471848043073347 0.4426458429949143
v -0.535723152095872 0.7502272420257221 -0.05394759441805369
vt 0.3541666666666665 0.8749999999999998
vt 0.3713677119791666 0.8749999999999998
vt 0.3713677119791666 0.8513621479166665
vt 0.3541666666666665 0.8513621479166665
vt 0.3385416666666669 0.1959811916666664
vt 0.3385416666666669 0.3020833333333329
vt 0.35627005572916687 0.3020833333333329
vt 0.35627005572916687 0.1959811916666664
vt 0.33333333333333315 0.8749999999999997
vt 0.35053437864583326 0.8749999999999997
vt 0.35053437864583326 0.8513621479166663
vt 0.33333333333333315 0.8513621479166663
vt 0.37239583333333326 0.36264785833333246
vt 0.37239583333333326 0.468749999999999
vt 0.3901242223958332 0.468749999999999
vt 0.3901242223958332 0.36264785833333246
vt 0.359375 0.6145833333333335
vt 0.37657604531250005 0.6145833333333335
vt 0.37657604531250005 0.5084811916666669
vt 0.359375 0.5084811916666669
vt 0.3333333333333335 0.6041666666666667
vt 0.3505343786458336 0.6041666666666667
vt 0.3505343786458336 0.4980645250000002
vt 0.3333333333333335 0.4980645250000002
vn -0.38195354377259955 -0.49560539281447 0.7800556294347013
vn -0.9236344160396188 0.23374542124742317 -0.30374749966545744
vn 0.38195354377259955 0.49560539281447 -0.7800556294347013
vn 0.9236344160396188 -0.23374542124742317 0.30374749966545744
vn 0.03179553281052588 0.8365036596806256 0.5470380895643513
vn -0.03179553281052588 -0.8365036596806256 -0.5470380895643513
usemtl m_3722afce-2475-6df4-1e92-dcadf5eef328
f 76/220/55 79/219/55 77/218/55 74/217/55
f 75/224/56 76/223/56 74/222/56 73/221/56
f 80/228/57 75/227/57 73/226/57 78/225/57
f 79/232/58 80/231/58 78/230/58 77/229/58
f 78/236/59 73/235/59 74/234/59 77/233/59
f 79/240/60 76/239/60 75/238/60 80/237/60
o cube
v 0.024072511347187686 1.1768627433243304 -0.5416049278006273
v 0.21660574303054647 1.0024136825964123 -0.8470545634342448
v 0.041291413300784896 1.0620995721188518 -0.4652075923979797
v 0.23382464498414357 0.8876505113909336 -0.7706572280315973
v 0.09242498217204553 0.9511607937068542 -0.8960574206272505
v -0.10010824951131325 1.1256098544347724 -0.590607784993633
v 0.10964388412564263 0.8363976225013756 -0.819660085224603
v -0.0828893475577161 1.0108466832292937 -0.5142104495909854
vt 0.3333333333333334 0.9583333333333331
vt 0.35120833333333334 0.9583333333333331
vt 0.35120833333333334 0.935177083333333
vt 0.3333333333333334 0.935177083333333
vt 0.3385416666666669 0.38087499999999963
vt 0.3385416666666669 0.44770833333333304
vt 0.355908854166667 0.44770833333333304
vt 0.355908854166667 0.38087499999999963
vt 0.33333333333333315 0.8749999999999997
vt 0.351208333333333 0.8749999999999997
vt 0.351208333333333 0.8518437499999995
vt 0.33333333333333315 0.8518437499999995
vt 0.38802083333333326 0.47462499999999974
vt 0.38802083333333326 0.5414583333333332
vt 0.40538802083333336 0.5414583333333332
vt 0.40538802083333336 0.47462499999999974
vt 0.40104166666666663 0.3437500000000001
vt 0.4189166666666665 0.3437500000000001
vt 0.4189166666666665 0.2769166666666667
vt 0.40104166666666663 0.2769166666666667
vt 0.38541666666666663 0.6458333333333333
vt 0.4032916666666665 0.6458333333333333
vt 0.4032916666666665 0.579
vt 0.38541666666666663 0.579
vn 0.480132747340046 -0.43503506415939625 -0.7617197896100177
vn 0.8683969290804329 0.3584118104164922 0.34267732302801446
vn -0.480132747340046 0.43503506415939625 0.7617197896100177
vn -0.8683969290804329 -0.3584118104164922 -0.34267732302801446
vn -0.1239327176147336 0.8260057306737058 -0.5498683609727189
vn 0.1239327176147336 -0.8260057306737058 0.5498683609727189
usemtl m_3722afce-2475-6df4-1e92-dcadf5eef328
f 84/244/61 87/243/61 85/242/61 82/241/61
f 83/248/62 84/247/62 82/246/62 81/245/62
f 88/252/63 83/251/63 81/250/63 86/249/63
f 87/256/64 88/255/64 86/254/64 85/253/64
f 86/260/65 81/259/65 82/258/65 85/257/65
f 87/264/66 84/263/66 83/262/66 88/261/66