# Made in Blockbench 4.8.1
mtllib elm_twig_branch_up.mtl

o cube
v 0.40820018948971204 0.5493152365000971 0.13130797454272547
v 0.5304638719329791 0.840376569430205 -0.5569960679620101
v 0.3862437171612534 0.3828349648793896 0.05700876116206488
v 0.5085073996045204 0.6738962978094976 -0.6312952813426707
v 0.3426238324298364 0.8737439910567677 -0.5762521639695873
v 0.2203601499865694 0.5826826581266598 0.11205187853514831
v 0.32066736010137764 0.7072637194360603 -0.6505513773502479
v 0.19840367765811062 0.4162023865059523 0.03775266515448772
vt 0.37239583333333337 0.8964791666666666
vt 0.39636458333333335 0.8964791666666666
vt 0.39636458333333335 0.9270833333333331
vt 0.37239583333333337 0.9270833333333331
vt 0.35368229166666687 0.3006666666666664
vt 0.35368229166666687 0.4268749999999998
vt 0.3307291666666669 0.4268749999999998
vt 0.3307291666666669 0.3006666666666664
vt 0.35677083333333315 0.813145833333333
vt 0.38073958333333313 0.813145833333333
vt 0.38073958333333313 0.8437499999999997
vt 0.35677083333333315 0.8437499999999997
vt 0.42659895833333317 0.3944166666666665
vt 0.42659895833333317 0.5206249999999999
vt 0.40364583333333326 0.5206249999999999
vt 0.40364583333333326 0.3944166666666665
vt 0.3619791666666667 0.5925416666666667
vt 0.3859479166666667 0.5925416666666667
vt 0.3859479166666667 0.71875
vt 0.3619791666666667 0.71875
vt 0.3854166666666663 0.613375
vt 0.4093854166666663 0.613375
vt 0.4093854166666663 0.7395833333333334
vt 0.3854166666666663 0.7395833333333334
vn 0.16145748754475675 0.38436623694963096 -0.9089521855460359
vn 0.9796090717243421 -0.1740152366443946 0.10042292572400127
vn -0.16145748754475675 -0.38436623694963096 0.9089521855460359
vn -0.9796090717243421 0.1740152366443946 -0.10042292572400127
vn 0.11957234760222643 0.9066318400038549 0.40462471548351664
vn -0.11957234760222643 -0.9066318400038549 -0.40462471548351664
usemtl m_3722afce-2475-6df4-1e92-dcadf5eef328
f 4/4/1 7/3/1 5/2/1 2/1/1
f 3/8/2 4/7/2 2/6/2 1/5/2
f 8/12/3 3/11/3 1/10/3 6/9/3
f 7/16/4 8/15/4 6/14/4 5/13/4
f 6/20/5 1/19/5 2/18/5 5/17/5
f 7/24/6 4/23/6 3/22/6 8/21/6
o cube
v 0.48093685453460777 0.12363820781641888 1.0978851789966821
v 1.0531419280832428 0.39513819480070045 0.908991239190549
v 0.5195499289300163 -0.04498742590436611 0.9724853895150471
v 1.0917550024786515 0.22651256107991546 0.783591449708914
v 0.9534344585599388 0.492670231349817 0.7471375910021902
v 0.38122938501130355 0.22117024436553534 0.9360315308083234
v 0.9920475329553473 0.3240445976290319 0.6217378015205552
v 0.41984245940671217 0.052544610644750356 0.8106317413266884
vt 0.3991033583333333 0.8914732999999998
vt 0.37239583333333337 0.8914732999999998
vt 0.37239583333333337 0.9270833333333331
vt 0.3991033583333333 0.9270833333333331
vt 0.4303533583333332 0.437499999999999
vt 0.4303533583333332 0.32734710000000067
vt 0.40364583333333326 0.32734710000000067
vt 0.40364583333333326 0.437499999999999
vt 0.3678533583333331 0.7768899666666663
vt 0.34114583333333315 0.7768899666666663
vt 0.34114583333333315 0.8124999999999997
vt 0.3678533583333331 0.8124999999999997
vt 0.3574366916666669 0.28124999999999967
vt 0.3574366916666669 0.17109710000000133
vt 0.3307291666666669 0.17109710000000133
vt 0.3307291666666669 0.28124999999999967
vt 0.40952002499999984 0.48359710000000156
vt 0.38281249999999983 0.48359710000000156
vt 0.38281249999999983 0.5937499999999998
vt 0.40952002499999984 0.5937499999999998
vt 0.41212419166666636 0.5773471000000014
vt 0.3854166666666664 0.5773471000000014
vt 0.3854166666666664 0.6875
vt 0.41212419166666636 0.6875
vn 0.8657739583624877 0.4107926149081349 -0.28580566921999034
vn 0.46666374703058533 -0.45648200530148625 0.7575283004900264
vn -0.8657739583624877 -0.4107926149081349 0.28580566921999034
vn -0.46666374703058533 0.45648200530148625 -0.7575283004900264
vn -0.18072188641313872 0.7892234198076429 0.5869122535766365
vn 0.18072188641313872 -0.7892234198076429 -0.5869122535766365
usemtl m_3722afce-2475-6df4-1e92-dcadf5eef328
f 12/28/7 15/27/7 13/26/7 10/25/7
f 11/32/8 12/31/8 10/30/8 9/29/8
f 16/36/9 11/35/9 9/34/9 14/33/9
f 15/40/10 16/39/10 14/38/10 13/37/10
f 14/44/11 9/43/11 10/42/11 13/41/11
f 15/48/12 12/47/12 11/46/12 16/45/12
o cube
v 0.5161581379366584 0.11528116571368241 1.3523973379876217
v 0.06030610544179327 0.07941267086877679 0.9768243267724657
v 0.5624529071288467 -0.048209442845590644 1.3118209330682848
v 0.10660087463398149 -0.08407793769049621 0.9362479218531288
v -0.049248218106485275 0.01383440070167996 1.1160589185614693
v 0.4066038143883799 0.04970289554658558 1.4916319297766254
v -0.002953448914297052 -0.14965620785759304 1.0754825136421324
v 0.4528985835805681 -0.11378771301268753 1.4510555248572885
vt 0.39601022608333336 0.8979672679999999
vt 0.37239583333333337 0.8979672679999999
vt 0.37239583333333337 0.9270833333333331
vt 0.39601022608333336 0.9270833333333331
vt 0.4254828823333332 0.437499999999999
vt 0.4254828823333332 0.3388785701666658
vt 0.40364583333333326 0.3388785701666658
vt 0.40364583333333326 0.437499999999999
vt 0.40382272608333314 0.7625506013333331
vt 0.38020833333333315 0.7625506013333331
vt 0.38020833333333315 0.7916666666666663
vt 0.40382272608333314 0.7916666666666663
vt 0.3525662156666668 0.28124999999999967
vt 0.3525662156666668 0.18262857016666645
vt 0.3307291666666669 0.18262857016666645
vt 0.3307291666666669 0.28124999999999967
vt 0.3439268927500002 0.45346190349999993
vt 0.3203125000000002 0.45346190349999993
vt 0.3203125000000002 0.5520833333333333
vt 0.3439268927500002 0.5520833333333333
vt 0.3934060594166663 0.5784619035
vt 0.3697916666666663 0.5784619035
vt 0.3697916666666663 0.6770833333333333
vt 0.3934060594166663 0.6770833333333333
vn -0.7703735271080524 -0.060616465247499196 -0.634704870685579
vn 0.5799128772233542 0.34713083066203804 -0.7370218729687842
vn 0.7703735271080524 0.060616465247499196 0.634704870685579
vn -0.5799128772233542 -0.34713083066203804 0.7370218729687842
vn -0.2650012897357856 0.9358556675816962 0.23226813361627557
vn 0.2650012897357856 -0.9358556675816962 -0.23226813361627557
usemtl m_3722afce-2475-6df4-1e92-dcadf5eef328
f 20/52/13 23/51/13 21/50/13 18/49/13
f 19/56/14 20/55/14 18/54/14 17/53/14
f 24/60/15 19/59/15 17/58/15 22/57/15
f 23/64/16 24/63/16 22/62/16 21/61/16
f 22/68/17 17/67/17 18/66/17 21/65/17
f 23/72/18 20/71/18 19/70/18 24/69/18
o cube
v 1.0374240830767214 0.3570453080257905 0.9054187813753749
v 1.4702622476525424 0.7750665360717461 0.5074629072986752
v 1.06936153554896 0.222677873146504 0.7990132862270567
v 1.5021997001247813 0.6406991011924594 0.40105741215035695
v 1.334487148471878 0.8212896183622429 0.40834032192954084
v 0.9016489838960569 0.40326839031628725 0.8062961960062407
v 1.3664246009441166 0.6869221834829562 0.30193482678122263
v 0.9335864363682957 0.26890095543700065 0.6998907008579223
vt 0.39418915865333337 0.8980255662399999
vt 0.37239583333333337 0.8980255662399999
vt 0.37239583333333337 0.9270833333333331
vt 0.39418915865333337 0.9270833333333331
vt 0.42543915865333326 0.437499999999999
vt 0.42543915865333326 0.31726186804666734
vt 0.40364583333333326 0.31726186804666734
vt 0.40364583333333326 0.437499999999999
vt 0.35512665865333315 0.8146922329066663
vt 0.33333333333333315 0.8146922329066663
vt 0.33333333333333315 0.8437499999999997
vt 0.35512665865333315 0.8437499999999997
vt 0.3411458333333335 0.22351186804666812
vt 0.3411458333333335 0.34374999999999967
vt 0.3629391586533335 0.34374999999999967
vt 0.3629391586533335 0.22351186804666812
vt 0.37335582531999995 0.5255952013800016
vt 0.35156249999999994 0.5255952013800016
vt 0.35156249999999994 0.6458333333333333
vt 0.37335582531999995 0.6458333333333333
vt 0.39679332532 0.5360118680466683
vt 0.375 0.5360118680466683
vt 0.375 0.65625
vt 0.39679332532 0.65625
vn 0.5999735102668591 0.579435188675147 -0.5516218352304956
vn 0.7787653856572195 -0.2651217839165487 0.5685375218884582
vn -0.5999735102668591 -0.579435188675147 0.5516218352304956
vn -0.7787653856572195 0.2651217839165487 -0.5685375218884582
vn -0.1831836812607098 0.7706914439760596 0.610310115516588
vn 0.1831836812607098 -0.7706914439760596 -0.610310115516588
usemtl m_3722afce-2475-6df4-1e92-dcadf5eef328
f 28/76/19 31/75/19 29/74/19 26/73/19
f 27/80/20 28/79/20 26/78/20 25/77/20
f 32/84/21 27/83/21 25/82/21 30/81/21
f 31/88/22 32/87/22 30/86/22 29/85/22
f 30/92/23 25/91/23 26/90/23 29/89/23
f 31/96/24 28/95/24 27/94/24 32/93/24
o cube
v 0.14617065407827912 0.06529218785483626 1.0370173128701894
v -0.30655166690750113 0.2767569732801889 0.9580070864074828
v 0.1043133876670298 -0.06323000292889769 0.9328763799171451
v -0.34840893331875045 0.14823478249645494 0.8538661534544381
v -0.3701567221107579 0.19009704473358346 1.0905203760372069
v 0.08256559887502235 -0.021367740691769166 1.169530602499914
v -0.4120139885220072 0.06157485394984952 0.9863794430841626
v 0.040708332463773034 -0.1498899314755031 1.0653896695468692
vt 0.41455818086666696 0.6382279810666664
vt 0.39322916666666696 0.6382279810666664
vt 0.39322916666666696 0.6666666666666665
vt 0.41455818086666696 0.6666666666666665
vt 0.42497484753333326 0.437499999999999
vt 0.42497484753333326 0.3531861894666656
vt 0.40364583333333326 0.3531861894666656
vt 0.40364583333333326 0.437499999999999
vt 0.37028734753333314 0.8153113143999996
vt 0.34895833333333315 0.8153113143999996
vt 0.34895833333333315 0.8437499999999997
vt 0.37028734753333314 0.8437499999999997
vt 0.38330818086666674 0.2187499999999999
vt 0.38330818086666674 0.13443618946666636
vt 0.36197916666666674 0.13443618946666636
vt 0.36197916666666674 0.2187499999999999
vt 0.38330818086666674 0.4886028561333331
vt 0.3619791666666668 0.4886028561333331
vt 0.3619791666666668 0.5729166666666665
vt 0.38330818086666674 0.5729166666666665
vt 0.37809984753333314 0.6136028561333333
vt 0.35677083333333315 0.6136028561333333
vt 0.35677083333333315 0.6979166666666667
vt 0.37809984753333314 0.6979166666666667
vn -0.8949153132447514 0.41801136351549073 -0.15618284826436246
vn 0.3727613393593736 0.5078758430535283 -0.7766022868377828
vn 0.8949153132447514 -0.41801136351549073 0.15618284826436246
vn -0.3727613393593736 -0.5078758430535283 0.7766022868377828
vn 0.2453070850975455 0.7532122064960103 0.6103243449071627
vn -0.2453070850975455 -0.7532122064960103 -0.6103243449071627
usemtl m_3722afce-2475-6df4-1e92-dcadf5eef328
f 36/100/25 39/99/25 37/98/25 34/97/25
f 35/104/26 36/103/26 34/102/26 33/101/26
f 40/108/27 35/107/27 33/106/27 38/105/27
f 39/112/28 40/111/28 38/110/28 37/109/28
f 38/116/29 33/115/29 34/114/29 37/113/29
f 39/120/30 36/119/30 35/118/30 40/117/30
o cube
v 0.02498794236008617 0.774509581327028 0.17499824049911283
v 0.3408949859648359 0.5062611436838564 0.14553719314549685
v -0.06959514345665929 0.676688025014593 0.051479774808800616
v 0.24631190014809046 0.4084395873714217 0.02201872745518474
v 0.4137067084019376 0.6068845539843237 0.010092699925063453
v 0.09779966479718782 0.875132991627495 0.03955374727867944
v 0.3191236225851921 0.5090629976718888 -0.11342576576524865
v 0.003216578980442475 0.7773114353150603 -0.08396471841163272
vt 0.37239583333333337 0.8964548116
vt 0.3953672246333333 0.8964548116
vt 0.3953672246333333 0.9270833333333331
vt 0.37239583333333337 0.9270833333333331
vt 0.3537005579666668 0.21200357253333302
vt 0.3537005579666668 0.28124999999999967
vt 0.3307291666666669 0.28124999999999967
vt 0.3307291666666669 0.21200357253333302
vt 0.35416666666666663 0.7714548115999998
vt 0.37713805796666655 0.7714548115999998
vt 0.37713805796666655 0.802083333333333
vt 0.35416666666666663 0.802083333333333
vt 0.4266172246333332 0.36825357253333235
vt 0.4266172246333332 0.437499999999999
vt 0.40364583333333326 0.437499999999999
vt 0.40364583333333326 0.36825357253333235
vt 0.3203125000000001 0.6286702392000001
vt 0.3432838913000001 0.6286702392000001
vt 0.3432838913000001 0.6979166666666667
vt 0.3203125000000001 0.6979166666666667
vt 0.3593750000000002 0.5453369058666666
vt 0.38234639130000025 0.5453369058666666
vt 0.38234639130000025 0.6145833333333333
vt 0.3593750000000002 0.6145833333333333
vn 0.760344986165096 -0.6456372491136789 -0.07090870588666266
vn -0.39620870959773874 -0.5475474307713531 0.7370281334485035
vn -0.760344986165096 0.6456372491136789 0.07090870588666266
vn 0.39620870959773874 0.5475474307713531 -0.7370281334485035
vn 0.514678696326645 0.5323009990715886 0.6721320450141429
vn -0.514678696326645 -0.5323009990715886 -0.6721320450141429
usemtl m_3722afce-2475-6df4-1e92-dcadf5eef328
f 44/124/31 47/123/31 45/122/31 42/121/31
f 43/128/32 44/127/32 42/126/32 41/125/32
f 48/132/33 43/131/33 41/130/33 46/129/33
f 47/136/34 48/135/34 46/134/34 45/133/34
f 46/140/35 41/139/35 42/138/35 45/137/35
f 47/144/36 44/143/36 43/142/36 48/141/36
o cube
v 1.2197310168524598 0.5338466415507366 0.725617396148531
v 1.026676711221225 1.0540770639963664 0.41717910310053785
v 1.23080007960593 0.4563722344534862 0.5880162139562046
v 1.0377457739746951 0.976602656899116 0.27957792090821143
v 0.8762800953213792 1.006856024292099 0.43166787741580737
v 1.0693344009526138 0.4866256018464692 0.7401061704638008
v 0.8873491580748492 0.9293816171948484 0.29406669522348095
v 1.0804034637060842 0.4091511947492187 0.6025049882714741
vt 0.3921833346149337 0.7340333316245331
vt 0.37239583333333365 0.7340333316245331
vt 0.37239583333333365 0.7604166666666665
vt 0.3921833346149337 0.7604166666666665
vt 0.42343333461493327 0.437499999999999
vt 0.42343333461493327 0.3316904438810667
vt 0.40364583333333326 0.3316904438810667
vt 0.40364583333333326 0.437499999999999
vt 0.37655833461493315 0.8381999982911996
vt 0.35677083333333315 0.8381999982911996
vt 0.35677083333333315 0.8645833333333329
vt 0.37655833461493315 0.8645833333333329
vt 0.3671875000000002 0.2066904438810674
vt 0.3671875000000002 0.31249999999999956
vt 0.38697500128160023 0.31249999999999956
vt 0.38697500128160023 0.2066904438810674
vt 0.37135000128159995 0.540023777214401
vt 0.35156249999999994 0.540023777214401
vt 0.35156249999999994 0.6458333333333333
vt 0.37135000128159995 0.6458333333333333
vt 0.40520416794826675 0.5296071105477345
vt 0.38541666666666674 0.5296071105477345
vt 0.38541666666666674 0.6354166666666667
vt 0.40520416794826675 0.6354166666666667
vn -0.3040908476077493 0.8194446096167972 -0.4858387470871126
vn 0.9500733174916876 0.29830092637932865 -0.09152731128779744
vn 0.3040908476077493 -0.8194446096167972 0.4858387470871126
vn -0.9500733174916876 -0.29830092637932865 0.09152731128779744
vn -0.06992458645955388 0.48941504787982293 0.8692430403041783
vn 0.06992458645955388 -0.48941504787982293 -0.8692430403041783
usemtl m_3722afce-2475-6df4-1e92-dcadf5eef328
f 52/148/37 55/147/37 53/146/37 50/145/37
f 51/152/38 52/151/38 50/150/38 49/149/38
f 56/156/39 51/155/39 49/154/39 54/153/39
f 55/160/40 56/159/40 54/158/40 53/157/40
f 54/164/41 49/163/41 50/162/41 53/161/41
f 55/168/42 52/167/42 51/166/42 56/165/42
o cube
v 0.6235119691767859 0.10455124219600809 1.508296942937938
v 0.5292774424236433 0.2776770266568087 0.4441482788771185
v 0.6243953845909584 -0.12479418386836072 1.4709066267376283
v 0.5301608578378159 0.048331600592439905 0.40675796267680864
v 0.2977866994545739 0.27355270779786756 0.4639767064138156
v 0.3920212262077165 0.10042692333706693 1.5281253704746351
v 0.2986701148687465 0.04420728173349886 0.42658639021350564
v 0.3929046416218891 -0.12891850272730188 1.4907350542743254
vt 0.37239583333333337 0.8883541666666666
vt 0.4014427083333334 0.8883541666666666
vt 0.4014427083333334 0.9270833333333331
vt 0.37239583333333337 0.9270833333333331
vt 0.3597760416666669 0.24650000000000105
vt 0.3597760416666669 0.4268749999999998
vt 0.3307291666666669 0.4268749999999998
vt 0.3307291666666669 0.24650000000000105
vt 0.34114583333333304 0.805020833333333
vt 0.37019270833333306 0.805020833333333
vt 0.37019270833333306 0.8437499999999997
vt 0.34114583333333304 0.8437499999999997
vt 0.4248802083333333 0.34025000000000116
vt 0.4248802083333333 0.5206249999999999
vt 0.39583333333333326 0.5206249999999999
vt 0.39583333333333326 0.34025000000000116
vt 0.3619791666666665 0.5904583333333346
vt 0.39102604166666655 0.5904583333333346
vt 0.39102604166666655 0.7708333333333334
vt 0.3619791666666665 0.7708333333333334
vt 0.3515624999999998 0.5592083333333346
vt 0.3806093749999998 0.5592083333333346
vt 0.3806093749999998 0.7395833333333334
vt 0.3515624999999998 0.7395833333333334
vn -0.0870727897926941 0.15996838481016576 -0.9832743488665532
vn 0.9961946980917455 0.017748548075056124 -0.08532943533812612
vn 0.0870727897926941 -0.15996838481016576 0.9832743488665532
vn -0.9961946980917455 -0.017748548075056124 0.08532943533812612
vn -0.00380168010402401 0.9869625650967996 0.16090507240585214
vn 0.00380168010402401 -0.9869625650967996 -0.16090507240585214
usemtl m_3722afce-2475-6df4-1e92-dcadf5eef328
f 60/172/43 63/171/43 61/170/43 58/169/43
f 59/176/44 60/175/44 58/174/44 57/173/44
f 64/180/45 59/179/45 57/178/45 62/177/45
f 63/184/46 64/183/46 62/182/46 61/181/46
f 62/188/47 57/187/47 58/186/47 61/185/47
f 63/192/48 60/191/48 59/190/48 64/189/48
o cube
v 1.4675336913088852 0.7973532645878227 0.4943179160680258
v 1.9192048204196968 1.0133805522015145 -0.23414314052018348
v 1.4806637221718495 0.6286253991391604 0.45242224165060807
v 1.9323348512826608 0.8446526867528521 -0.2760388149376012
v 1.769914188319154 1.023967774273208 -0.32356883995854313
v 1.3182430592083427 0.8079404866595163 0.40489221662966624
v 1.783044219182118 0.8552399088245455 -0.3654645143759608
v 1.331373090071307 0.639212621210854 0.36299654221224853
vt 0.4046058253199999 0.9188588995733331
vt 0.38281249999999983 0.9188588995733331
vt 0.38281249999999983 0.9479166666666665
vt 0.4046058253199999 0.9479166666666665
vt 0.42543915865333326 0.437499999999999
vt 0.42543915865333326 0.29017853471333277
vt 0.40364583333333326 0.29017853471333277
vt 0.40364583333333326 0.437499999999999
vt 0.34731415865333315 0.825108899573333
vt 0.32552083333333315 0.825108899573333
vt 0.32552083333333315 0.8541666666666663
vt 0.34731415865333315 0.8541666666666663
vt 0.3411458333333335 0.19642853471333355
vt 0.3411458333333335 0.34374999999999967
vt 0.3629391586533335 0.34374999999999967
vt 0.3629391586533335 0.19642853471333355
vt 0.37335582532 0.49851186804666703
vt 0.35156249999999994 0.49851186804666703
vt 0.35156249999999994 0.6458333333333333
vt 0.37335582532 0.6458333333333333
vt 0.39158499198666696 0.49851186804666703
vt 0.36979166666666696 0.49851186804666703
vt 0.36979166666666696 0.6458333333333333
vt 0.39158499198666696 0.6458333333333333
vn 0.5109813520520412 0.24439444629169058 -0.8241173535831207
vn 0.8562864426862868 -0.060725141277416225 0.512919082593446
vn -0.5109813520520412 -0.24439444629169058 0.8241173535831207
vn -0.8562864426862868 0.060725141277416225 -0.512919082593446
vn -0.07530993245736178 0.9677726033726187 0.2403010658208818
vn 0.07530993245736178 -0.9677726033726187 -0.2403010658208818
usemtl m_3722afce-2475-6df4-1e92-dcadf5eef328
f 68/196/49 71/195/49 69/194/49 66/193/49
f 67/200/50 68/199/50 66/198/50 65/197/50
f 72/204/51 67/203/51 65/202/51 70/201/51
f 71/208/52 72/207/52 70/206/52 69/205/52
f 70/212/53 65/211/53 66/210/53 69/209/53
f 71/216/54 68/215/54 67/214/54 72/213/54
o cube
v 0.5412789774334925 0.2511804625324312 0.5378984973618888
v 0.4210182731814941 0.6237273891972241 0.09015558793123102
v 0.5241506752281169 0.07079755468221971 0.39241046196356644
v 0.40388997097611845 0.44334448134701254 -0.05533244746709132
v 0.19408882647857773 0.607203778042622 0.1373587352682436
v 0.31434953073057614 0.23465685137782932 0.5851016446989012
v 0.17696052427320208 0.42682087019241066 -0.00812930013007862
v 0.2972212285252005 0.05427394352761783 0.439613609300579
vt 0.37239583333333337 0.8883541666666664
vt 0.4014427083333334 0.8883541666666664
vt 0.4014427083333334 0.9270833333333331
vt 0.37239583333333337 0.9270833333333331
vt 0.35977604166666693 0.3277499999999999
vt 0.35977604166666693 0.4268749999999998
vt 0.3307291666666669 0.4268749999999998
vt 0.3307291666666669 0.3277499999999999
vt 0.34114583333333315 0.7841874999999996
vt 0.3701927083333332 0.7841874999999996
vt 0.3701927083333332 0.8229166666666663
vt 0.34114583333333315 0.8229166666666663
vt 0.4170677083333333 0.4215
vt 0.4170677083333333 0.5206249999999999
vt 0.38802083333333326 0.5206249999999999
vt 0.38802083333333326 0.4215
vt 0.3619791666666667 0.6196250000000001
vt 0.39102604166666666 0.6196250000000001
vt 0.39102604166666666 0.71875
vt 0.3619791666666667 0.71875
vt 0.3411458333333335 0.6404583333333334
vt 0.3701927083333335 0.6404583333333334
vt 0.3701927083333335 0.7395833333333334
vt 0.3411458333333335 0.7395833333333334
vn -0.20220379025136384 0.6263924786293286 -0.7528254046753394
vn 0.9765656662847398 0.07110752514083672 -0.20313350118133475
vn 0.20220379025136384 -0.6263924786293286 0.7528254046753394
vn -0.9765656662847398 -0.07110752514083672 0.20313350118133475
vn 0.07370974590801763 0.7762578067787475 0.6260915993472714
vn -0.07370974590801763 -0.7762578067787475 -0.6260915993472714
usemtl m_3722afce-2475-6df4-1e92-dcadf5eef328
f 76/220/55 79/219/55 77/218/55 74/217/55
f 75/224/56 76/223/56 74/222/56 73/221/56
f 80/228/57 75/227/57 73/226/57 78/225/57
f 79/232/58 80/231/58 78/230/58 77/229/58
f 78/236/59 73/235/59 74/234/59 77/233/59
f 79/240/60 76/239/60 75/238/60 80/237/60
o cube
v 0.47967144347923185 0.8086877007846467 -0.5047482060761921
v 0.6530620576582784 1.0002951141760192 -0.7923100078392292
v 0.4821130053792937 0.681062922979736 -0.5883146237822608
v 0.6555036195583401 0.8726703363711086 -0.8758764255452981
v 0.5239799333982609 1.0340583079263086 -0.8476454191668025
v 0.3505893192192143 0.8424508945349358 -0.5600836174037654
v 0.5264214952983226 0.9064335301213977 -0.9312118368728713
v 0.35303088111927616 0.7148261167300252 -0.6436500351098342
vt 0.36197916666666646 0.6516551166666666
vt 0.3800347041666664 0.6516551166666666
vt 0.3800347041666664 0.6770833333333333
vt 0.36197916666666646 0.6770833333333333
vt 0.3498003291666668 0.21681452499999943
vt 0.3498003291666668 0.28124999999999967
vt 0.3307291666666669 0.28124999999999967
vt 0.3307291666666669 0.21681452499999943
vt 0.36458333333333315 0.7974884499999997
vt 0.38263887083333314 0.7974884499999997
vt 0.38263887083333314 0.8229166666666663
vt 0.36458333333333315 0.8229166666666663
vt 0.4227169958333332 0.37306452499999876
vt 0.4227169958333332 0.437499999999999
vt 0.40364583333333326 0.437499999999999
vt 0.40364583333333326 0.37306452499999876
vt 0.35677083333333337 0.518897858333333
vt 0.3748263708333333 0.518897858333333
vt 0.3748263708333333 0.5833333333333333
vt 0.35677083333333337 0.5833333333333333
vt 0.390625 0.5293145249999998
vt 0.4086805375 0.5293145249999998
vt 0.4086805375 0.59375
vt 0.390625 0.59375
vn 0.44848642299149094 0.49560539281447036 -0.743797837456867
vn 0.8936463692926466 -0.2337454212474242 0.3830916922825854
vn -0.44848642299149094 -0.49560539281447036 0.743797837456867
vn -0.8936463692926466 0.2337454212474242 -0.3830916922825854
vn -0.01600296979839233 0.8365036596806249 0.5477276077564038
vn 0.01600296979839233 -0.8365036596806249 -0.5477276077564038
usemtl m_3722afce-2475-6df4-1e92-dcadf5eef328
f 84/244/61 87/243/61 85/242/61 82/241/61
f 83/248/62 84/247/62 82/246/62 81/245/62
f 88/252/63 83/251/63 81/250/63 86/249/63
f 87/256/64 88/255/64 86/254/64 85/253/64
f 86/260/65 81/259/65 82/258/65 85/257/65
f 87/264/66 84/263/66 83/262/66 88/261/66
o cube
v 0.3727513295998641 0.6297726658353926 -0.14120590371488928
v -0.030493615443516142 0.6935045660301768 -0.8736088045792436
v 0.3793913639012805 0.49187973257379647 -0.15686086482116485
v -0.02385358114209979 0.5556116327685805 -0.8892637656855192
v -0.15568514191409955 0.679786322860866 -0.8058748285826073
v 0.24755980312928072 0.616054422666082 -0.07347192771825295
v -0.14904510761268297 0.5418933895992699 -0.8215297896888829
v 0.2541998374306972 0.4781614894044859 -0.08912688882452857
vt 0.37239583333333337 0.9039270833333332
vt 0.39027083333333334 0.9039270833333332
vt 0.39027083333333334 0.9270833333333331
vt 0.37239583333333337 0.9270833333333331
vt 0.3480963541666669 0.28712499999999996
vt 0.3480963541666669 0.4268749999999998
vt 0.3307291666666669 0.4268749999999998
vt 0.3307291666666669 0.28712499999999996
vt 0.33333333333333315 0.8101770833333329
vt 0.3512083333333331 0.8101770833333329
vt 0.3512083333333331 0.8333333333333329
vt 0.33333333333333315 0.8333333333333329
vt 0.42101302083333325 0.3808750000000001
vt 0.42101302083333325 0.5206249999999999
vt 0.40364583333333326 0.5206249999999999
vt 0.40364583333333326 0.3808750000000001
vt 0.3619791666666667 0.5790000000000002
vt 0.37985416666666666 0.5790000000000002
vt 0.37985416666666666 0.71875
vt 0.3619791666666667 0.71875
vt 0.3671875 0.22483333333333355
vt 0.3850625 0.22483333333333355
vt 0.3850625 0.36458333333333337
vt 0.3671875 0.36458333333333337
vn -0.48091227792889774 0.07600703660677899 -0.8734679795639302
vn 0.8754652200740092 0.09593177041475992 -0.4736641678086453
vn 0.48091227792889774 -0.07600703660677899 0.8734679795639302
vn -0.8754652200740092 -0.09593177041475992 0.4736641678086453
vn -0.04779151993821994 0.9924817508706876 0.11267628326604126
vn 0.04779151993821994 -0.9924817508706876 -0.11267628326604126
usemtl m_3722afce-2475-6df4-1e92-dcadf5eef328
f 92/268/67 95/267/67 93/266/67 90/265/67
f 91/272/68 92/271/68 90/270/68 89/269/68
f 96/276/69 91/275/69 89/274/69 94/273/69
f 95/280/70 96/279/70 94/278/70 93/277/70
f 94/284/71 89/283/71 90/282/71 93/281/71
f 95/288/72 92/287/72 91/286/72 96/285/72
o cube
v -0.004522112790099508 0.674911744574435 -0.8293717555666243
v -0.31723567936835473 0.9791304484336183 -1.3457410086211983
v -0.023957184085897754 0.551556510019207 -0.8902765420599856
v -0.336670750664153 0.8557752138783903 -1.4066457951145592
v -0.44242720583893813 0.9654122052643077 -1.2780070326245618
v -0.1297136392606829 0.6611935014051242 -0.7616377795699882
v -0.4618622771347364 0.8420569707090797 -1.3389118191179232
v -0.14914871055648116 0.5378382668498962 -0.8225425660633495
vt 0.3723958333333337 0.8830937499999998
vt 0.3902708333333337 0.8830937499999998
vt 0.3902708333333337 0.9062499999999998
vt 0.3723958333333337 0.9062499999999998
vt 0.4001796875000003 0.23087500000000072
vt 0.4001796875000003 0.3435416666666665
vt 0.38281250000000033 0.3435416666666665
vt 0.38281250000000033 0.23087500000000072
vt 0.34895833333333315 0.8101770833333329
vt 0.3668333333333331 0.8101770833333329
vt 0.3668333333333331 0.8333333333333329
vt 0.34895833333333315 0.8333333333333329
vt 0.42101302083333325 0.4079583333333341
vt 0.42101302083333325 0.5206249999999999
vt 0.40364583333333326 0.5206249999999999
vt 0.40364583333333326 0.4079583333333341
vt 0.3619791666666667 0.6060833333333342
vt 0.3798541666666667 0.6060833333333342
vt 0.3798541666666667 0.71875
vt 0.3619791666666667 0.71875
vt 0.3671874999999998 0.6373333333333342
vt 0.38506249999999975 0.6373333333333342
vt 0.38506249999999975 0.75
vt 0.3671874999999998 0.75
vn -0.46259403339978944 0.450027668430748 -0.7638598417967128
vn 0.87546522007401 0.09593177041475995 -0.47366416780864384
vn 0.46259403339978944 -0.450027668430748 0.7638598417967128
vn -0.87546522007401 -0.09593177041475995 0.47366416780864384
vn 0.13988355408581749 0.8878469423678131 0.4383610363894649
vn -0.13988355408581749 -0.8878469423678131 -0.4383610363894649
usemtl m_3722afce-2475-6df4-1e92-dcadf5eef328
f 100/292/73 103/291/73 101/290/73 98/289/73
f 99/296/74 100/295/74 98/294/74 97/293/74
f 104/300/75 99/299/75 97/298/75 102/297/75
f 103/304/76 104/303/76 102/302/76 101/301/76
f 102/308/77 97/307/77 98/306/77 101/305/77
f 103/312/78 100/311/78 99/310/78 104/309/78