# Made in Blockbench 4.8.3
mtllib floortwig_8.mtl

o cube
v 0.8056893306859658 0.042754034655644646 0.7244792999656946
v 1.0371274227536127 0.042754034655644646 0.39395145009508625
v 0.8056893306859658 -0.0012287778443553221 0.7244792999656946
v 1.0371274227536127 -0.0012287778443553221 0.39395145009508625
v 0.9967790648721031 0.042754034655644646 0.36569922575207015
v 0.765340972804456 0.042754034655644646 0.6962270756226787
v 0.9967790648721031 -0.0012287778443553221 0.36569922575207015
v 0.765340972804456 -0.0012287778443553221 0.6962270756226787
vt 0.497318359375 0.9166666666666666
vt 0.4921875 0.9166666666666666
vt 0.4921875 0.9105579427083333
vt 0.497318359375 0.9105579427083333
vt 0.53421875 0.9166666666666666
vt 0.4921875 0.9166666666666666
vt 0.4921875 0.9105579427083333
vt 0.53421875 0.9105579427083333
vt 0.497318359375 0.9166666666666666
vt 0.4921875 0.9166666666666666
vt 0.4921875 0.9105579427083333
vt 0.497318359375 0.9105579427083333
vt 0.53421875 0.9166666666666666
vt 0.4921875 0.9166666666666666
vt 0.4921875 0.9105579427083333
vt 0.53421875 0.9105579427083333
vt 0.497318359375 0.9166666666666666
vt 0.4921875 0.9166666666666666
vt 0.4921875 0.860625
vt 0.497318359375 0.860625
vt 0.497318359375 0.9166666666666666
vt 0.4921875 0.9166666666666666
vt 0.4921875 0.860625
vt 0.497318359375 0.860625
vn 0.5735764363510458 0 -0.8191520442889921
vn 0.8191520442889921 0 0.5735764363510458
vn -0.5735764363510458 0 0.8191520442889921
vn -0.8191520442889921 0 -0.5735764363510458
vn 0 1 0
vn 0 -1 0
usemtl m_fc449419-96b5-b234-1d06-9a4be0f18826
f 4/4/1 7/3/1 5/2/1 2/1/1
f 3/8/2 4/7/2 2/6/2 1/5/2
f 8/12/3 3/11/3 1/10/3 6/9/3
f 7/16/4 8/15/4 6/14/4 5/13/4
f 6/20/5 1/19/5 2/18/5 5/17/5
f 7/24/6 4/23/6 3/22/6 8/21/6
o cube
v 0.48700363489439535 0.042754034655644646 1.0440180206429481
v 0.8067926766860114 0.042754034655644646 0.7242289788513316
v 0.48700363489439535 -0.0012287778443553221 1.0440180206429481
v 0.8067926766860114 -0.0012287778443553221 0.7242289788513316
v 0.7719632482951915 0.042754034655644646 0.6893995504605119
v 0.4521742065035754 0.042754034655644646 1.0091885922521282
v 0.7719632482951915 -0.0012287778443553221 0.6893995504605119
v 0.4521742065035754 -0.0012287778443553221 1.0091885922521282
vt 0.497318359375 0.9166666666666666
vt 0.4921875 0.9166666666666666
vt 0.4921875 0.9105579427083333
vt 0.497318359375 0.9105579427083333
vt 0.539296875 0.9166666666666666
vt 0.4921875 0.9166666666666666
vt 0.4921875 0.9105579427083333
vt 0.539296875 0.9105579427083333
vt 0.497318359375 0.9166666666666666
vt 0.4921875 0.9166666666666666
vt 0.4921875 0.9105579427083333
vt 0.497318359375 0.9105579427083333
vt 0.539296875 0.9166666666666666
vt 0.4921875 0.9166666666666666
vt 0.4921875 0.9105579427083333
vt 0.539296875 0.9105579427083333
vt 0.497318359375 0.9166666666666666
vt 0.4921875 0.9166666666666666
vt 0.4921875 0.8538541666666667
vt 0.497318359375 0.8538541666666667
vt 0.497318359375 0.9166666666666666
vt 0.4921875 0.9166666666666666
vt 0.4921875 0.8538541666666667
vt 0.497318359375 0.8538541666666667
vn 0.7071067811865472 0 -0.7071067811865479
vn 0.7071067811865479 0 0.7071067811865472
vn -0.7071067811865472 0 0.7071067811865479
vn -0.7071067811865479 0 -0.7071067811865472
vn 0 1 0
vn 0 -1 0
usemtl m_fc449419-96b5-b234-1d06-9a4be0f18826
f 12/28/7 15/27/7 13/26/7 10/25/7
f 11/32/8 12/31/8 10/30/8 9/29/8
f 16/36/9 11/35/9 9/34/9 14/33/9
f 15/40/10 16/39/10 14/38/10 13/37/10
f 14/44/11 9/43/11 10/42/11 13/41/11
f 15/48/12 12/47/12 11/46/12 16/45/12
o cube
v 0.7882590141741539 0.08921246689300566 0.9847398211934664
v 0.8141947682013178 0.040748583363451996 0.6882927961514254
v 0.7876428309061616 0.0458015907644056 0.9917828281747034
v 0.8135785849333257 -0.0026622927651479555 0.6953358031326626
v 0.7651259531034365 0.040748583363451996 0.6839998310977111
v 0.7391901990762721 0.08921246689300566 0.9804468561397521
v 0.7645097698354442 -0.0026622927651479555 0.6910428380789484
v 0.7385740158082801 0.0458015907644056 0.987489863120989
vt 0.497318359375 0.9166666666666666
vt 0.4921875 0.9166666666666666
vt 0.4921875 0.9105579427083333
vt 0.497318359375 0.9105579427083333
vt 0.52359375 0.9166666666666666
vt 0.4921875 0.9166666666666666
vt 0.4921875 0.9105579427083333
vt 0.52359375 0.9105579427083333
vt 0.497318359375 0.9166666666666666
vt 0.4921875 0.9166666666666666
vt 0.4921875 0.9105579427083333
vt 0.497318359375 0.9105579427083333
vt 0.52359375 0.9166666666666666
vt 0.4921875 0.9166666666666666
vt 0.4921875 0.9105579427083333
vt 0.52359375 0.9105579427083333
vt 0.497318359375 0.9166666666666666
vt 0.4921875 0.9166666666666666
vt 0.4921875 0.8747916666666667
vt 0.497318359375 0.8747916666666667
vt 0.497318359375 0.9166666666666666
vt 0.4921875 0.9166666666666666
vt 0.4921875 0.8747916666666667
vt 0.497318359375 0.8747916666666667
vn 0.08602240141679644 -0.16074256560382616 -0.9832405474031203
vn 0.9961946980917457 -6.938893903907228e-18 0.0871557427476577
vn -0.08602240141679644 0.16074256560382616 0.9832405474031203
vn -0.9961946980917457 6.938893903907228e-18 -0.0871557427476577
vn 0.014009637696365557 0.9869963665602319 -0.16013089161219615
vn -0.014009637696365557 -0.9869963665602319 0.16013089161219615
usemtl m_fc449419-96b5-b234-1d06-9a4be0f18826
f 20/52/13 23/51/13 21/50/13 18/49/13
f 19/56/14 20/55/14 18/54/14 17/53/14
f 24/60/15 19/59/15 17/58/15 22/57/15
f 23/64/16 24/63/16 22/62/16 21/61/16
f 22/68/17 17/67/17 18/66/17 21/65/17
f 23/72/18 20/71/18 19/70/18 24/69/18
o cube
v 1.0341262458741374 0.041972296630953254 0.39823757487338995
v 1.160124641167238 0.06312425614026018 0.21829321778284316
v 1.0365441950611194 -0.001808027725043182 0.394784385561598
v 1.16254259035422 0.019343931784263746 0.21484002847105121
v 1.1197762832857283 0.06312425614026018 0.19004099343982706
v 0.9937778879926276 0.041972296630953254 0.36998535053037385
v 1.1221942324727103 0.019343931784263746 0.186587804128035
v 0.9961958371796098 -0.001808027725043182 0.3665321612185818
vt 0.497318359375 0.9166666666666666
vt 0.4921875 0.9166666666666666
vt 0.4921875 0.9105579427083333
vt 0.497318359375 0.9105579427083333
vt 0.51517578125 0.9166666666666666
vt 0.4921875 0.9166666666666666
vt 0.4921875 0.9105579427083333
vt 0.51517578125 0.9105579427083333
vt 0.497318359375 0.9166666666666666
vt 0.4921875 0.9166666666666666
vt 0.4921875 0.9105579427083333
vt 0.497318359375 0.9105579427083333
vt 0.51517578125 0.9166666666666666
vt 0.4921875 0.9166666666666666
vt 0.4921875 0.9105579427083333
vt 0.51517578125 0.9105579427083333
vt 0.497318359375 0.9166666666666666
vt 0.4921875 0.9166666666666666
vt 0.4921875 0.886015625
vt 0.497318359375 0.886015625
vt 0.497318359375 0.9166666666666666
vt 0.4921875 0.9166666666666666
vt 0.4921875 0.886015625
vt 0.497318359375 0.886015625
vn 0.5709358042168248 0.09584575252022398 -0.8153808307699658
vn 0.8191520442889924 -1.3877787807814457e-17 0.5735764363510456
vn -0.5709358042168248 -0.09584575252022398 0.8153808307699658
vn -0.8191520442889924 1.3877787807814457e-17 -0.5735764363510456
vn -0.05497486516993429 0.9953961983671789 0.0785122441133583
vn 0.05497486516993429 -0.9953961983671789 -0.0785122441133583
usemtl m_fc449419-96b5-b234-1d06-9a4be0f18826
f 28/76/19 31/75/19 29/74/19 26/73/19
f 27/80/20 28/79/20 26/78/20 25/77/20
f 32/84/21 27/83/21 25/82/21 30/81/21
f 31/88/22 32/87/22 30/86/22 29/85/22
f 30/92/23 25/91/23 26/90/23 29/89/23
f 31/96/24 28/95/24 27/94/24 32/93/24
o cube
v 0.4136493290177129 0.12619927449179513 0.2266937825163725
v 0.6412777454260605 0.13284143353389988 0.554840544421646
v 0.4062596759459536 0.0018207391717659505 0.2343374265523157
v 0.6338880923543011 0.008462898213870584 0.5624841884575891
v 0.7422247057448712 0.1225533596098245 0.4850240343870902
v 0.5145962893365237 0.11591120056771986 0.1568772724818166
v 0.7348350526731118 -0.001825175710204685 0.4926676784230334
v 0.5072066362647643 -0.008467334752309319 0.1645209165177599
vt 0.640625 0.9375
vt 0.6513167096972656 0.9375
vt 0.6513167096972656 0.9230518406835938
vt 0.640625 0.9230518406835938
vt 0.6171875 0.875
vt 0.6518596765625 0.875
vt 0.6518596765625 0.8605518406835938
vt 0.6171875 0.8605518406835938
vt 0.640625 0.9375
vt 0.6513167096972656 0.9375
vt 0.6513167096972656 0.9230518406835938
vt 0.640625 0.9230518406835938
vt 0.640625 0.9375
vt 0.6752971765625 0.9375
vt 0.6752971765625 0.9230518406835938
vt 0.640625 0.9230518406835938
vt 0.640625 0.8645833333333334
vt 0.6534550516367187 0.8645833333333334
vt 0.6534550516367187 0.8091078508333334
vt 0.640625 0.8091078508333334
vt 0.640625 0.9375
vt 0.6513167096972656 0.9375
vt 0.6513167096972656 0.8912704312499999
vt 0.640625 0.8912704312499999
vn 0.5698924355365941 0.016629365759571385 0.8215510185695127
vn -0.8195842592284438 0.08352845315322988 0.5668374013231586
vn -0.5698924355365941 -0.016629365759571385 -0.8215510185695127
vn 0.8195842592284438 -0.08352845315322988 -0.5668374013231586
vn 0.05919673929476398 0.9963666301659561 -0.061231400021595585
vn -0.05919673929476398 -0.9963666301659561 0.061231400021595585
usemtl m_fc449419-96b5-b234-1d06-9a4be0f18826
f 36/100/25 39/99/25 37/98/25 34/97/25
f 35/104/26 36/103/26 34/102/26 33/101/26
f 40/108/27 35/107/27 33/106/27 38/105/27
f 39/112/28 40/111/28 38/110/28 37/109/28
f 38/116/29 33/115/29 34/114/29 37/113/29
f 39/120/30 36/119/30 35/118/30 40/117/30
o cube
v 0.23446638871130276 0.11502857988627269 -0.12830631770081724
v 0.41276525090301064 0.12638937841796083 0.2289324813959407
v 0.22707673563954345 -0.009349955433756496 -0.12066267366487404
v 0.4053755978312513 0.002010843097931647 0.2365761254318839
v 0.5227396982341257 0.11650167538357037 0.1743583794885375
v 0.3444408360424176 0.10514087685188223 -0.18288041960822055
v 0.5153500451623663 -0.007876859936458813 0.1820020235244807
v 0.3370511829706584 -0.0192376584681469 -0.17523677557227724
vt 0.640625 0.9375
vt 0.6513167096972656 0.9375
vt 0.6513167096972656 0.9230518406835938
vt 0.640625 0.9230518406835938
vt 0.640625 0.9375
vt 0.6752971765625 0.9375
vt 0.6752971765625 0.9230518406835938
vt 0.640625 0.9230518406835938
vt 0.640625 0.9375
vt 0.6513167096972656 0.9375
vt 0.6513167096972656 0.9230518406835938
vt 0.640625 0.9230518406835938
vt 0.640625 0.9375
vt 0.6752971765625 0.9375
vt 0.6752971765625 0.9230518406835938
vt 0.640625 0.9230518406835938
vt 0.625 0.8854166666666666
vt 0.6378300516367187 0.8854166666666666
vt 0.6378300516367187 0.8299411841666666
vt 0.625 0.8299411841666666
vt 0.640625 0.9375
vt 0.6513167096972656 0.9375
vt 0.6513167096972656 0.89127043125
vt 0.640625 0.89127043125
vn 0.4463905448674449 0.02844299163971537 0.8943860898289557
vn -0.8928780585890851 0.08027785820710479 0.4430849105666616
vn -0.4463905448674449 -0.02844299163971537 -0.8943860898289557
vn 0.8928780585890851 -0.08027785820710479 -0.4430849105666616
vn 0.05919673929476411 0.9963666301659562 -0.06123140002159559
vn -0.05919673929476411 -0.9963666301659562 0.06123140002159559
usemtl m_fc449419-96b5-b234-1d06-9a4be0f18826
f 44/124/31 47/123/31 45/122/31 42/121/31
f 43/128/32 44/127/32 42/126/32 41/125/32
f 48/132/33 43/131/33 41/130/33 46/129/33
f 47/136/34 48/135/34 46/134/34 45/133/34
f 46/140/35 41/139/35 42/138/35 45/137/35
f 47/144/36 44/143/36 43/142/36 48/141/36
o cube
v 0.24631294883277088 0.1018435615241774 0.04873011895357715
v 0.3881648611605958 0.10134748760562584 0.17779623815395995
v 0.24167902514549167 0.02384793230969784 0.053523315983441955
v 0.38353093747331657 0.023351858391146285 0.18258943518382476
v 0.4225244852042376 0.09698432282718561 0.14001604564554393
v 0.2806725728764128 0.09748039674573716 0.010949926445161129
v 0.41789056151695836 0.018988693612706165 0.14480924267540862
v 0.27603864918913346 0.019484767531257607 0.015743123475025933
vt 0.640625 0.9375
vt 0.6450741246628906 0.9375
vt 0.6450741246628906 0.9284398090757813
vt 0.640625 0.9284398090757813
vt 0.640625 0.9375
vt 0.6572727291875 0.9375
vt 0.6572727291875 0.9284398090757813
vt 0.640625 0.9284398090757813
vt 0.640625 0.9375
vt 0.6450741246628906 0.9375
vt 0.6450741246628906 0.9284398090757813
vt 0.640625 0.9284398090757813
vt 0.640625 0.9375
vt 0.6572727291875 0.9375
vt 0.6572727291875 0.9284398090757813
vt 0.640625 0.9284398090757813
vt 0.640625 0.9375
vt 0.6459639495954688 0.9375
vt 0.6459639495954688 0.9108636333
vt 0.640625 0.9108636333
vt 0.640625 0.9375
vt 0.6450741246628906 0.9375
vt 0.6450741246628906 0.9153030277499999
vt 0.640625 0.9153030277499999
vn 0.7396524725714807 -0.0025866574120402192 0.6729840481187706
vn -0.6703804635248277 0.08512841767100839 0.7371181632744289
vn -0.7396524725714807 0.0025866574120402192 -0.6729840481187706
vn 0.6703804635248277 -0.08512841767100839 -0.7371181632744289
vn 0.05919673929476392 0.9963666301659562 -0.06123140002159562
vn -0.05919673929476392 -0.9963666301659562 0.06123140002159562
usemtl m_fc449419-96b5-b234-1d06-9a4be0f18826
f 52/148/37 55/147/37 53/146/37 50/145/37
f 51/152/38 52/151/38 50/150/38 49/149/38
f 56/156/39 51/155/39 49/154/39 54/153/39
f 55/160/40 56/159/40 54/158/40 53/157/40
f 54/164/41 49/163/41 50/162/41 53/161/41
f 55/168/42 52/167/42 51/166/42 56/165/42
o cube
v 0.044660464739093575 0.06377498440818641 0.638489288260873
v 0.01683530237010522 0.09158453187157023 0.32129347828618093
v 0.044330916690733524 -0.014735342010279151 0.6316349514361856
v 0.01650575432174506 0.01307420545310467 0.31443914146149354
v -0.07108759800213277 0.09128253527713803 0.3289798048816608
v -0.04326243563314436 0.0634729878137541 0.6461756148563529
v -0.07141714605049282 0.012772208858672363 0.3221254680569734
v -0.04359198368150441 -0.015037338604711459 0.6393212780316655
vt 0.2109375 0.48958333333333337
vt 0.2176481715 0.48958333333333337
vt 0.2176481715 0.4815937088333334
vt 0.2109375 0.4815937088333334
vt 0.2109375 0.48958333333333337
vt 0.235239965 0.48958333333333337
vt 0.235239965 0.4815937088333334
vt 0.2109375 0.4815937088333334
vt 0.2109375 0.48958333333333337
vt 0.2176481715 0.48958333333333337
vt 0.2176481715 0.4815937088333334
vt 0.2109375 0.4815937088333334
vt 0.2109375 0.48958333333333337
vt 0.235239965 0.48958333333333337
vt 0.235239965 0.4815937088333334
vt 0.2109375 0.4815937088333334
vt 0.2109375 0.48958333333333337
vt 0.2176481715 0.48958333333333337
vt 0.2176481715 0.4571800466666667
vt 0.2109375 0.4571800466666667
vt 0.2109375 0.48958333333333337
vt 0.2176481715 0.48958333333333337
vt 0.2176481715 0.4571800466666667
vt 0.2109375 0.4571800466666667
vn -0.0870553730163962 0.08700651934165408 -0.9923967087919159
vn 0.9961946980917457 0.0034217184026178286 -0.08708854882858723
vn 0.0870553730163962 -0.08700651934165408 0.9923967087919159
vn -0.9961946980917457 -0.0034217184026178286 0.08708854882858723
vn 0.004181569426920405 0.9962018658059337 0.08697331223946966
vn -0.004181569426920405 -0.9962018658059337 -0.08697331223946966
usemtl m_fc449419-96b5-b234-1d06-9a4be0f18826
f 60/172/43 63/171/43 61/170/43 58/169/43
f 59/176/44 60/175/44 58/174/44 57/173/44
f 64/180/45 59/179/45 57/178/45 62/177/45
f 63/184/46 64/183/46 62/182/46 61/181/46
f 62/188/47 57/187/47 58/186/47 61/185/47
f 63/192/48 60/191/48 59/190/48 64/189/48
o cube
v -0.020120232570315366 0.06538373985587642 0.8921400418302787
v 0.039778875545948056 0.05735437434532664 0.6002830298635908
v -0.02312773360099607 0.0020342163614485154 0.8932656267440888
v 0.03677137451526724 -0.005995149149101209 0.6014086147774009
v -0.029726305157972144 0.06039916930006595 0.5859344073069437
v -0.08962541327423545 0.06842853481061573 0.8777914192736316
v -0.03273380618865285 -0.0029503541943619593 0.5870599922207538
v -0.09263291430491621 0.00507901131618782 0.8789170041874419
vt 0.2109375 0.48958333333333337
vt 0.2163386613876 0.48958333333333337
vt 0.2163386613876 0.48315279186653337
vt 0.2109375 0.48315279186653337
vt 0.2109375 0.48958333333333337
vt 0.2335993360731875 0.48958333333333337
vt 0.2335993360731875 0.48315279186653337
vt 0.2109375 0.48315279186653337
vt 0.2109375 0.48958333333333337
vt 0.2163386613876 0.48958333333333337
vt 0.2163386613876 0.48315279186653337
vt 0.2109375 0.48315279186653337
vt 0.2109375 0.48958333333333337
vt 0.2335993360731875 0.48958333333333337
vt 0.2335993360731875 0.48315279186653337
vt 0.2109375 0.48315279186653337
vt 0.2109375 0.48958333333333337
vt 0.2163386613876 0.48958333333333337
vt 0.2163386613876 0.4593675519024166
vt 0.2109375 0.4593675519024166
vt 0.2109375 0.48958333333333337
vt 0.2163386613876 0.48958333333333337
vt 0.2163386613876 0.4593675519024166
vt 0.2109375 0.4593675519024166
vn 0.20097103169581587 -0.026939797958024453 -0.9792266804499867
vn 0.9784490644356694 -0.04286265778595531 0.20199064550737827
vn -0.20097103169581587 0.026939797958024453 0.9792266804499867
vn -0.9784490644356694 0.04286265778595531 -0.20199064550737827
vn 0.047413845278384506 0.9987176977772573 -0.017745067551646825
vn -0.047413845278384506 -0.9987176977772573 0.017745067551646825
usemtl m_fc449419-96b5-b234-1d06-9a4be0f18826
f 68/196/49 71/195/49 69/194/49 66/193/49
f 67/200/50 68/199/50 66/198/50 65/197/50
f 72/204/51 67/203/51 65/202/51 70/201/51
f 71/208/52 72/207/52 70/206/52 69/205/52
f 70/212/53 65/211/53 66/210/53 69/209/53
f 71/216/54 68/215/54 67/214/54 72/213/54
o cube
v -0.05961036727417568 0.08392479957954235 0.30338215904667054
v -0.09657213923523161 0.08609873348093455 0.30345898284300954
v -0.0632459519743529 0.02220765789050927 0.30066599519924186
v -0.10020772393540878 0.02438159179190147 0.30074281899558075
v -0.09660946423870609 0.0828688988776427 0.3768977992251298
v -0.059647692277650155 0.0806949649762505 0.3768209754287908
v -0.1002450489388832 0.02115175718860962 0.3741816353777011
v -0.06328327697782732 0.01897782328721742 0.3741048115813621
vt 0.2109375 0.48958333333333337
vt 0.21652674996275006 0.48958333333333337
vt 0.21652674996275006 0.48330963434133334
vt 0.2109375 0.48330963434133334
vt 0.2109375 0.48958333333333337
vt 0.21375271648656247 0.48958333333333337
vt 0.21375271648656247 0.48330963434133334
vt 0.2109375 0.48330963434133334
vt 0.2109375 0.48958333333333337
vt 0.21652674996275006 0.48958333333333337
vt 0.21652674996275006 0.48330963434133334
vt 0.2109375 0.48330963434133334
vt 0.2109375 0.48958333333333337
vt 0.21375271648656247 0.48958333333333337
vt 0.21375271648656247 0.48330963434133334
vt 0.2109375 0.48330963434133334
vt 0.2109375 0.48958333333333337
vt 0.21652674996275006 0.48958333333333337
vt 0.21652674996275006 0.4858297113512501
vt 0.2109375 0.4858297113512501
vt 0.2109375 0.48958333333333337
vt 0.21652674996275006 0.48958333333333337
vt 0.21652674996275006 0.4858297113512501
vt 0.2109375 0.4858297113512501
vn -0.9982726802416451 0.05871414456800182 0.0020748760951853156
vn 0.0005077553686596075 0.04393746033614462 -0.9990341544530373
vn 0.9982726802416451 -0.05871414456800182 -0.0020748760951853156
vn -0.0005077553686596075 -0.04393746033614462 0.9990341544530373
vn 0.05874860055906171 0.9973074494893026 0.043891378714894735
vn -0.05874860055906171 -0.9973074494893026 -0.043891378714894735
usemtl m_fc449419-96b5-b234-1d06-9a4be0f18826
f 76/220/55 79/219/55 77/218/55 74/217/55
f 75/224/56 76/223/56 74/222/56 73/221/56
f 80/228/57 75/227/57 73/226/57 78/225/57
f 79/232/58 80/231/58 78/230/58 77/229/58
f 78/236/59 73/235/59 74/234/59 77/233/59
f 79/240/60 76/239/60 75/238/60 80/237/60
o cube
v 0.018016754075392605 0.10837693981581187 0.3676431266858471
v 0.14218966275310996 0.08504846664021226 0.06930201878892328
v 0.019089940842904385 0.007687773616712024 0.3759630838406727
v 0.14326284952062174 -0.015640699558887527 0.07762197594374864
v 0.03768456160374911 0.08037073637431702 0.026171596142673947
v -0.08648834707396824 0.10369920954991663 0.32451270403959787
v 0.03875774837126089 -0.02031842982478277 0.03449155329749942
v -0.08541516030645646 0.0030100433508168933 0.33283266119442334
vt 0.2109375 0.48958333333333337
vt 0.219540925 0.48958333333333337
vt 0.219540925 0.47934022499999995
vt 0.2109375 0.47934022499999995
vt 0.2109375 0.48958333333333337
vt 0.23557189648437504 0.48958333333333337
vt 0.23557189648437504 0.47934022499999995
vt 0.2109375 0.47934022499999995
vt 0.2109375 0.48958333333333337
vt 0.219540925 0.48958333333333337
vt 0.219540925 0.47934022499999995
vt 0.2109375 0.47934022499999995
vt 0.2109375 0.48958333333333337
vt 0.23557189648437504 0.48958333333333337
vt 0.23557189648437504 0.47934022499999995
vt 0.2109375 0.47934022499999995
vt 0.2100830078125 0.48457845052083337
vt 0.2186864328125 0.48457845052083337
vt 0.2186864328125 0.45173258854166665
vt 0.2100830078125 0.45173258854166665
vt 0.2109375 0.48958333333333337
vt 0.219540925 0.48958333333333337
vt 0.219540925 0.45673747135416665
vt 0.2109375 0.45673747135416665
vn 0.38325967512987363 -0.0720033310467237 -0.9208298114947843
vn 0.9235795595148216 0.041340145227265576 0.3811716013018241
vn -0.38325967512987363 0.0720033310467237 0.9208298114947843
vn -0.9235795595148216 -0.041340145227265576 -0.3811716013018241
vn -0.010621613142644955 0.9965472957721399 -0.08234481540135655
vn 0.010621613142644955 -0.9965472957721399 0.08234481540135655
usemtl m_fc449419-96b5-b234-1d06-9a4be0f18826
f 84/244/61 87/243/61 85/242/61 82/241/61
f 83/248/62 84/247/62 82/246/62 81/245/62
f 88/252/63 83/251/63 81/250/63 86/249/63
f 87/256/64 88/255/64 86/254/64 85/253/64
f 86/260/65 81/259/65 82/258/65 85/257/65
f 87/264/66 84/263/66 83/262/66 88/261/66