# Made in Blockbench 4.8.3
mtllib floortwig.mtl

o cube
v 0.8947996482942366 0.06882664253389037 0.5205510674516285
v 0.6976156748698807 0.06882664253389037 0.1417641787782835
v 0.8947996482942366 0.02227816597139043 0.5205510674516285
v 0.6976156748698807 0.02227816597139043 0.1417641787782835
v 0.6513762159226282 0.06882664253389037 0.16583491754156343
v 0.8485601893469841 0.06882664253389037 0.5446218062149084
v 0.6513762159226282 0.02227816597139043 0.16583491754156343
v 0.8485601893469841 0.02227816597139043 0.5446218062149084
vt 0.497318359375 0.9166666666666666
vt 0.4921875 0.9166666666666666
vt 0.4921875 0.9105579427083333
vt 0.497318359375 0.9105579427083333
vt 0.53421875 0.9166666666666666
vt 0.4921875 0.9166666666666666
vt 0.4921875 0.9105579427083333
vt 0.53421875 0.9105579427083333
vt 0.497318359375 0.9166666666666666
vt 0.4921875 0.9166666666666666
vt 0.4921875 0.9105579427083333
vt 0.497318359375 0.9105579427083333
vt 0.53421875 0.9166666666666666
vt 0.4921875 0.9166666666666666
vt 0.4921875 0.9105579427083333
vt 0.53421875 0.9105579427083333
vt 0.497318359375 0.9166666666666666
vt 0.4921875 0.9166666666666666
vt 0.4921875 0.860625
vt 0.497318359375 0.860625
vt 0.497318359375 0.9166666666666666
vt 0.4921875 0.9166666666666666
vt 0.4921875 0.860625
vt 0.497318359375 0.860625
vn -0.46174861323503397 0 -0.8870108331782216
vn 0.8870108331782216 0 -0.46174861323503397
vn 0.46174861323503397 0 0.8870108331782216
vn -0.8870108331782216 0 0.46174861323503397
vn 0 1 0
vn 0 -1 0
usemtl m_fc449419-96b5-b234-1d06-9a4be0f18826
f 4/4/1 7/3/1 5/2/1 2/1/1
f 3/8/2 4/7/2 2/6/2 1/5/2
f 8/12/3 3/11/3 1/10/3 6/9/3
f 7/16/4 8/15/4 6/14/4 5/13/4
f 6/20/5 1/19/5 2/18/5 5/17/5
f 7/24/6 4/23/6 3/22/6 8/21/6
o cube
v 1.0390310387435808 0.06882664253389037 0.9758717063107738
v 0.8951038460446012 0.06882664253389037 0.5193929700279616
v 1.0390310387435808 0.02227816597139043 0.9758717063107738
v 0.8951038460446012 0.02227816597139043 0.5193929700279616
v 0.8453870284569169 0.06882664253389037 0.5350686224002756
v 0.9893142211558965 0.06882664253389037 0.9915473586830881
v 0.8453870284569169 0.02227816597139043 0.5350686224002756
v 0.9893142211558965 0.02227816597139043 0.9915473586830881
vt 0.497318359375 0.9166666666666666
vt 0.4921875 0.9166666666666666
vt 0.4921875 0.9105579427083333
vt 0.497318359375 0.9105579427083333
vt 0.539296875 0.9166666666666666
vt 0.4921875 0.9166666666666666
vt 0.4921875 0.9105579427083333
vt 0.539296875 0.9105579427083333
vt 0.497318359375 0.9166666666666666
vt 0.4921875 0.9166666666666666
vt 0.4921875 0.9105579427083333
vt 0.497318359375 0.9105579427083333
vt 0.539296875 0.9166666666666666
vt 0.4921875 0.9166666666666666
vt 0.4921875 0.9105579427083333
vt 0.539296875 0.9105579427083333
vt 0.497318359375 0.9166666666666666
vt 0.4921875 0.9166666666666666
vt 0.4921875 0.8538541666666667
vt 0.497318359375 0.8538541666666667
vt 0.497318359375 0.9166666666666666
vt 0.4921875 0.9166666666666666
vt 0.4921875 0.8538541666666667
vt 0.497318359375 0.8538541666666667
vn -0.3007057995042732 0 -0.953716950748227
vn 0.953716950748227 0 -0.3007057995042732
vn 0.3007057995042732 0 0.953716950748227
vn -0.953716950748227 0 0.3007057995042732
vn 0 1 0
vn 0 -1 0
usemtl m_fc449419-96b5-b234-1d06-9a4be0f18826
f 12/28/7 15/27/7 13/26/7 10/25/7
f 11/32/8 12/31/8 10/30/8 9/29/8
f 16/36/9 11/35/9 9/34/9 14/33/9
f 15/40/10 16/39/10 14/38/10 13/37/10
f 14/44/11 9/43/11 10/42/11 13/41/11
f 15/48/12 12/47/12 11/46/12 16/45/12
o cube
v 1.1306021117701406 0.11799514998509741 0.6640989709492413
v 0.8649859253034475 0.06670420658298659 0.4948827977622132
v 1.1369126377582128 0.07205197274899577 0.6681192193862948
v 0.8712964512915196 0.02076102934688484 0.49890304619926684
v 0.836976748579519 0.06670420658298659 0.5388483984926986
v 1.1025929350462123 0.11799514998509741 0.7080645716797267
v 0.843287274567591 0.02076102934688484 0.5428686469297523
v 1.1089034610342843 0.07205197274899577 0.7120848201167802
vt 0.497318359375 0.9166666666666666
vt 0.4921875 0.9166666666666666
vt 0.4921875 0.9105579427083333
vt 0.497318359375 0.9105579427083333
vt 0.52359375 0.9166666666666666
vt 0.4921875 0.9166666666666666
vt 0.4921875 0.9105579427083333
vt 0.52359375 0.9105579427083333
vt 0.497318359375 0.9166666666666666
vt 0.4921875 0.9166666666666666
vt 0.4921875 0.9105579427083333
vt 0.497318359375 0.9105579427083333
vt 0.52359375 0.9166666666666666
vt 0.4921875 0.9166666666666666
vt 0.4921875 0.9105579427083333
vt 0.52359375 0.9105579427083333
vt 0.497318359375 0.9166666666666666
vt 0.4921875 0.9166666666666666
vt 0.4921875 0.8747916666666667
vt 0.497318359375 0.8747916666666667
vt 0.497318359375 0.9166666666666666
vt 0.4921875 0.9166666666666666
vt 0.4921875 0.8747916666666667
vt 0.497318359375 0.8747916666666667
vn -0.8324242926052989 -0.1607425656038261 -0.5303127611925507
vn 0.5372996083468238 0 -0.8433914458128857
vn 0.8324242926052989 0.1607425656038261 0.5303127611925507
vn -0.5372996083468238 0 0.8433914458128857
vn -0.13556890480828357 0.9869963665602319 -0.08636691754359939
vn 0.13556890480828357 -0.9869963665602319 0.08636691754359939
usemtl m_fc449419-96b5-b234-1d06-9a4be0f18826
f 20/52/13 23/51/13 21/50/13 18/49/13
f 19/56/14 20/55/14 18/54/14 17/53/14
f 24/60/15 19/59/15 17/58/15 22/57/15
f 23/64/16 24/63/16 22/62/16 21/61/16
f 22/68/17 17/67/17 18/66/17 21/65/17
f 23/72/18 20/71/18 19/70/18 24/69/18
o cube
v 0.7001726609595833 0.06799930312442537 0.1466761033555164
v 0.5928227255750298 0.09038512693844192 -0.059541203849720226
v 0.6981125816357012 0.02166512651432917 0.1427187277941958
v 0.5907626462511477 0.044050950328345606 -0.06349857941104076
v 0.5465832666277775 0.09038512693844192 -0.03547046508644042
v 0.6539332020123307 0.06799930312442537 0.1707468421187962
v 0.5445231873038954 0.044050950328345606 -0.03942784064776095
v 0.6518731226884487 0.02166512651432917 0.16678946655747562
vt 0.497318359375 0.9166666666666666
vt 0.4921875 0.9166666666666666
vt 0.4921875 0.9105579427083333
vt 0.497318359375 0.9105579427083333
vt 0.51517578125 0.9166666666666666
vt 0.4921875 0.9166666666666666
vt 0.4921875 0.9105579427083333
vt 0.51517578125 0.9105579427083333
vt 0.497318359375 0.9166666666666666
vt 0.4921875 0.9166666666666666
vt 0.4921875 0.9105579427083333
vt 0.497318359375 0.9105579427083333
vt 0.51517578125 0.9166666666666666
vt 0.4921875 0.9166666666666666
vt 0.4921875 0.9105579427083333
vt 0.51517578125 0.9105579427083333
vt 0.497318359375 0.9166666666666666
vt 0.4921875 0.9166666666666666
vt 0.4921875 0.886015625
vt 0.497318359375 0.886015625
vt 0.497318359375 0.9166666666666666
vt 0.4921875 0.9166666666666666
vt 0.4921875 0.886015625
vt 0.497318359375 0.886015625
vn -0.4596228142154699 0.09584575252022397 -0.8829272112561055
vn 0.8870108331782216 -1.3877787807814457e-17 -0.46174861323503424
vn 0.4596228142154699 -0.09584575252022397 0.8829272112561055
vn -0.8870108331782216 1.3877787807814457e-17 0.46174861323503424
vn 0.04425664331068172 0.9953961983671789 0.08501622079955748
vn -0.04425664331068172 -0.9953961983671789 -0.08501622079955748
usemtl m_fc449419-96b5-b234-1d06-9a4be0f18826
f 28/76/19 31/75/19 29/74/19 26/73/19
f 27/80/20 28/79/20 26/78/20 25/77/20
f 32/84/21 27/83/21 25/82/21 30/81/21
f 31/88/22 32/87/22 30/86/22 29/85/22
f 30/92/23 25/91/23 26/90/23 29/89/23
f 31/96/24 28/95/24 27/94/24 32/93/24
o cube
v 0.21144816896476382 0.05036244558647274 0.07626834770430502
v 0.4397354369062263 0.10360487039968036 0.130058902496903
v 0.22186915239441884 0.005000448827022108 0.07694141875855287
v 0.4501564203358812 0.05824287364022984 0.13073197355115074
v 0.4512641832145041 0.10549955267387345 0.07925549497354933
v 0.22297691527304175 0.05225712786066572 0.025464940180951356
v 0.46168516664415915 0.060137555914422935 0.07992856602779719
v 0.23339789870269678 0.006895131101215202 0.02613801123519921
vt 0.0625 0.8020833333333334
vt 0.06763085937499999 0.8020833333333334
vt 0.06763085937499999 0.795974609375
vt 0.0625 0.795974609375
vt 0.0625 0.8020833333333334
vt 0.08617187500000001 0.8020833333333334
vt 0.08617187500000001 0.795974609375
vt 0.0625 0.795974609375
vt 0.0625 0.8020833333333334
vt 0.06763085937499999 0.8020833333333334
vt 0.06763085937499999 0.795974609375
vt 0.0625 0.795974609375
vt 0.0625 0.8020833333333334
vt 0.08617187500000001 0.8020833333333334
vt 0.08617187500000001 0.795974609375
vt 0.0625 0.795974609375
vt 0.0625 0.8020833333333334
vt 0.06763085937499999 0.8020833333333334
vt 0.06763085937499999 0.7705208333333333
vt 0.0625 0.7705208333333333
vt 0.0625 0.8020833333333334
vt 0.06763085937499999 0.8020833333333334
vt 0.06763085937499999 0.7705208333333333
vt 0.0625 0.7705208333333333
vn 0.9491947420969817 0.22137647072875524 0.22365553823486048
vn -0.22115576395630793 -0.03634566106314404 0.9745609888512803
vn -0.9491947420969817 -0.22137647072875524 -0.22365553823486048
vn 0.22115576395630793 0.03634566106314404 -0.9745609888512803
vn -0.22387378060940138 0.9745108778918601 -0.014459572126793774
vn 0.22387378060940138 -0.9745108778918601 0.014459572126793774
usemtl m_fc449419-96b5-b234-1d06-9a4be0f18826
f 36/100/25 39/99/25 37/98/25 34/97/25
f 35/104/26 36/103/26 34/102/26 33/101/26
f 40/108/27 35/107/27 33/106/27 38/105/27
f 39/112/28 40/111/28 38/110/28 37/109/28
f 38/116/29 33/115/29 34/114/29 37/113/29
f 39/120/30 36/119/30 35/118/30 40/117/30
o cube
v 0.3540455329302804 0.05928277604667476 -0.10423219060082045
v 0.5294200254236894 0.1017321281125364 0.15990007549597884
v 0.3629995892993707 0.01362485066297503 -0.10283956915718317
v 0.5383740817927796 0.056074202728836675 0.16129269693961623
v 0.5718478605153607 0.10915709260725792 0.1305362075622276
v 0.39647336802195166 0.06670774054139628 -0.13359605853457168
v 0.5808019168844509 0.0634991672235582 0.1319288290058649
v 0.40542742439104207 0.02104981515769655 -0.1322034370909344
vt 0.0625 0.8020833333333334
vt 0.06763085937499999 0.8020833333333334
vt 0.06763085937499999 0.795974609375
vt 0.0625 0.795974609375
vt 0.0625 0.8020833333333334
vt 0.09398437500000001 0.8020833333333334
vt 0.09398437500000001 0.795974609375
vt 0.0625 0.795974609375
vt 0.0625 0.8020833333333334
vt 0.06763085937499999 0.8020833333333334
vt 0.06763085937499999 0.795974609375
vt 0.0625 0.795974609375
vt 0.0625 0.8020833333333334
vt 0.09398437500000001 0.8020833333333334
vt 0.09398437500000001 0.795974609375
vt 0.0625 0.795974609375
vt 0.0625 0.8020833333333334
vt 0.06763085937499999 0.8020833333333334
vt 0.06763085937499999 0.7601041666666667
vt 0.0625 0.7601041666666667
vt 0.0625 0.8020833333333334
vt 0.06763085937499999 0.8020833333333334
vt 0.06763085937499999 0.7601041666666667
vt 0.0625 0.7601041666666667
vn 0.5482487407230301 0.13270347063437335 0.8257197509913419
vn -0.8138925111027427 -0.14243298024517656 0.563286629088024
vn -0.5482487407230301 -0.13270347063437335 -0.8257197509913419
vn 0.8138925111027427 0.14243298024517656 -0.563286629088024
vn -0.19235981562291954 0.9808683066651045 -0.029917658889812952
vn 0.19235981562291954 -0.9808683066651045 0.029917658889812952
usemtl m_fc449419-96b5-b234-1d06-9a4be0f18826
f 44/124/31 47/123/31 45/122/31 42/121/31
f 43/128/32 44/127/32 42/126/32 41/125/32
f 48/132/33 43/131/33 41/130/33 46/129/33
f 47/136/34 48/135/34 46/134/34 45/133/34
f 46/140/35 41/139/35 42/138/35 45/137/35
f 47/144/36 44/143/36 43/142/36 48/141/36
o cube
v 0.4326388641786456 0.10252921933035919 0.12719052188909052
v 0.9005929428706307 0.11315747411972576 0.32047694301566043
v 0.43401085735359013 0.056007231959908976 0.12642698006234532
v 0.9019649360455753 0.06663548674927555 0.3197134011889152
v 0.9204603603456083 0.11453406986637138 0.27230144368903186
v 0.45250628165362317 0.1039058150770048 0.07901502256246196
v 0.921832353520553 0.06801208249592106 0.27153790186228677
v 0.4538782748285677 0.05738382770655459 0.07825148073571675
vt 0.0625 0.8020833333333334
vt 0.06763085937499999 0.8020833333333334
vt 0.06763085937499999 0.795974609375
vt 0.0625 0.795974609375
vt 0.0625 0.8020833333333334
vt 0.11234374999999999 0.8020833333333334
vt 0.11234374999999999 0.795974609375
vt 0.0625 0.795974609375
vt 0.0625 0.8020833333333334
vt 0.06763085937499999 0.8020833333333334
vt 0.06763085937499999 0.795974609375
vt 0.0625 0.795974609375
vt 0.0625 0.8020833333333334
vt 0.11234374999999999 0.8020833333333334
vt 0.11234374999999999 0.795974609375
vt 0.0625 0.795974609375
vt 0.0625 0.8020833333333334
vt 0.06763085937499999 0.8020833333333334
vt 0.06763085937499999 0.735625
vt 0.0625 0.735625
vt 0.0625 0.8020833333333334
vt 0.06763085937499999 0.8020833333333334
vt 0.06763085937499999 0.735625
vt 0.0625 0.735625
vn 0.9240571247589369 0.020987346855313706 0.38167782415830953
vn -0.3811163653035471 -0.02640721513576929 0.9241498661400037
vn -0.9240571247589369 -0.020987346855313706 -0.38167782415830953
vn 0.3811163653035471 0.02640721513576929 -0.9241498661400037
vn -0.029474502202072803 0.9994309332118694 0.016403153940387653
vn 0.029474502202072803 -0.9994309332118694 -0.016403153940387653
usemtl m_fc449419-96b5-b234-1d06-9a4be0f18826
f 52/148/37 55/147/37 53/146/37 50/145/37
f 51/152/38 52/151/38 50/150/38 49/149/38
f 56/156/39 51/155/39 49/154/39 54/153/39
f 55/160/40 56/159/40 54/158/40 53/157/40
f 54/164/41 49/163/41 50/162/41 53/161/41
f 55/168/42 52/167/42 51/166/42 56/165/42
o cube
v 0.9013047294951129 0.11334413720614023 0.3215353318647749
v 1.1957014784466682 0.12050767516694039 0.4002588955761037
v 0.9025067670267495 0.06681191507472573 0.3212744112353665
v 1.1969035159783048 0.07397545303552588 0.3999979749466953
v 1.2091527992235163 0.12113754013557931 0.34989866059031016
v 0.9147560502719609 0.11397400217477915 0.27117509687898134
v 1.2103548367551529 0.07460531800416481 0.34963773996090186
v 0.9159580878035976 0.06744178004336465 0.2709141762495729
vt 0.0625 0.8020833333333334
vt 0.06763085937499999 0.8020833333333334
vt 0.06763085937499999 0.795974609375
vt 0.0625 0.795974609375
vt 0.0625 0.8020833333333334
vt 0.09250244140625 0.8020833333333334
vt 0.09250244140625 0.795974609375
vt 0.0625 0.795974609375
vt 0.0625 0.8020833333333334
vt 0.06763085937499999 0.8020833333333334
vt 0.06763085937499999 0.795974609375
vt 0.0625 0.795974609375
vt 0.0625 0.8020833333333334
vt 0.09250244140625 0.8020833333333334
vt 0.09250244140625 0.795974609375
vt 0.0625 0.795974609375
vt 0.046875 0.7708333333333334
vt 0.05200585937499999 0.7708333333333334
vt 0.05200585937499999 0.730830078125
vt 0.046875 0.730830078125
vt 0.0625 0.8020833333333334
vt 0.06763085937499999 0.8020833333333334
vt 0.06763085937499999 0.762080078125
vt 0.0625 0.762080078125
vn 0.965790002730797 0.023500508654943915 0.25825839138004075
vn -0.25803648055722905 -0.012082690051791882 0.9660596168470926
vn -0.965790002730797 -0.023500508654943915 -0.25825839138004075
vn 0.25803648055722905 0.012082690051791882 -0.9660596168470926
vn -0.0258233484832263 0.9996508063789432 0.005605352713489015
vn 0.0258233484832263 -0.9996508063789432 -0.005605352713489015
usemtl m_fc449419-96b5-b234-1d06-9a4be0f18826
f 60/172/43 63/171/43 61/170/43 58/169/43
f 59/176/44 60/175/44 58/174/44 57/173/44
f 64/180/45 59/179/45 57/178/45 62/177/45
f 63/184/46 64/183/46 62/182/46 61/181/46
f 62/188/47 57/187/47 58/186/47 61/185/47
f 63/192/48 60/191/48 59/190/48 64/189/48
o cube
v 0.06786205267482526 0.08438315034168131 0.8834499996969916
v 0.3565456591210412 0.11309387087916356 0.709482612103344
v 0.07814325132892863 0.0016827152021210434 0.8868622738746268
v 0.36682685777514457 0.03039343573960318 0.7128948862809792
v 0.3092390347772993 0.1039112403881417 0.6294659661404272
v 0.02055542833108326 0.07520051985065956 0.8034333537340745
v 0.3195202334314027 0.021210805248581432 0.6328782403180622
v 0.030836626985186744 -0.00749991528890076 0.8068456279117098
vt 0.21875 0.5
vt 0.23042589734285 0.5
vt 0.23042589734285 0.48609885233245
vt 0.21875 0.48609885233245
vt 0.21875 0.5
vt 0.2610338588535 0.5
vt 0.2610338588535 0.48609885233245
vt 0.21875 0.48609885233245
vt 0.21875 0.5
vt 0.23042589734285 0.5
vt 0.23042589734285 0.48609885233245
vt 0.21875 0.48609885233245
vt 0.21875 0.5
vt 0.2610338588535 0.5
vt 0.2610338588535 0.48609885233245
vt 0.21875 0.48609885233245
vt 0.21875 0.5
vt 0.23042589734285 0.5
vt 0.23042589734285 0.44362152152866663
vt 0.21875 0.44362152152866663
vt 0.21875 0.5
vt 0.23042589734285 0.5
vt 0.23042589734285 0.44362152152866663
vt 0.21875 0.44362152152866663
vn 0.8534095937365013 0.08487494198718826 -0.5142842691947435
vn 0.5064559810119352 0.09830754567918677 0.8566434297651346
vn -0.8534095937365013 -0.08487494198718826 0.5142842691947435
vn -0.5064559810119352 -0.09830754567918677 -0.8566434297651346
vn -0.12326558569097126 0.9915300654469366 -0.04091118061185481
vn 0.12326558569097126 -0.9915300654469366 0.04091118061185481
usemtl m_fc449419-96b5-b234-1d06-9a4be0f18826
f 68/196/49 71/195/49 69/194/49 66/193/49
f 67/200/50 68/199/50 66/198/50 65/197/50
f 72/204/51 67/203/51 65/202/51 70/201/51
f 71/208/52 72/207/52 70/206/52 69/205/52
f 70/212/53 65/211/53 66/210/53 69/209/53
f 71/216/54 68/215/54 67/214/54 72/213/54
o cube
v -0.20375067287839327 0.07782658820208865 0.9377700678240717
v 0.10242221814261776 0.07739450581783347 0.8618953086957948
v -0.2030541218402731 0.010775170332407047 0.940962654981762
v 0.10311876918073803 0.010343087948151752 0.8650878958534847
v 0.08435496990275793 0.07373647694322316 0.7890104505415183
v -0.22181792111825316 0.07416855932747835 0.8648852096697954
v 0.08505152094087809 0.006685059073541444 0.7922030376992084
v -0.221121370080133 0.0071171414577967385 0.8680777968274855
vt 0.21875 0.5
vt 0.22814748069828522 0.5
vt 0.22814748069828522 0.4888115009019146
vt 0.21875 0.4888115009019146
vt 0.21875 0.5
vt 0.25817932858373893 0.5
vt 0.25817932858373893 0.4888115009019146
vt 0.21875 0.4888115009019146
vt 0.21875 0.5
vt 0.22814748069828522 0.5
vt 0.22814748069828522 0.4888115009019146
vt 0.21875 0.4888115009019146
vt 0.21875 0.5
vt 0.25817932858373893 0.5
vt 0.25817932858373893 0.4888115009019146
vt 0.21875 0.4888115009019146
vt 0.21875 0.5
vt 0.22814748069828522 0.5
vt 0.22814748069828522 0.4474275618883481
vt 0.21875 0.4474275618883481
vt 0.21875 0.5
vt 0.22814748069828522 0.5
vt 0.22814748069828522 0.4474275618883481
vt 0.21875 0.4474275618883481
vn 0.9706381709327414 -0.0013698000947999847 -0.2405403599732127
vn 0.24032036909579174 0.04865704160581305 0.9694733686387845
vn -0.9706381709327414 0.0013698000947999847 0.2405403599732127
vn -0.24032036909579174 -0.04865704160581305 -0.9694733686387845
vn -0.010375997590826401 0.9988146053947502 -0.04755757273163444
vn 0.010375997590826401 -0.9988146053947502 0.04755757273163444
usemtl m_fc449419-96b5-b234-1d06-9a4be0f18826
f 76/220/55 79/219/55 77/218/55 74/217/55
f 75/224/56 76/223/56 74/222/56 73/221/56
f 80/228/57 75/227/57 73/226/57 78/225/57
f 79/232/58 80/231/58 78/230/58 77/229/58
f 78/236/59 73/235/59 74/234/59 77/233/59
f 79/240/60 76/239/60 75/238/60 80/237/60
o cube
v 0.33925236527369507 0.09748720901297181 0.629307523638373
v 0.32226163427232213 0.09607293286859975 0.59402547297559
v 0.34324877298997225 0.0321193016136222 0.630003242370766
v 0.3262580419885994 0.030705025469250247 0.5947211917079831
v 0.2523183270961431 0.09215695599724838 0.6278649513454604
v 0.26930905809751593 0.09357123214162033 0.6631470020082433
v 0.2563147348124203 0.026789048597898768 0.6285606700778537
v 0.2733054658137932 0.02820332474227083 0.6638427207406365
vt 0.21875 0.5
vt 0.2284747360101888 0.5
vt 0.2284747360101888 0.4890843911238192
vt 0.21875 0.4890843911238192
vt 0.21875 0.5
vt 0.2236481951649701 0.5
vt 0.2236481951649701 0.4890843911238192
vt 0.21875 0.4890843911238192
vt 0.21875 0.5
vt 0.2284747360101888 0.5
vt 0.2284747360101888 0.4890843911238192
vt 0.21875 0.4890843911238192
vt 0.21875 0.5
vt 0.2236481951649701 0.5
vt 0.2236481951649701 0.4890843911238192
vt 0.21875 0.4890843911238192
vt 0.21875 0.5
vt 0.2284747360101888 0.5
vt 0.2284747360101888 0.4934690731133732
vt 0.21875 0.4934690731133732
vt 0.21875 0.5
vt 0.2284747360101888 0.5
vt 0.2284747360101888 0.4934690731133732
vt 0.21875 0.4934690731133732
vn -0.4335967236178058 -0.03609176688401333 -0.9003839545611051
vn 0.8990386358932773 0.05033525932283121 -0.4349665422076266
vn 0.4335967236178058 0.03609176688401333 0.9003839545611051
vn -0.8990386358932773 -0.05033525932283121 0.4349665422076266
vn -0.061019770886652495 0.9980800298734032 -0.010622689341549259
vn 0.061019770886652495 -0.9980800298734032 0.010622689341549259
usemtl m_fc449419-96b5-b234-1d06-9a4be0f18826
f 84/244/61 87/243/61 85/242/61 82/241/61
f 83/248/62 84/247/62 82/246/62 81/245/62
f 88/252/63 83/251/63 81/250/63 86/249/63
f 87/256/64 88/255/64 86/254/64 85/253/64
f 86/260/65 81/259/65 82/258/65 85/257/65
f 87/264/66 84/263/66 83/262/66 88/261/66
o cube
v 0.31201722601236015 0.13058248031314712 0.7303394391481988
v 0.6543670285516778 0.12051808476749604 0.7139192897966582
v 0.30955358480572803 0.02455072869829833 0.7439640660162146
v 0.6519033873450457 0.014486333152647246 0.727543916664674
v 0.6482328056996276 0.10541610575088056 0.5952810454006989
v 0.3058830031603099 0.11548050129653165 0.6117011947522395
v 0.6457691644929955 -0.0006156458639682283 0.6089056722687147
v 0.3034193619536778 0.009448749681682855 0.6253258216202553
vt 0.21875 0.5
vt 0.2337190991575 0.5
vt 0.2337190991575 0.4821780158108333
vt 0.21875 0.4821780158108333
vt 0.21875 0.5
vt 0.2616113864431641 0.5
vt 0.2616113864431641 0.4821780158108333
vt 0.21875 0.4821780158108333
vt 0.21875 0.5
vt 0.2337190991575 0.5
vt 0.2337190991575 0.4821780158108333
vt 0.21875 0.4821780158108333
vt 0.21875 0.5
vt 0.2616113864431641 0.5
vt 0.2616113864431641 0.4821780158108333
vt 0.21875 0.4821780158108333
vt 0.2178955078125 0.4949951171875
vt 0.23286460697 0.4949951171875
vt 0.23286460697 0.43784660192994784
vt 0.2178955078125 0.43784660192994784
vt 0.21875 0.5
vt 0.2337190991575 0.5
vt 0.2337190991575 0.44285148474244784
vt 0.21875 0.44285148474244784
vn 0.9984213967077546 -0.029351580702472405 -0.04788736061219812
vn 0.0512240481834272 0.12610961803477108 0.9906929196914784
vn -0.9984213967077546 0.029351580702472405 0.04788736061219812
vn -0.0512240481834272 -0.12610961803477108 -0.9906929196914784
vn 0.023039346428194794 0.9915819930542257 -0.12741404776072085
vn -0.023039346428194794 -0.9915819930542257 0.12741404776072085
usemtl m_fc449419-96b5-b234-1d06-9a4be0f18826
f 92/268/67 95/267/67 93/266/67 90/265/67
f 91/272/68 92/271/68 90/270/68 89/269/68
f 96/276/69 91/275/69 89/274/69 94/273/69
f 95/280/70 96/279/70 94/278/70 93/277/70
f 94/284/71 89/283/71 90/282/71 93/281/71
f 95/288/72 92/287/72 91/286/72 96/285/72