# Made in Blockbench 4.8.3
mtllib floortwig_4.mtl

o cube
v 0.3044963950200764 0.07446334891341666 0.9956287683912841
v -0.07901627945776235 0.11906391120242765 1.1366081944137543
v 0.29607568737173695 0.0029677184510246146 0.9953400539843029
v -0.08743698710610176 0.04756828074003561 1.136319480006773
v -0.0513705142027292 0.11549956009062234 1.2129418392465188
v 0.33214216027510957 0.07089899780161135 1.0719624132240486
v -0.059791221851068665 0.04400392962823019 1.2126531248395376
v 0.3237214526267701 -0.0005966326607808048 1.0716736988170674
vt 0.515625 0.5520833333333333
vt 0.5242334619140625 0.5520833333333333
vt 0.5242334619140625 0.5419151985677084
vt 0.515625 0.5419151985677084
vt 0.5 0.5520833333333333
vt 0.54354140625 0.5520833333333333
vt 0.54354140625 0.5419151985677084
vt 0.5 0.5419151985677084
vt 0.515625 0.5520833333333333
vt 0.5242334619140625 0.5520833333333333
vt 0.5242334619140625 0.5419151985677084
vt 0.515625 0.5419151985677084
vt 0.5 0.5520833333333333
vt 0.54354140625 0.5520833333333333
vt 0.54354140625 0.5419151985677084
vt 0.5 0.5419151985677084
vt 0.515625 0.5520833333333333
vt 0.5242334619140625 0.5520833333333333
vt 0.5242334619140625 0.49402812499999993
vt 0.515625 0.49402812499999993
vt 0.515625 0.5520833333333333
vt 0.5242334619140625 0.5520833333333333
vt 0.5242334619140625 0.49402812499999993
vt 0.515625 0.49402812499999993
vn -0.9330507701589049 0.10850903180694386 0.34298986912472207
vn -0.34019745421416736 0.0438614436234812 -0.9393305413481795
vn 0.9330507701589049 -0.10850903180694386 -0.34298986912472207
vn 0.34019745421416736 -0.0438614436234812 0.9393305413481795
vn 0.1169698783964226 0.9931273653361808 0.0040104573732041154
vn -0.1169698783964226 -0.9931273653361808 -0.0040104573732041154
usemtl m_fc449419-96b5-b234-1d06-9a4be0f18826
f 4/4/1 7/3/1 5/2/1 2/1/1
f 3/8/2 4/7/2 2/6/2 1/5/2
f 8/12/3 3/11/3 1/10/3 6/9/3
f 7/16/4 8/15/4 6/14/4 5/13/4
f 6/20/5 1/19/5 2/18/5 5/17/5
f 7/24/6 4/23/6 3/22/6 8/21/6
o cube
v 0.5196210735305722 0.07488418225949911 0.882118361078329
v 0.2862348518415787 0.0755354991808832 1.0045069609978872
v 0.517972436017528 0.0029656508965708595 0.879357258133378
v 0.2845862143285346 0.0036169678179548415 1.001745858052936
v 0.32392992041286695 0.07191095715802087 1.0764080233639581
v 0.5573161421018604 0.07125964023663678 0.9540194234443999
v 0.32228128289982294 -0.000007574204907434545 1.073646920419007
v 0.5556675045888162 -0.0006588911262914721 0.9512583204994489
vt 0.515625 0.5520833333333333
vt 0.5242334619140625 0.5520833333333333
vt 0.5242334619140625 0.5419151985677084
vt 0.515625 0.5419151985677084
vt 0.515625 0.5520833333333333
vt 0.54354140625 0.5520833333333333
vt 0.54354140625 0.5419151985677084
vt 0.515625 0.5419151985677084
vt 0.515625 0.5520833333333333
vt 0.5242334619140625 0.5520833333333333
vt 0.5242334619140625 0.5419151985677084
vt 0.515625 0.5419151985677084
vt 0.515625 0.5520833333333333
vt 0.54354140625 0.5520833333333333
vt 0.54354140625 0.5419151985677084
vt 0.515625 0.5419151985677084
vt 0.515625 0.5520833333333333
vt 0.5242334619140625 0.5520833333333333
vt 0.5242334619140625 0.5148614583333333
vt 0.515625 0.5148614583333333
vt 0.515625 0.5520833333333333
vt 0.5242334619140625 0.5520833333333333
vt 0.5242334619140625 0.5148614583333333
vt 0.515625 0.5148614583333333
vn -0.8856124417641512 0.0024715013805650635 0.46441844781776725
vn -0.4638600612455866 0.0446021283004831 -0.8847849985913572
vn 0.8856124417641512 -0.0024715013805650635 -0.46441844781776725
vn 0.4638600612455866 -0.0446021283004831 0.8847849985913572
vn 0.02290079854020106 0.9990017726871125 0.038353768970311314
vn -0.02290079854020106 -0.9990017726871125 -0.038353768970311314
usemtl m_fc449419-96b5-b234-1d06-9a4be0f18826
f 12/28/7 15/27/7 13/26/7 10/25/7
f 11/32/8 12/31/8 10/30/8 9/29/8
f 16/36/9 11/35/9 9/34/9 14/33/9
f 15/40/10 16/39/10 14/38/10 13/37/10
f 14/44/11 9/43/11 10/42/11 13/41/11
f 15/48/12 12/47/12 11/46/12 16/45/12
o cube
v 0.7680733311453911 0.08861345198867843 0.810275107633579
v 0.5157141384302641 0.07656555704033208 0.8852298150090916
v 0.7703366526585795 0.016765953457266503 0.806346853692038
v 0.5179774599434526 0.004718058508920042 0.8813015610675508
v 0.5389844427111465 0.07304593086546785 0.9630110687859732
v 0.7913436354262737 0.0850938258138142 0.8880563614104604
v 0.541247764224335 0.001198432334055921 0.9590828148444321
v 0.7936069569394619 0.01324632728240227 0.8841281074689196
vt 0.515625 0.5520833333333333
vt 0.5242334619140625 0.5520833333333333
vt 0.5242334619140625 0.5419151985677084
vt 0.515625 0.5419151985677084
vt 0.5078125 0.5520833333333333
vt 0.53572890625 0.5520833333333333
vt 0.53572890625 0.5419151985677084
vt 0.5078125 0.5419151985677084
vt 0.515625 0.5520833333333333
vt 0.5242334619140625 0.5520833333333333
vt 0.5242334619140625 0.5419151985677084
vt 0.515625 0.5419151985677084
vt 0.515625 0.5520833333333333
vt 0.54354140625 0.5520833333333333
vt 0.54354140625 0.5419151985677084
vt 0.515625 0.5419151985677084
vt 0.515625 0.5520833333333333
vt 0.5242334619140625 0.5520833333333333
vt 0.5242334619140625 0.5148614583333333
vt 0.515625 0.5148614583333333
vt 0.515625 0.5520833333333333
vt 0.5242334619140625 0.5520833333333333
vt 0.5242334619140625 0.5148614583333333
vt 0.515625 0.5148614583333333
vn -0.9576076909968397 -0.04571720466661215 0.284424765695908
vn -0.28635482512837956 0.043311076883877093 -0.9571442235864217
vn 0.9576076909968397 0.04571720466661215 -0.284424765695908
vn 0.28635482512837956 -0.043311076883877093 0.9571442235864217
vn -0.031439215470431825 0.9980150739425883 0.0545663624770222
vn 0.031439215470431825 -0.9980150739425883 -0.0545663624770222
usemtl m_fc449419-96b5-b234-1d06-9a4be0f18826
f 20/52/13 23/51/13 21/50/13 18/49/13
f 19/56/14 20/55/14 18/54/14 17/53/14
f 24/60/15 19/59/15 17/58/15 22/57/15
f 23/64/16 24/63/16 22/62/16 21/61/16
f 22/68/17 17/67/17 18/66/17 21/65/17
f 23/72/18 20/71/18 19/70/18 24/69/18
o cube
v 1.0444183898281312 0.10587664245404582 0.6537528093356224
v 0.7499957830312896 0.0876608588715454 0.8172823249473118
v 1.0466817113413196 0.0340291439226339 0.6498245553940813
v 0.752259104544478 0.015813360340133475 0.8133540710057707
v 0.7895575845241329 0.08502876913583512 0.8882171840442559
v 1.0839801913209746 0.10324455271833566 0.7246876684325665
v 0.7918209060373216 0.0131812706044232 0.884288930102715
v 1.086243512834163 0.03139705418692362 0.7207594144910257
vt 0.515625 0.5520833333333333
vt 0.5242334619140625 0.5520833333333333
vt 0.5242334619140625 0.5419151985677084
vt 0.515625 0.5419151985677084
vt 0.5078125 0.5520833333333333
vt 0.54354140625 0.5520833333333333
vt 0.54354140625 0.5419151985677084
vt 0.5078125 0.5419151985677084
vt 0.515625 0.5520833333333333
vt 0.5242334619140625 0.5520833333333333
vt 0.5242334619140625 0.5419151985677084
vt 0.515625 0.5419151985677084
vt 0.5 0.5520833333333333
vt 0.53572890625 0.5520833333333333
vt 0.53572890625 0.5419151985677084
vt 0.5 0.5419151985677084
vt 0.515625 0.5520833333333333
vt 0.5242334619140625 0.5520833333333333
vt 0.5242334619140625 0.5044447916666666
vt 0.515625 0.5044447916666666
vt 0.515625 0.5520833333333333
vt 0.5242334619140625 0.5520833333333333
vt 0.5242334619140625 0.5044447916666666
vt 0.515625 0.5044447916666666
vn -0.8729300373074559 -0.05400775713268782 0.4848466893110654
vn -0.4868313113358753 0.032389417297422986 -0.8728952972436761
vn 0.8729300373074559 0.05400775713268782 -0.4848466893110654
vn 0.4868313113358753 -0.032389417297422986 0.8728952972436761
vn -0.03143921547043173 0.9980150739425883 0.05456636247702206
vn 0.03143921547043173 -0.9980150739425883 -0.05456636247702206
usemtl m_fc449419-96b5-b234-1d06-9a4be0f18826
f 28/76/19 31/75/19 29/74/19 26/73/19
f 27/80/20 28/79/20 26/78/20 25/77/20
f 32/84/21 27/83/21 25/82/21 30/81/21
f 31/88/22 32/87/22 30/86/22 29/85/22
f 30/92/23 25/91/23 26/90/23 29/89/23
f 31/96/24 28/95/24 27/94/24 32/93/24
o cube
v 0.1220098585853826 0.047759052153401815 0.9822140083101902
v 0.07674142455714983 0.0810242815644946 0.765927896182969
v 0.11943189580389169 0.005010117419594451 0.9761787027140041
v 0.07416346177565902 0.03827534683068723 0.7598925905867828
v 0.029398303459875597 0.08244941493204716 0.7760559451869065
v 0.07466673748810837 0.04918418552095438 0.9923420573141277
v 0.02682034067838479 0.039700480198239796 0.7700206395907203
v 0.07208877470661745 0.006435250787147018 0.9863067517179416
vt 0.0625 0.8020833333333334
vt 0.06763085937499999 0.8020833333333334
vt 0.06763085937499999 0.795974609375
vt 0.0625 0.795974609375
vt 0.0625 0.8020833333333334
vt 0.08617187500000001 0.8020833333333334
vt 0.08617187500000001 0.795974609375
vt 0.0625 0.795974609375
vt 0.0625 0.8020833333333334
vt 0.06763085937499999 0.8020833333333334
vt 0.06763085937499999 0.795974609375
vt 0.0625 0.795974609375
vt 0.0625 0.8020833333333334
vt 0.08617187500000001 0.8020833333333334
vt 0.08617187500000001 0.795974609375
vt 0.0625 0.795974609375
vt 0.0625 0.8020833333333334
vt 0.06763085937499999 0.8020833333333334
vt 0.06763085937499999 0.7705208333333333
vt 0.0625 0.7705208333333333
vt 0.0625 0.8020833333333334
vt 0.06763085937499999 0.8020833333333334
vt 0.06763085937499999 0.7705208333333333
vt 0.0625 0.7705208333333333
vn -0.20257731846834562 0.14886269244769376 -0.9678854936610002
vn 0.9774505139669399 -0.029423437033725762 -0.20910464867832904
vn 0.20257731846834562 -0.14886269244769376 0.9678854936610002
vn -0.9774505139669399 0.029423437033725762 0.20910464867832904
vn 0.05960639888417615 0.9884200322486113 0.1395453942690864
vn -0.05960639888417615 -0.9884200322486113 -0.1395453942690864
usemtl m_fc449419-96b5-b234-1d06-9a4be0f18826
f 36/100/25 39/99/25 37/98/25 34/97/25
f 35/104/26 36/103/26 34/102/26 33/101/26
f 40/108/27 35/107/27 33/106/27 38/105/27
f 39/112/28 40/111/28 38/110/28 37/109/28
f 38/116/29 33/115/29 34/114/29 37/113/29
f 39/120/30 36/119/30 35/118/30 40/117/30
o cube
v -0.08607399902976398 0.0479119256726831 0.9327136846863426
v 0.06676384771679456 0.07289828321929215 0.6790376221682592
v -0.08746494306965091 0.0049824663142844505 0.9276472243350777
v 0.06537290367690762 0.0299688238608935 0.6739711618169946
v 0.025252627013280793 0.07714556186073351 0.6544457804962989
v -0.1275852197332777 0.052159204314124574 0.908121843014382
v 0.02386168297339386 0.034216102502334866 0.6493793201450342
v -0.12897616377316468 0.009229744955725927 0.9030553826631174
vt 0.0625 0.8020833333333334
vt 0.06763085937499999 0.8020833333333334
vt 0.06763085937499999 0.795974609375
vt 0.0625 0.795974609375
vt 0.0625 0.8020833333333334
vt 0.09398437500000001 0.8020833333333334
vt 0.09398437500000001 0.795974609375
vt 0.0625 0.795974609375
vt 0.0625 0.8020833333333334
vt 0.06763085937499999 0.8020833333333334
vt 0.06763085937499999 0.795974609375
vt 0.0625 0.795974609375
vt 0.0625 0.8020833333333334
vt 0.09398437500000001 0.8020833333333334
vt 0.09398437500000001 0.795974609375
vt 0.0625 0.795974609375
vt 0.0625 0.8020833333333334
vt 0.06763085937499999 0.8020833333333334
vt 0.06763085937499999 0.7601041666666667
vt 0.0625 0.7601041666666667
vt 0.0625 0.8020833333333334
vt 0.06763085937499999 0.8020833333333334
vt 0.06763085937499999 0.7601041666666667
vt 0.0625 0.7601041666666667
vn 0.5142376136486808 0.08406899961007358 -0.8535174749315163
vn 0.8570445520200538 -0.08768971277807769 0.5077254672809346
vn -0.5142376136486808 -0.08406899961007358 0.8535174749315163
vn -0.8570445520200538 0.08768971277807769 -0.5077254672809346
vn 0.03216073011694948 0.9925940346271781 0.1171442267501265
vn -0.03216073011694948 -0.9925940346271781 -0.1171442267501265
usemtl m_fc449419-96b5-b234-1d06-9a4be0f18826
f 44/124/31 47/123/31 45/122/31 42/121/31
f 43/128/32 44/127/32 42/126/32 41/125/32
f 48/132/33 43/131/33 41/130/33 46/129/33
f 47/136/34 48/135/34 46/134/34 45/133/34
f 46/140/35 41/139/35 42/138/35 45/137/35
f 47/144/36 44/143/36 43/142/36 48/141/36
o cube
v 0.07712919749574443 0.08053785202772679 0.7730826922396576
v 0.05629680444160645 0.05670247169439013 0.3036237891725171
v 0.07691172882185704 0.037344759270172445 0.7752853433764981
v 0.05607933576771895 0.013509378936835792 0.3058264403093576
v 0.00790960094469706 0.057054677105619955 0.3057531050414357
v 0.028741993998835147 0.08089005743895661 0.7752120081085763
v 0.007692132270809671 0.013861584348065614 0.3079557561782764
v 0.028524525324947647 0.03769696468140227 0.7774146592454168
vt 0.0625 0.8020833333333334
vt 0.06763085937499999 0.8020833333333334
vt 0.06763085937499999 0.795974609375
vt 0.0625 0.795974609375
vt 0.0625 0.8020833333333334
vt 0.11234374999999999 0.8020833333333334
vt 0.11234374999999999 0.795974609375
vt 0.0625 0.795974609375
vt 0.0625 0.8020833333333334
vt 0.06763085937499999 0.8020833333333334
vt 0.06763085937499999 0.795974609375
vt 0.0625 0.795974609375
vt 0.0625 0.8020833333333334
vt 0.11234374999999999 0.8020833333333334
vt 0.11234374999999999 0.795974609375
vt 0.0625 0.795974609375
vt 0.0625 0.8020833333333334
vt 0.06763085937499999 0.8020833333333334
vt 0.06763085937499999 0.735625
vt 0.0625 0.735625
vt 0.0625 0.8020833333333334
vt 0.06763085937499999 0.8020833333333334
vt 0.06763085937499999 0.735625
vt 0.0625 0.735625
vn -0.044274784664232576 -0.05065699024140409 -0.9977342395561146
vn 0.9990067370146414 -0.007271665919979915 -0.043962054934997406
vn 0.044274784664232576 0.05065699024140409 0.9977342395561146
vn -0.9990067370146414 0.007271665919979915 0.043962054934997406
vn 0.00502820467914305 0.9986896375823827 -0.05092862597080498
vn -0.00502820467914305 -0.9986896375823827 0.05092862597080498
usemtl m_fc449419-96b5-b234-1d06-9a4be0f18826
f 52/148/37 55/147/37 53/146/37 50/145/37
f 51/152/38 52/151/38 50/150/38 49/149/38
f 56/156/39 51/155/39 49/154/39 54/153/39
f 55/160/40 56/159/40 54/158/40 53/157/40
f 54/164/41 49/163/41 50/162/41 53/161/41
f 55/168/42 52/167/42 51/166/42 56/165/42
o cube
v 0.05690534069276465 0.056817325409235564 0.3025986086411785
v 0.00768033480822361 0.04264960445525057 0.024046156202153335
v 0.05717798907011529 0.013621834446564285 0.3047474338954851
v 0.007952983185574247 -0.000545886507420712 0.02619498145645993
v -0.040016836565409886 0.042767552120510643 0.032469067116743355
v 0.009208169319131154 0.05693527307449553 0.3110215195557686
v -0.03974418818805925 -0.0004279388421606911 0.03461789237104995
v 0.009480817696481791 0.01373978211182425 0.3131703448100751
vt 0.0625 0.8020833333333334
vt 0.06763085937499999 0.8020833333333334
vt 0.06763085937499999 0.795974609375
vt 0.0625 0.795974609375
vt 0.0625 0.8020833333333334
vt 0.09250244140625 0.8020833333333334
vt 0.09250244140625 0.795974609375
vt 0.0625 0.795974609375
vt 0.0625 0.8020833333333334
vt 0.06763085937499999 0.8020833333333334
vt 0.06763085937499999 0.795974609375
vt 0.0625 0.795974609375
vt 0.0625 0.8020833333333334
vt 0.09250244140625 0.8020833333333334
vt 0.09250244140625 0.795974609375
vt 0.0625 0.795974609375
vt 0.046875 0.7708333333333334
vt 0.05200585937499999 0.7708333333333334
vt 0.05200585937499999 0.730830078125
vt 0.046875 0.730830078125
vt 0.0625 0.8020833333333334
vt 0.06763085937499999 0.8020833333333334
vt 0.06763085937499999 0.762080078125
vt 0.0625 0.762080078125
vn -0.1738029670525592 -0.05002319235778096 -0.9835091300389964
vn 0.9847602691452406 -0.0024351585480123046 -0.17390020792350877
vn 0.1738029670525592 0.05002319235778096 0.9835091300389964
vn -0.9847602691452406 0.0024351585480123046 0.17390020792350877
vn -0.006304042886953179 0.9987450877121662 -0.04968409015064045
vn 0.006304042886953179 -0.9987450877121662 0.04968409015064045
usemtl m_fc449419-96b5-b234-1d06-9a4be0f18826
f 60/172/43 63/171/43 61/170/43 58/169/43
f 59/176/44 60/175/44 58/174/44 57/173/44
f 64/180/45 59/179/45 57/178/45 62/177/45
f 63/184/46 64/183/46 62/182/46 61/181/46
f 62/188/47 57/187/47 58/186/47 61/185/47
f 63/192/48 60/191/48 59/190/48 64/189/48
o cube
v 1.2691416091021013 0.05237797840394087 0.5207558103455356
v 1.073404486962492 0.07557272421143779 0.14486134656343674
v 1.2703763876249377 -0.01225864238721519 0.5161243987356658
v 1.0746392654853283 0.01093610342028184 0.14022993495356695
v 1.009013578435133 0.07195611256708279 0.17816804816621
v 1.2047507005747424 0.04876136675958587 0.5540625119483089
v 1.0102483569579692 0.007319491775926834 0.1735366365563401
v 1.2059854790975786 -0.015875254031570196 0.5494311003384391
vt 0.625 0.8854166666666666
vt 0.6315161914062499 0.8854166666666666
vt 0.6315161914062499 0.8776585872395833
vt 0.625 0.8776585872395833
vt 0.625 0.8854166666666666
vt 0.6631031005859376 0.8854166666666666
vt 0.6631031005859376 0.8776585872395833
vt 0.625 0.8776585872395833
vt 0.625 0.8854166666666666
vt 0.6315161914062499 0.8854166666666666
vt 0.6315161914062499 0.8776585872395833
vt 0.625 0.8776585872395833
vt 0.625 0.8854166666666666
vt 0.6631031005859376 0.8854166666666666
vt 0.6631031005859376 0.8776585872395833
vt 0.625 0.8776585872395833
vt 0.625 0.8854166666666666
vt 0.6315161914062499 0.8854166666666666
vt 0.6315161914062499 0.8346125325520833
vt 0.625 0.8346125325520833
vt 0.625 0.8854166666666666
vt 0.6315161914062499 0.8854166666666666
vt 0.6315161914062499 0.8346125325520833
vt 0.625 0.8346125325520833
vn -0.46116769792117 0.05464812913863484 -0.8856285544040094
vn 0.8871084549134595 0.04982577263190205 -0.4588637941728338
vn 0.46116769792117 -0.05464812913863484 0.8856285544040094
vn -0.8871084549134595 -0.04982577263190205 0.4588637941728338
vn -0.0190510791070533 0.997261738142641 0.07145685426588347
vn 0.0190510791070533 -0.997261738142641 -0.07145685426588347
usemtl m_fc449419-96b5-b234-1d06-9a4be0f18826
f 68/196/49 71/195/49 69/194/49 66/193/49
f 67/200/50 68/199/50 66/198/50 65/197/50
f 72/204/51 67/203/51 65/202/51 70/201/51
f 71/208/52 72/207/52 70/206/52 69/205/52
f 70/212/53 65/211/53 66/210/53 69/209/53
f 71/216/54 68/215/54 67/214/54 72/213/54
o cube
v 1.08293467678326 0.056962878752272905 0.17979098447871555
v 1.1081305378539137 0.06589182766247303 0.06189479587518443
v 1.0838484128901587 0.009131779366817527 0.17636373988741183
v 1.1090442739608126 0.018060728277017546 0.0584675512838807
v 1.05560707958435 0.06569382502488297 0.05065489296872483
v 1.0304112185136962 0.05676487611468284 0.16855108157225596
v 1.056520815691249 0.01786272563942748 0.047227648377421105
v 1.031324954620595 0.00893377672922735 0.16512383698095223
vt 0.625 0.8854166666666666
vt 0.629821981640625 0.8854166666666666
vt 0.629821981640625 0.879675687890625
vt 0.625 0.879675687890625
vt 0.625 0.8854166666666666
vt 0.6358525444335937 0.8854166666666666
vt 0.6358525444335937 0.879675687890625
vt 0.625 0.879675687890625
vt 0.625 0.8854166666666666
vt 0.629821981640625 0.8854166666666666
vt 0.629821981640625 0.879675687890625
vt 0.625 0.879675687890625
vt 0.625 0.8854166666666666
vt 0.6358525444335937 0.8854166666666666
vt 0.6358525444335937 0.879675687890625
vt 0.625 0.879675687890625
vt 0.625 0.8854166666666666
vt 0.629821981640625 0.8854166666666666
vt 0.629821981640625 0.870946607421875
vt 0.625 0.870946607421875
vt 0.625 0.8854166666666666
vt 0.629821981640625 0.8854166666666666
vt 0.629821981640625 0.870946607421875
vt 0.625 0.870946607421875
vn 0.20842203441440973 0.07386092865918226 -0.9752460298756217
vn 0.9778534204856144 0.0036863063250506993 0.20925845070214605
vn -0.20842203441440973 -0.07386092865918226 0.9752460298756217
vn -0.9778534204856144 -0.0036863063250506993 -0.20925845070214605
vn -0.0190510791070533 0.997261738142641 0.07145685426588354
vn 0.0190510791070533 -0.997261738142641 -0.07145685426588354
usemtl m_fc449419-96b5-b234-1d06-9a4be0f18826
f 76/220/55 79/219/55 77/218/55 74/217/55
f 75/224/56 76/223/56 74/222/56 73/221/56
f 80/228/57 75/227/57 73/226/57 78/225/57
f 79/232/58 80/231/58 78/230/58 77/229/58
f 78/236/59 73/235/59 74/234/59 77/233/59
f 79/240/60 76/239/60 75/238/60 80/237/60
o cube
v 1.0732003431388715 0.06610794138080589 0.13930951561744487
v 0.8603883424081746 0.0457351975379785 0.0038688448074570836
v 1.0775170079583234 0.0015043827936698229 0.14224448095202347
v 0.8647050072276268 -0.018868361049157567 0.006803810142035793
v 0.8214041807414492 0.04591195390913716 0.06509636516186057
v 1.0342161814721458 0.06628469775196455 0.20053703597184835
v 0.8257208455609011 -0.018691604677998908 0.06803133049643928
v 1.038532846291598 0.0016811391648284824 0.20347200130642706
vt 0.625 0.8854166666666666
vt 0.6315161914062499 0.8854166666666666
vt 0.6315161914062499 0.8776585872395833
vt 0.625 0.8776585872395833
vt 0.625 0.8854166666666666
vt 0.64771953125 0.8854166666666666
vt 0.64771953125 0.8776585872395833
vt 0.625 0.8776585872395833
vt 0.625 0.8854166666666666
vt 0.6315161914062499 0.8854166666666666
vt 0.6315161914062499 0.8776585872395833
vt 0.625 0.8776585872395833
vt 0.625 0.8854166666666666
vt 0.64771953125 0.8854166666666666
vt 0.64771953125 0.8776585872395833
vt 0.625 0.8776585872395833
vt 0.625 0.8551239583333333
vt 0.6315161914062499 0.8551239583333333
vt 0.6315161914062499 0.8854166666666666
vt 0.625 0.8854166666666666
vt 0.625 0.8854166666666666
vt 0.6315161914062499 0.8854166666666666
vt 0.6315161914062499 0.8551239583333333
vt 0.625 0.8551239583333333
vn -0.8408968901547691 -0.08050005113683507 -0.535174889073661
vn 0.5370817125149149 -0.002435158548011976 -0.8435267062072738
vn 0.8408968901547691 0.08050005113683507 0.535174889073661
vn -0.5370817125149149 0.002435158548011976 0.8435267062072738
vn -0.0666007072791625 0.9967516299308534 -0.04528282257216667
vn 0.0666007072791625 -0.9967516299308534 0.04528282257216667
usemtl m_fc449419-96b5-b234-1d06-9a4be0f18826
f 84/244/61 87/243/61 85/242/61 82/241/61
f 83/248/62 84/247/62 82/246/62 81/245/62
f 88/252/63 83/251/63 81/250/63 86/249/63
f 87/256/64 88/255/64 86/254/64 85/253/64
f 86/260/65 81/259/65 82/258/65 85/257/65
f 87/264/66 84/263/66 83/262/66 88/261/66
o cube
v 0.8813225799802318 0.043062380194641925 0.024004637547273222
v 0.6868455150816422 0.05285538495586317 -0.16709622839308813
v 0.879457616643132 -0.013934350461041856 0.022981739729512674
v 0.6849805517445426 -0.004141345699820609 -0.16811912621084862
v 0.6420951680413882 0.053501740114767826 -0.12152214968928765
v 0.8365722329399778 0.04370873535354658 0.0695787162510737
v 0.6402302047042887 -0.0034949905409159543 -0.12254504750704814
v 0.8347072696028781 -0.013287995302137257 0.06855581843331326
vt 0.625 0.8854166666666666
vt 0.6315161914062499 0.8854166666666666
vt 0.6315161914062499 0.8776585872395833
vt 0.625 0.8776585872395833
vt 0.625 0.8854166666666666
vt 0.6528328125 0.8854166666666666
vt 0.6528328125 0.8776585872395833
vt 0.625 0.8776585872395833
vt 0.625 0.8854166666666666
vt 0.6315161914062499 0.8854166666666666
vt 0.6315161914062499 0.8776585872395833
vt 0.625 0.8776585872395833
vt 0.625 0.8854166666666666
vt 0.6528328125 0.8854166666666666
vt 0.6528328125 0.8776585872395833
vt 0.625 0.8776585872395833
vt 0.625 0.84830625
vt 0.6315161914062499 0.84830625
vt 0.6315161914062499 0.8854166666666666
vt 0.625 0.8854166666666666
vt 0.625 0.8854166666666666
vt 0.6315161914062499 0.8854166666666666
vt 0.6315161914062499 0.84830625
vt 0.625 0.84830625
vn -0.7128113785942646 0.03589402805963966 -0.7004366904269064
vn 0.7005931732168885 -0.010119072627409338 -0.7134891800238125
vn 0.7128113785942646 -0.03589402805963966 0.7004366904269064
vn -0.7005931732168885 0.010119072627409338 0.7134891800238125
vn 0.03269777038935612 0.9993043696085869 0.01793412090819986
vn -0.03269777038935612 -0.9993043696085869 -0.01793412090819986
usemtl m_fc449419-96b5-b234-1d06-9a4be0f18826
f 92/268/67 95/267/67 93/266/67 90/265/67
f 91/272/68 92/271/68 90/270/68 89/269/68
f 96/276/69 91/275/69 89/274/69 94/273/69
f 95/280/70 96/279/70 94/278/70 93/277/70
f 94/284/71 89/283/71 90/282/71 93/281/71
f 95/288/72 92/287/72 91/286/72 96/285/72
o cube
v 0.44053312849983084 0.07511735580106471 0.5792353305327147
v 0.41317171883699233 0.10654383345885399 0.26771078821040906
v 0.4402090729189435 -0.001989625954469665 0.5714852694816666
v 0.4128476632561049 0.029436851703319666 0.2599607271593609
v 0.326714200137625 0.10614796152444206 0.2752644747017583
v 0.3540756098004636 0.07472148386665278 0.5867890170240639
v 0.32639014455673765 0.029040979768907738 0.26751441365071027
v 0.35375155421957627 -0.0023854978888815936 0.5790389559730158
vt 0.2109375 0.48958333333333337
vt 0.2176481715 0.48958333333333337
vt 0.2176481715 0.4815937088333334
vt 0.2109375 0.4815937088333334
vt 0.2109375 0.48958333333333337
vt 0.235239965 0.48958333333333337
vt 0.235239965 0.4815937088333334
vt 0.2109375 0.4815937088333334
vt 0.2109375 0.48958333333333337
vt 0.2176481715 0.48958333333333337
vt 0.2176481715 0.4815937088333334
vt 0.2109375 0.4815937088333334
vt 0.2109375 0.48958333333333337
vt 0.235239965 0.48958333333333337
vt 0.235239965 0.4815937088333334
vt 0.2109375 0.4815937088333334
vt 0.2109375 0.48958333333333337
vt 0.2176481715 0.48958333333333337
vt 0.2176481715 0.4571800466666667
vt 0.2109375 0.4571800466666667
vt 0.2109375 0.48958333333333337
vt 0.2176481715 0.48958333333333337
vt 0.2176481715 0.4571800466666667
vt 0.2109375 0.4571800466666667
vn -0.08705537301639632 0.09998913684648426 -0.9911728076080736
vn 0.9961946980917457 0.0045613791387627105 -0.08703629883128373
vn 0.08705537301639632 -0.09998913684648426 0.9911728076080736
vn -0.9961946980917457 -0.0045613791387627105 0.08703629883128373
vn 0.004181569426920396 0.9949780732925965 0.1000057405556318
vn -0.004181569426920396 -0.9949780732925965 -0.1000057405556318
usemtl m_fc449419-96b5-b234-1d06-9a4be0f18826
f 100/292/73 103/291/73 101/290/73 98/289/73
f 99/296/74 100/295/74 98/294/74 97/293/74
f 104/300/75 99/299/75 97/298/75 102/297/75
f 103/304/76 104/303/76 102/302/76 101/301/76
f 102/308/77 97/307/77 98/306/77 101/305/77
f 103/312/78 100/311/78 99/310/78 104/309/78
o cube
v 0.3768321094789122 0.07343431377816378 0.8286579098406874
v 0.4357328991265712 0.06929606620354178 0.5415864193086244
v 0.37387473346540956 0.011131464633769017 0.8289492408667272
v 0.43277552311306844 0.006993217059147017 0.5418777503346643
v 0.3673861381010497 0.07247454544014897 0.5275173401368498
v 0.3084853484533907 0.07661279301477097 0.8145888306689129
v 0.36442876208754693 0.010171696295754207 0.5278086711628898
v 0.30552797243988805 0.014309943870376207 0.8148801616949526
vt 0.2109375 0.48958333333333337
vt 0.2163386613876 0.48958333333333337
vt 0.2163386613876 0.48315279186653337
vt 0.2109375 0.48315279186653337
vt 0.2109375 0.48958333333333337
vt 0.2335993360731875 0.48958333333333337
vt 0.2335993360731875 0.48315279186653337
vt 0.2109375 0.48315279186653337
vt 0.2109375 0.48958333333333337
vt 0.2163386613876 0.48958333333333337
vt 0.2163386613876 0.48315279186653337
vt 0.2109375 0.48315279186653337
vt 0.2109375 0.48958333333333337
vt 0.2335993360731875 0.48958333333333337
vt 0.2335993360731875 0.48315279186653337
vt 0.2109375 0.48315279186653337
vt 0.2109375 0.48958333333333337
vt 0.2163386613876 0.48958333333333337
vt 0.2163386613876 0.4593675519024166
vt 0.2109375 0.4593675519024166
vt 0.2109375 0.48958333333333337
vt 0.2163386613876 0.48958333333333337
vt 0.2163386613876 0.4593675519024166
vt 0.2109375 0.4593675519024166
vn 0.2009710316958158 -0.014119808740417244 -0.9794954187847198
vn 0.9784490644356695 -0.045502961496964645 0.20141228562321853
vn -0.2009710316958158 0.014119808740417244 0.9794954187847198
vn -0.9784490644356695 0.045502961496964645 -0.20141228562321853
vn 0.047413845278384485 0.9988644109668439 -0.004670736534811859
vn -0.047413845278384485 -0.9988644109668439 0.004670736534811859
usemtl m_fc449419-96b5-b234-1d06-9a4be0f18826
f 108/316/79 111/315/79 109/314/79 106/313/79
f 107/320/80 108/319/80 106/318/80 105/317/80
f 112/324/81 107/323/81 105/322/81 110/321/81
f 111/328/82 112/327/82 110/326/82 109/325/82
f 110/332/83 105/331/83 106/330/83 109/329/83
f 111/336/84 108/335/84 107/334/84 112/333/84
o cube
v 0.33800014368678266 0.09924295305532138 0.2500009081380373
v 0.30165440125841103 0.10137948275038511 0.250104426716093
v 0.3344251520649417 0.03859459065556903 0.24653585429261948
v 0.2980794096365701 0.040731120350632644 0.24663937287067517
v 0.30161769833832786 0.09725848782086588 0.32227150339673494
v 0.3379634407666995 0.09512195812580226 0.32216798481867925
v 0.2980427067164869 0.036610125421113526 0.3188064495513171
v 0.33438844914485855 0.0344735957260498 0.3187029309732614
vt 0.2109375 0.48958333333333337
vt 0.21652674996275006 0.48958333333333337
vt 0.21652674996275006 0.48330963434133334
vt 0.2109375 0.48330963434133334
vt 0.2109375 0.48958333333333337
vt 0.21375271648656247 0.48958333333333337
vt 0.21375271648656247 0.48330963434133334
vt 0.2109375 0.48330963434133334
vt 0.2109375 0.48958333333333337
vt 0.21652674996275006 0.48958333333333337
vt 0.21652674996275006 0.48330963434133334
vt 0.2109375 0.48330963434133334
vt 0.2109375 0.48958333333333337
vt 0.21375271648656247 0.48958333333333337
vt 0.21375271648656247 0.48330963434133334
vt 0.2109375 0.48330963434133334
vt 0.2109375 0.48958333333333337
vt 0.21652674996275006 0.48958333333333337
vt 0.21652674996275006 0.4858297113512501
vt 0.2109375 0.4858297113512501
vt 0.2109375 0.48958333333333337
vt 0.21652674996275006 0.48958333333333337
vt 0.21652674996275006 0.4858297113512501
vt 0.2109375 0.4858297113512501
vn -0.9982726802416451 0.05868195509584993 0.0028432427422294152
vn 0.0005077553686594363 0.0570106491510759 -0.9983734411871436
vn 0.9982726802416451 -0.05868195509584993 -0.0028432427422294152
vn -0.0005077553686594363 -0.0570106491510759 0.9983734411871436
vn 0.0587486005590617 0.9966474873441973 0.056941969608103944
vn -0.0587486005590617 -0.9966474873441973 -0.056941969608103944
usemtl m_fc449419-96b5-b234-1d06-9a4be0f18826
f 116/340/85 119/339/85 117/338/85 114/337/85
f 115/344/86 116/343/86 114/342/86 113/341/86
f 120/348/87 115/347/87 113/346/87 118/345/87
f 119/352/88 120/351/88 118/350/88 117/349/88
f 118/356/89 113/355/89 114/354/89 117/353/89
f 119/360/90 116/359/90 115/358/90 120/357/90
o cube
v 0.4143334796805248 0.12245836675191824 0.31350018016288717
v 0.5364368398802803 0.10336074512995508 0.019856286736111173
v 0.4153887800019114 0.023348746043435176 0.32038475633117114
v 0.537492140201667 0.004251124421471908 0.026740862904395146
v 0.4336734904167421 0.09931652156788928 -0.02261187113364027
v 0.31157013021698654 0.11841414318985255 0.2710320222931357
v 0.43472879073812865 0.00020690085940622271 -0.015727294965356353
v 0.3126254305383731 0.01930452248136938 0.2779165984614197
vt 0.2109375 0.48958333333333337
vt 0.219540925 0.48958333333333337
vt 0.219540925 0.47934022499999995
vt 0.2109375 0.47934022499999995
vt 0.2109375 0.48958333333333337
vt 0.23557189648437504 0.48958333333333337
vt 0.23557189648437504 0.47934022499999995
vt 0.2109375 0.47934022499999995
vt 0.2109375 0.48958333333333337
vt 0.219540925 0.48958333333333337
vt 0.219540925 0.47934022499999995
vt 0.2109375 0.47934022499999995
vt 0.2109375 0.48958333333333337
vt 0.23557189648437504 0.48958333333333337
vt 0.23557189648437504 0.47934022499999995
vt 0.2109375 0.47934022499999995
vt 0.2100830078125 0.48457845052083337
vt 0.2186864328125 0.48457845052083337
vt 0.2186864328125 0.45173258854166665
vt 0.2100830078125 0.45173258854166665
vt 0.2109375 0.48958333333333337
vt 0.219540925 0.48958333333333337
vt 0.219540925 0.45673747135416665
vt 0.2109375 0.45673747135416665
vn 0.3832596751298733 -0.05994387252416936 -0.9216934162540981
vn 0.9235795595148217 0.036347221412410494 0.3816800711879065
vn -0.3832596751298733 0.05994387252416936 0.9216934162540981
vn -0.9235795595148217 -0.036347221412410494 -0.3816800711879065
vn -0.010621613142645012 0.9975397794786951 -0.06929335965187897
vn 0.010621613142645012 -0.9975397794786951 0.06929335965187897
usemtl m_fc449419-96b5-b234-1d06-9a4be0f18826
f 124/364/91 127/363/91 125/362/91 122/361/91
f 123/368/92 124/367/92 122/366/92 121/365/92
f 128/372/93 123/371/93 121/370/93 126/369/93
f 127/376/94 128/375/94 126/374/94 125/373/94
f 126/380/95 121/379/95 122/378/95 125/377/95
f 127/384/96 124/383/96 123/382/96 128/381/96