# Made in Blockbench 4.8.3
mtllib floortwig_5.mtl

o cube
v 0.5634058859371671 0.04439009100893121 0.21156065643663102
v 0.322336427769351 0.04439009100893121 -0.07573473639960238
v 0.5634058859371671 -0.005823619928568835 0.21156065643663102
v 0.322336427769351 -0.005823619928568835 -0.07573473639960238
v 0.2792585169827764 0.04439009100893121 -0.039588077346699724
v 0.5203279751505923 0.04439009100893121 0.24770731548953373
v 0.2792585169827764 -0.005823619928568835 -0.039588077346699724
v 0.5203279751505923 -0.005823619928568835 0.24770731548953373
vt 0.359375 0.6770833333333333
vt 0.364505859375 0.6770833333333333
vt 0.364505859375 0.670974609375
vt 0.359375 0.670974609375
vt 0.359375 0.6770833333333333
vt 0.39359375 0.6770833333333333
vt 0.39359375 0.670974609375
vt 0.359375 0.670974609375
vt 0.359375 0.6770833333333333
vt 0.364505859375 0.6770833333333333
vt 0.364505859375 0.670974609375
vt 0.359375 0.670974609375
vt 0.359375 0.6770833333333333
vt 0.39359375 0.6770833333333333
vt 0.39359375 0.670974609375
vt 0.359375 0.670974609375
vt 0.359375 0.6770833333333333
vt 0.364505859375 0.6770833333333333
vt 0.364505859375 0.6314583333333332
vt 0.359375 0.6314583333333332
vt 0.359375 0.6770833333333333
vt 0.364505859375 0.6770833333333333
vt 0.364505859375 0.6314583333333332
vt 0.359375 0.6314583333333332
vn -0.6427876096865406 0 -0.766044443118977
vn 0.766044443118977 0 -0.6427876096865406
vn 0.6427876096865406 0 0.766044443118977
vn -0.766044443118977 0 0.6427876096865406
vn 0 1 0
vn 0 -1 0
usemtl m_fc449419-96b5-b234-1d06-9a4be0f18826
f 4/4/1 7/3/1 5/2/1 2/1/1
f 3/8/2 4/7/2 2/6/2 1/5/2
f 8/12/3 3/11/3 1/10/3 6/9/3
f 7/16/4 8/15/4 6/14/4 5/13/4
f 6/20/5 1/19/5 2/18/5 5/17/5
f 7/24/6 4/23/6 3/22/6 8/21/6
o cube
v 0.6824814049349981 0.04439009100893121 0.4214761508310009
v 0.5576093834506226 0.04439009100893121 0.2051914651762311
v 0.6824814049349981 -0.005823619928568835 0.4214761508310009
v 0.5576093834506226 -0.005823619928568835 0.2051914651762311
v 0.5089091214511514 0.04439009100893121 0.23330857455123133
v 0.6337811429355267 0.04439009100893121 0.4495932602060011
v 0.5089091214511514 -0.005823619928568835 0.23330857455123133
v 0.6337811429355267 -0.005823619928568835 0.4495932602060011
vt 0.359375 0.6770833333333333
vt 0.364505859375 0.6770833333333333
vt 0.364505859375 0.670974609375
vt 0.359375 0.670974609375
vt 0.359375 0.6770833333333333
vt 0.382161865234375 0.6770833333333333
vt 0.382161865234375 0.670974609375
vt 0.359375 0.670974609375
vt 0.359375 0.6770833333333333
vt 0.364505859375 0.6770833333333333
vt 0.364505859375 0.670974609375
vt 0.359375 0.670974609375
vt 0.359375 0.6770833333333333
vt 0.382161865234375 0.6770833333333333
vt 0.382161865234375 0.670974609375
vt 0.359375 0.670974609375
vt 0.359375 0.6770833333333333
vt 0.364505859375 0.6770833333333333
vt 0.364505859375 0.6467008463541666
vt 0.359375 0.6467008463541666
vt 0.359375 0.6770833333333333
vt 0.364505859375 0.6770833333333333
vt 0.364505859375 0.6467008463541666
vt 0.359375 0.6467008463541666
vn -0.5000000000000013 0 -0.8660254037844378
vn 0.8660254037844378 0 -0.5000000000000013
vn 0.5000000000000013 0 0.8660254037844378
vn -0.8660254037844378 0 0.5000000000000013
vn 0 1 0
vn 0 -1 0
usemtl m_fc449419-96b5-b234-1d06-9a4be0f18826
f 12/28/7 15/27/7 13/26/7 10/25/7
f 11/32/8 12/31/8 10/30/8 9/29/8
f 16/36/9 11/35/9 9/34/9 14/33/9
f 15/40/10 16/39/10 14/38/10 13/37/10
f 14/44/11 9/43/11 10/42/11 13/41/11
f 15/48/12 12/47/12 11/46/12 16/45/12
o cube
v 0.3248340740664625 0.04384054686176864 -0.07468176538461258
v 0.20527945113629953 0.05896301057839726 -0.1793813829425175
v 0.32174048455620197 -0.006141990111327322 -0.07836856179747725
v 0.20218586162603902 0.008980473605301298 -0.18306817935538217
v 0.16817633917382557 0.05814309427610287 -0.13713242818171667
v 0.2877309621039885 0.04302063055947425 -0.03243281062381176
v 0.16508274966356506 0.008160557303007021 -0.14081922459458135
v 0.284637372593728 -0.006961906413621655 -0.03611960703667644
vt 0.359375 0.6770833333333333
vt 0.364505859375 0.6770833333333333
vt 0.364505859375 0.670974609375
vt 0.359375 0.670974609375
vt 0.359375 0.6770833333333333
vt 0.3739404296875 0.6770833333333333
vt 0.3739404296875 0.670974609375
vt 0.359375 0.670974609375
vt 0.359375 0.6770833333333333
vt 0.364505859375 0.6770833333333333
vt 0.364505859375 0.670974609375
vt 0.359375 0.670974609375
vt 0.359375 0.6770833333333333
vt 0.3739404296875 0.6770833333333333
vt 0.3739404296875 0.670974609375
vt 0.359375 0.670974609375
vt 0.359375 0.6770833333333333
vt 0.364505859375 0.6770833333333333
vt 0.364505859375 0.6576627604166667
vt 0.359375 0.6576627604166667
vt 0.359375 0.6770833333333333
vt 0.364505859375 0.6770833333333333
vt 0.364505859375 0.6576627604166667
vt 0.359375 0.6576627604166667
vn -0.7489149822258417 0.09473025273280782 -0.6558601440969298
vn 0.6597959887630522 0.014580380425297239 -0.751303311398825
vn 0.7489149822258417 -0.09473025273280782 0.6558601440969298
vn -0.6597959887630522 -0.014580380425297239 0.751303311398825
vn 0.06160846216108263 0.9953961983671789 0.07342210611467427
vn -0.06160846216108263 -0.9953961983671789 -0.07342210611467427
usemtl m_fc449419-96b5-b234-1d06-9a4be0f18826
f 20/52/13 23/51/13 21/50/13 18/49/13
f 19/56/14 20/55/14 18/54/14 17/53/14
f 24/60/15 19/59/15 17/58/15 22/57/15
f 23/64/16 24/63/16 22/62/16 21/61/16
f 22/68/17 17/67/17 18/66/17 21/65/17
f 23/72/18 20/71/18 19/70/18 24/69/18
o cube
v -0.14796049140794054 0.1480363774812531 0.2564371626380616
v 0.019282611052181653 0.15080736138164785 0.68066090964925
v -0.15644999593819386 0.005837078656420358 0.26071283804864165
v 0.01079310652192833 0.008608062556815121 0.6849365850598299
v 0.1498330047214289 0.1414676190896762 0.629254611103367
v -0.017410097738693286 0.13869663518928144 0.20503086409217852
v 0.1413435001911756 -0.0007316797351565874 0.6335302865139469
v -0.02589960226894661 -0.0035026636355513507 0.20930653950275857
vt 0.640625 0.9375
vt 0.6513167096972656 0.9375
vt 0.6513167096972656 0.9230518406835938
vt 0.640625 0.9230518406835938
vt 0.640625 0.9375
vt 0.6752971765625 0.9375
vt 0.6752971765625 0.9230518406835938
vt 0.640625 0.9230518406835938
vt 0.640625 0.9375
vt 0.6513167096972656 0.9375
vt 0.6513167096972656 0.9230518406835938
vt 0.640625 0.9230518406835938
vt 0.640625 0.9375
vt 0.6752971765625 0.9375
vt 0.6752971765625 0.9230518406835938
vt 0.640625 0.9230518406835938
vt 0.625 0.8854166666666666
vt 0.6378300516367187 0.8854166666666666
vt 0.6378300516367187 0.8299411841666666
vt 0.625 0.8299411841666666
vt 0.640625 0.9375
vt 0.6513167096972656 0.9375
vt 0.6513167096972656 0.89127043125
vt 0.640625 0.89127043125
vn 0.3667543804002732 0.006076606260821634 0.9302979626515169
vn -0.9284087551917505 0.06641955088293049 0.3655757466569881
vn -0.3667543804002732 -0.006076606260821634 -0.9302979626515169
vn 0.9284087551917505 -0.06641955088293049 -0.3655757466569881
vn 0.059568512995678585 0.9977732799172669 -0.0300012356849334
vn -0.059568512995678585 -0.9977732799172669 0.0300012356849334
usemtl m_fc449419-96b5-b234-1d06-9a4be0f18826
f 28/76/19 31/75/19 29/74/19 26/73/19
f 27/80/20 28/79/20 26/78/20 25/77/20
f 32/84/21 27/83/21 25/82/21 30/81/21
f 31/88/22 32/87/22 30/86/22 29/85/22
f 30/92/23 25/91/23 26/90/23 29/89/23
f 31/96/24 28/95/24 27/94/24 32/93/24
o cube
v 0.020511462819425064 0.15065993910194497 0.6781979064629406
v 0.24677319075625948 0.14905616020186196 1.0741104972765612
v 0.01202195828917163 0.008460640277112241 0.6824735818735208
v 0.23828368622600604 0.006856861377029122 1.0783861726871413
v 0.3685723623890408 0.1396904602358524 1.0044650447532324
v 0.14231063445220637 0.14129423913593542 0.6085524539396117
v 0.36008285785878735 -0.002508838588980433 1.0087407201638123
v 0.13382112992195305 -0.0009050596888974249 0.6128281293501918
vt 0.640625 0.9375
vt 0.6513167096972656 0.9375
vt 0.6513167096972656 0.9230518406835938
vt 0.640625 0.9230518406835938
vt 0.6171875 0.875
vt 0.6518596765625 0.875
vt 0.6518596765625 0.8605518406835938
vt 0.6171875 0.8605518406835938
vt 0.640625 0.9375
vt 0.6513167096972656 0.9375
vt 0.6513167096972656 0.9230518406835938
vt 0.640625 0.9230518406835938
vt 0.640625 0.9375
vt 0.6752971765625 0.9375
vt 0.6752971765625 0.9230518406835938
vt 0.640625 0.9230518406835938
vt 0.640625 0.8645833333333334
vt 0.6534550516367187 0.8645833333333334
vt 0.6534550516367187 0.8091078508333334
vt 0.640625 0.8091078508333334
vt 0.640625 0.9375
vt 0.6513167096972656 0.9375
vt 0.6513167096972656 0.8912704312499999
vt 0.640625 0.8912704312499999
vn 0.49617878774734747 -0.003516993694488724 0.8682132464693947
vn -0.8661744644406556 0.06660414880840504 0.4952834385606402
vn -0.49617878774734747 0.003516993694488724 -0.8682132464693947
vn 0.8661744644406556 -0.06660414880840504 -0.4952834385606402
vn 0.05956851299567845 0.9977732799172669 -0.030001235684933417
vn -0.05956851299567845 -0.9977732799172669 0.030001235684933417
usemtl m_fc449419-96b5-b234-1d06-9a4be0f18826
f 36/100/25 39/99/25 37/98/25 34/97/25
f 35/104/26 36/103/26 34/102/26 33/101/26
f 40/108/27 35/107/27 33/106/27 38/105/27
f 39/112/28 40/111/28 38/110/28 37/109/28
f 38/116/29 33/115/29 34/114/29 37/113/29
f 39/120/30 36/119/30 35/118/30 40/117/30
o cube
v -0.1519980345137279 0.12772048832812533 0.4585054500984215
v -0.003481729186534388 0.12368970521994227 0.6193350849887369
v -0.1573216560361439 0.03854976640923957 0.4611866522295368
v -0.008805350708950388 0.034518983301056516 0.6220162871198525
v 0.03937214771338127 0.11993855350358906 0.5796681445679173
v -0.10914415761381224 0.12396933661177212 0.4188385096776017
v 0.03404852619096532 0.03076783158470331 0.5823493466990326
v -0.11446777913622824 0.034798614692886365 0.42151971180871706
vt 0.640625 0.9375
vt 0.6450741246628906 0.9375
vt 0.6450741246628906 0.9284398090757813
vt 0.640625 0.9284398090757813
vt 0.640625 0.9375
vt 0.6572727291875 0.9375
vt 0.6572727291875 0.9284398090757813
vt 0.640625 0.9284398090757813
vt 0.640625 0.9375
vt 0.6450741246628906 0.9375
vt 0.6450741246628906 0.9284398090757813
vt 0.640625 0.9284398090757813
vt 0.640625 0.9375
vt 0.6572727291875 0.9375
vt 0.6572727291875 0.9284398090757813
vt 0.640625 0.9284398090757813
vt 0.640625 0.9375
vt 0.6459639495954688 0.9375
vt 0.6459639495954688 0.9108636333
vt 0.640625 0.9108636333
vt 0.640625 0.9375
vt 0.6450741246628906 0.9375
vt 0.6450741246628906 0.9153030277499999
vt 0.640625 0.9153030277499999
vn 0.6783086165841008 -0.018409526872074585 0.7345464655065124
vn -0.7323585275855312 0.06410593734971505 0.6778948413059855
vn -0.6783086165841008 0.018409526872074585 -0.7345464655065124
vn 0.7323585275855312 -0.06410593734971505 -0.6778948413059855
vn 0.05956851299567839 0.997773279917267 -0.030001235684933434
vn -0.05956851299567839 -0.997773279917267 0.030001235684933434
usemtl m_fc449419-96b5-b234-1d06-9a4be0f18826
f 44/124/31 47/123/31 45/122/31 42/121/31
f 43/128/32 44/127/32 42/126/32 41/125/32
f 48/132/33 43/131/33 41/130/33 46/129/33
f 47/136/34 48/135/34 46/134/34 45/133/34
f 46/140/35 41/139/35 42/138/35 45/137/35
f 47/144/36 44/143/36 43/142/36 48/141/36
o cube
v 0.5624435620099213 0.04439009100893121 0.958395977649311
v 0.8206029370099213 0.04439009100893121 0.5112508236990845
v 0.5624435620099213 -0.005823619928568835 0.958395977649311
v 0.8206029370099213 -0.005823619928568835 0.5112508236990845
v 0.7719026750104501 0.04439009100893121 0.4831337143240845
v 0.5137433000104501 0.04439009100893121 0.930278868274311
v 0.7719026750104501 -0.005823619928568835 0.4831337143240845
v 0.5137433000104501 -0.005823619928568835 0.930278868274311
vt 0.497318359375 0.9166666666666666
vt 0.4921875 0.9166666666666666
vt 0.4921875 0.9105579427083333
vt 0.497318359375 0.9105579427083333
vt 0.539296875 0.9166666666666666
vt 0.4921875 0.9166666666666666
vt 0.4921875 0.9105579427083333
vt 0.539296875 0.9105579427083333
vt 0.497318359375 0.9166666666666666
vt 0.4921875 0.9166666666666666
vt 0.4921875 0.9105579427083333
vt 0.497318359375 0.9105579427083333
vt 0.539296875 0.9166666666666666
vt 0.4921875 0.9166666666666666
vt 0.4921875 0.9105579427083333
vt 0.539296875 0.9105579427083333
vt 0.497318359375 0.9166666666666666
vt 0.4921875 0.9166666666666666
vt 0.4921875 0.8538541666666667
vt 0.497318359375 0.8538541666666667
vt 0.497318359375 0.9166666666666666
vt 0.4921875 0.9166666666666666
vt 0.4921875 0.8538541666666667
vt 0.497318359375 0.8538541666666667
vn 0.49999999999999994 0 -0.8660254037844387
vn 0.8660254037844387 0 0.49999999999999994
vn -0.49999999999999994 0 0.8660254037844387
vn -0.8660254037844387 0 -0.49999999999999994
vn 0 1 0
vn 0 -1 0
usemtl m_fc449419-96b5-b234-1d06-9a4be0f18826
f 52/148/37 55/147/37 53/146/37 50/145/37
f 51/152/38 52/151/38 50/150/38 49/149/38
f 56/156/39 51/155/39 49/154/39 54/153/39
f 55/160/40 56/159/40 54/158/40 53/157/40
f 54/164/41 49/163/41 50/162/41 53/161/41
f 55/168/42 52/167/42 51/166/42 56/165/42
o cube
v 0.8194601714605594 0.04439009100893121 0.5118528914196743
v 0.97701602573532 0.04439009100893121 0.07897173949688574
v 0.8194601714605594 -0.005823619928568835 0.5118528914196743
v 0.97701602573532 -0.005823619928568835 0.07897173949688574
v 0.9241731453402848 0.04439009100893121 0.05973850394020386
v 0.7666172910655238 0.04439009100893121 0.4926196558629925
v 0.9241731453402848 -0.005823619928568835 0.05973850394020386
v 0.7666172910655238 -0.005823619928568835 0.4926196558629925
vt 0.497318359375 0.9166666666666666
vt 0.4921875 0.9166666666666666
vt 0.4921875 0.9105579427083333
vt 0.497318359375 0.9105579427083333
vt 0.53421875 0.9166666666666666
vt 0.4921875 0.9166666666666666
vt 0.4921875 0.9105579427083333
vt 0.53421875 0.9105579427083333
vt 0.497318359375 0.9166666666666666
vt 0.4921875 0.9166666666666666
vt 0.4921875 0.9105579427083333
vt 0.497318359375 0.9105579427083333
vt 0.53421875 0.9166666666666666
vt 0.4921875 0.9166666666666666
vt 0.4921875 0.9105579427083333
vt 0.53421875 0.9105579427083333
vt 0.497318359375 0.9166666666666666
vt 0.4921875 0.9166666666666666
vt 0.4921875 0.860625
vt 0.497318359375 0.860625
vt 0.497318359375 0.9166666666666666
vt 0.4921875 0.9166666666666666
vt 0.4921875 0.860625
vt 0.497318359375 0.860625
vn 0.34202014332566866 0 -0.9396926207859084
vn 0.9396926207859084 0 0.34202014332566866
vn -0.34202014332566866 0 0.9396926207859084
vn -0.9396926207859084 0 -0.34202014332566866
vn 0 1 0
vn 0 -1 0
usemtl m_fc449419-96b5-b234-1d06-9a4be0f18826
f 60/172/43 63/171/43 61/170/43 58/169/43
f 59/176/44 60/175/44 58/174/44 57/173/44
f 64/180/45 59/179/45 57/178/45 62/177/45
f 63/184/46 64/183/46 62/182/46 61/181/46
f 62/188/47 57/187/47 58/186/47 61/185/47
f 63/192/48 60/191/48 59/190/48 64/189/48
o cube
v 0.8771417229463747 0.09743013447991822 0.8040095663722657
v 0.8181471011223156 0.0421005341170112 0.4694344401662559
v 0.8785433208652724 0.04786938423309994 0.8119584231681234
v 0.8195486990412131 -0.007460216129807018 0.47738329696211346
v 0.7627672065127311 0.0421005341170112 0.479199409774717
v 0.8217618283367907 0.09743013447991822 0.8137745359807267
v 0.7641688044316288 -0.007460216129807018 0.48714826657057453
v 0.8231634262556882 0.04786938423309994 0.8217233927765843
vt 0.497318359375 0.9166666666666666
vt 0.4921875 0.9166666666666666
vt 0.4921875 0.9105579427083333
vt 0.497318359375 0.9105579427083333
vt 0.52359375 0.9166666666666666
vt 0.4921875 0.9166666666666666
vt 0.4921875 0.9105579427083333
vt 0.52359375 0.9105579427083333
vt 0.497318359375 0.9166666666666666
vt 0.4921875 0.9166666666666666
vt 0.4921875 0.9105579427083333
vt 0.497318359375 0.9105579427083333
vt 0.52359375 0.9166666666666666
vt 0.4921875 0.9166666666666666
vt 0.4921875 0.9105579427083333
vt 0.52359375 0.9105579427083333
vt 0.497318359375 0.9166666666666666
vt 0.4921875 0.9166666666666666
vt 0.4921875 0.8747916666666667
vt 0.497318359375 0.8747916666666667
vt 0.497318359375 0.9166666666666666
vt 0.4921875 0.9166666666666666
vt 0.4921875 0.8747916666666667
vt 0.497318359375 0.8747916666666667
vn -0.171390120417066 -0.1607425656038261 -0.9720016739833957
vn 0.984807753012208 -3.469446951953614e-18 -0.1736481776669305
vn 0.171390120417066 0.1607425656038261 0.9720016739833957
vn -0.984807753012208 3.469446951953614e-18 0.1736481776669305
vn -0.027912653590611427 0.9869963665602319 -0.15830052484572144
vn 0.027912653590611427 -0.9869963665602319 0.15830052484572144
usemtl m_fc449419-96b5-b234-1d06-9a4be0f18826
f 68/196/49 71/195/49 69/194/49 66/193/49
f 67/200/50 68/199/50 66/198/50 65/197/50
f 72/204/51 67/203/51 65/202/51 70/201/51
f 71/208/52 72/207/52 70/206/52 69/205/52
f 70/212/53 65/211/53 66/210/53 69/209/53
f 71/216/54 68/215/54 67/214/54 72/213/54
o cube
v 0.9749729178663822 0.043497606764075214 0.08458513223230335
v 1.060748706243738 0.067646093870534 -0.15108190947040012
v 0.976618982463374 -0.006484930209020745 0.08006260692110434
v 1.06239477084073 0.017663556897438037 -0.15560443478159913
v 1.0079058258487021 0.067646093870534 -0.17031514502708212
v 0.9221300374713464 0.043497606764075214 0.06535189667562125
v 1.0095518904456942 0.017663556897438037 -0.17483767033828113
v 0.9237761020683384 -0.006484930209020745 0.06082937136442235
vt 0.497318359375 0.9166666666666666
vt 0.4921875 0.9166666666666666
vt 0.4921875 0.9105579427083333
vt 0.497318359375 0.9105579427083333
vt 0.51517578125 0.9166666666666666
vt 0.4921875 0.9166666666666666
vt 0.4921875 0.9105579427083333
vt 0.51517578125 0.9105579427083333
vt 0.497318359375 0.9166666666666666
vt 0.4921875 0.9166666666666666
vt 0.4921875 0.9105579427083333
vt 0.497318359375 0.9105579427083333
vt 0.51517578125 0.9166666666666666
vt 0.4921875 0.9166666666666666
vt 0.4921875 0.9105579427083333
vt 0.51517578125 0.9105579427083333
vt 0.497318359375 0.9166666666666666
vt 0.4921875 0.9166666666666666
vt 0.4921875 0.886015625
vt 0.497318359375 0.886015625
vt 0.497318359375 0.9166666666666666
vt 0.4921875 0.9166666666666666
vt 0.4921875 0.886015625
vt 0.497318359375 0.886015625
vn 0.3404455504313679 0.09584575252022397 -0.9353664623639844
vn 0.9396926207859085 -1.0408340855860843e-17 0.34202014332566844
vn -0.3404455504313679 -0.09584575252022397 0.9353664623639844
vn -0.9396926207859085 1.0408340855860843e-17 -0.34202014332566844
vn -0.03278117801412353 0.9953961983671789 0.09006554637692686
vn 0.03278117801412353 -0.9953961983671789 -0.09006554637692686
usemtl m_fc449419-96b5-b234-1d06-9a4be0f18826
f 76/220/55 79/219/55 77/218/55 74/217/55
f 75/224/56 76/223/56 74/222/56 73/221/56
f 80/228/57 75/227/57 73/226/57 78/225/57
f 79/232/58 80/231/58 78/230/58 77/229/58
f 78/236/59 73/235/59 74/234/59 77/233/59
f 79/240/60 76/239/60 75/238/60 80/237/60