# Made in Blockbench 4.8.3
mtllib floortwig_7.mtl

o cube
v 0.7269668943049323 0.054933907848805585 0.4427699112396083
v 0.5648862861566748 0.07992489449195017 0.0964748559499985
v 0.7265508544787798 -0.012014119527612221 0.4381332141647124
v 0.5644702463305222 0.012976867115532364 0.0918381588751026
v 0.49624471533449876 0.07813533696502684 0.1284728431161466
v 0.6583253234827562 0.05314435032188225 0.4747678984057564
v 0.4958286755083462 0.011187309588609029 0.1238361460412507
v 0.6579092836566036 -0.013803677054535557 0.4701312013308605
vt 0.515625 0.5520833333333333
vt 0.5242334619140625 0.5520833333333333
vt 0.5242334619140625 0.5419151985677084
vt 0.515625 0.5419151985677084
vt 0.5 0.5520833333333333
vt 0.54354140625 0.5520833333333333
vt 0.54354140625 0.5419151985677084
vt 0.5 0.5419151985677084
vt 0.515625 0.5520833333333333
vt 0.5242334619140625 0.5520833333333333
vt 0.5242334619140625 0.5419151985677084
vt 0.515625 0.5419151985677084
vt 0.5 0.5520833333333333
vt 0.54354140625 0.5520833333333333
vt 0.54354140625 0.5419151985677084
vt 0.5 0.5419151985677084
vt 0.515625 0.5520833333333333
vt 0.5242334619140625 0.5520833333333333
vt 0.5242334619140625 0.49402812499999993
vt 0.515625 0.49402812499999993
vt 0.515625 0.5520833333333333
vt 0.5242334619140625 0.5520833333333333
vt 0.5242334619140625 0.49402812499999993
vt 0.515625 0.49402812499999993
vn -0.42300542201570096 0.06522262578076216 -0.9037767545315499
vn 0.9061059432438087 0.023623129417050685 -0.422390775674367
vn 0.42300542201570096 -0.06522262578076216 0.9037767545315499
vn -0.9061059432438087 -0.023623129417050685 0.422390775674367
vn 0.006199400258634231 0.997591076966313 0.0690913206823065
vn -0.006199400258634231 -0.997591076966313 -0.0690913206823065
usemtl m_fc449419-96b5-b234-1d06-9a4be0f18826
f 4/4/1 7/3/1 5/2/1 2/1/1
f 3/8/2 4/7/2 2/6/2 1/5/2
f 8/12/3 3/11/3 1/10/3 6/9/3
f 7/16/4 8/15/4 6/14/4 5/13/4
f 6/20/5 1/19/5 2/18/5 5/17/5
f 7/24/6 4/23/6 3/22/6 8/21/6
o cube
v 0.8498572322630393 0.06446820534370024 0.6330861173669327
v 0.7172384134243788 0.05515318046066453 0.4265032905264433
v 0.8522874006329058 -0.0025815044298527767 0.6345493738281467
v 0.7196685817942452 -0.011896529312888482 0.42796654698765735
v 0.6535296617644732 0.053738047371848285 0.4674658503102307
v 0.786148480603134 0.06305307225488399 0.6740486771507199
v 0.6559598301343397 -0.013311662401704727 0.46892910677144484
v 0.7885786489730005 -0.003996637518669022 0.6755119336119342
vt 0.515625 0.5520833333333333
vt 0.5242334619140625 0.5520833333333333
vt 0.5242334619140625 0.5419151985677084
vt 0.515625 0.5419151985677084
vt 0.515625 0.5520833333333333
vt 0.54354140625 0.5520833333333333
vt 0.54354140625 0.5419151985677084
vt 0.515625 0.5419151985677084
vt 0.515625 0.5520833333333333
vt 0.5242334619140625 0.5520833333333333
vt 0.5242334619140625 0.5419151985677084
vt 0.515625 0.5419151985677084
vt 0.515625 0.5520833333333333
vt 0.54354140625 0.5520833333333333
vt 0.54354140625 0.5419151985677084
vt 0.515625 0.5419151985677084
vt 0.515625 0.5520833333333333
vt 0.5242334619140625 0.5520833333333333
vt 0.5242334619140625 0.5148614583333333
vt 0.515625 0.5148614583333333
vt 0.515625 0.5520833333333333
vt 0.5242334619140625 0.5520833333333333
vt 0.5242334619140625 0.5148614583333333
vt 0.515625 0.5148614583333333
vn -0.539837405560577 -0.037917687019274615 -0.8409148735566125
vn 0.8409900563789908 0.0186805238705743 -0.5407279936341217
vn 0.539837405560577 0.037917687019274615 0.8409148735566125
vn -0.8409900563789908 -0.0186805238705743 0.5407279936341217
vn -0.0362118851937742 0.999106244119728 -0.021803952203297425
vn 0.0362118851937742 -0.999106244119728 0.021803952203297425
usemtl m_fc449419-96b5-b234-1d06-9a4be0f18826
f 12/28/7 15/27/7 13/26/7 10/25/7
f 11/32/8 12/31/8 10/30/8 9/29/8
f 16/36/9 11/35/9 9/34/9 14/33/9
f 15/40/10 16/39/10 14/38/10 13/37/10
f 14/44/11 9/43/11 10/42/11 13/41/11
f 15/48/12 12/47/12 11/46/12 16/45/12
o cube
v 0.9367608764559037 0.08804172315379777 0.8571027428209745
v 0.8466503353870323 0.06587183807080166 0.629639401317728
v 0.9405927611496052 0.021227902570613577 0.862096784998122
v 0.8504822200807336 -0.0009419825123825332 0.6346334434948755
v 0.7763089411778092 0.06393461869995742 0.6576942473443039
v 0.8664194822466809 0.08610450378295365 0.8851575888475505
v 0.7801408258715108 -0.002879201883226712 0.6626882895214514
v 0.8702513669403824 0.019290683199769454 0.890151631024698
vt 0.515625 0.5520833333333333
vt 0.5242334619140625 0.5520833333333333
vt 0.5242334619140625 0.5419151985677084
vt 0.515625 0.5419151985677084
vt 0.5078125 0.5520833333333333
vt 0.53572890625 0.5520833333333333
vt 0.53572890625 0.5419151985677084
vt 0.5078125 0.5419151985677084
vt 0.515625 0.5520833333333333
vt 0.5242334619140625 0.5520833333333333
vt 0.5242334619140625 0.5419151985677084
vt 0.515625 0.5419151985677084
vt 0.515625 0.5520833333333333
vt 0.54354140625 0.5520833333333333
vt 0.54354140625 0.5419151985677084
vt 0.515625 0.5419151985677084
vt 0.515625 0.5520833333333333
vt 0.5242334619140625 0.5520833333333333
vt 0.5242334619140625 0.5148614583333333
vt 0.515625 0.5148614583333333
vt 0.515625 0.5520833333333333
vt 0.5242334619140625 0.5520833333333333
vt 0.5242334619140625 0.5148614583333333
vt 0.515625 0.5148614583333333
vn -0.3668034531619473 -0.09024460743645124 -0.9259109771339317
vn 0.928544533372495 0.02557234579954864 -0.3703391751818377
vn 0.3668034531619473 0.09024460743645124 0.9259109771339317
vn -0.928544533372495 -0.02557234579954864 0.3703391751818377
vn -0.05709882916949095 0.9955912645051428 -0.07441611215673775
vn 0.05709882916949095 -0.9955912645051428 0.07441611215673775
usemtl m_fc449419-96b5-b234-1d06-9a4be0f18826
f 20/52/13 23/51/13 21/50/13 18/49/13
f 19/56/14 20/55/14 18/54/14 17/53/14
f 24/60/15 19/59/15 17/58/15 22/57/15
f 23/64/16 24/63/16 22/62/16 21/61/16
f 22/68/17 17/67/17 18/66/17 21/65/17
f 23/72/18 20/71/18 19/70/18 24/69/18
o cube
v 1.1045684330625711 0.11581846372646565 1.0999623163562686
v 0.9287848371710021 0.08637660149267279 0.8409455150280987
v 1.1084003177562727 0.04900464314328146 1.1049563585334161
v 0.9326167218647037 0.019562780909488597 0.8459395572052464
v 0.8661250222696562 0.08596497664610925 0.8835168328991454
v 1.041908618161225 0.11540683887990211 1.1425336342273151
v 0.8699569069633575 0.019151156062925057 0.8885108750762929
v 1.0457405028549265 0.048593018296717916 1.1475276764044628
vt 0.515625 0.5520833333333333
vt 0.5242334619140625 0.5520833333333333
vt 0.5242334619140625 0.5419151985677084
vt 0.515625 0.5419151985677084
vt 0.5078125 0.5520833333333333
vt 0.54354140625 0.5520833333333333
vt 0.54354140625 0.5419151985677084
vt 0.5078125 0.5419151985677084
vt 0.515625 0.5520833333333333
vt 0.5242334619140625 0.5520833333333333
vt 0.5242334619140625 0.5419151985677084
vt 0.515625 0.5419151985677084
vt 0.5 0.5520833333333333
vt 0.53572890625 0.5520833333333333
vt 0.53572890625 0.5419151985677084
vt 0.5 0.5419151985677084
vt 0.515625 0.5520833333333333
vt 0.5242334619140625 0.5520833333333333
vt 0.5242334619140625 0.5044447916666666
vt 0.515625 0.5044447916666666
vt 0.515625 0.5520833333333333
vt 0.5242334619140625 0.5520833333333333
vt 0.5242334619140625 0.5044447916666666
vt 0.515625 0.5044447916666666
vn -0.5590825670472889 -0.09364031855665897 -0.8238071218218626
vn 0.8271435225710753 0.005433671103248605 -0.561964472442035
vn 0.5590825670472889 0.09364031855665897 0.8238071218218626
vn -0.8271435225710753 -0.005433671103248605 0.561964472442035
vn -0.05709882916949081 0.9955912645051428 -0.07441611215673766
vn 0.05709882916949081 -0.9955912645051428 0.07441611215673766
usemtl m_fc449419-96b5-b234-1d06-9a4be0f18826
f 28/76/19 31/75/19 29/74/19 26/73/19
f 27/80/20 28/79/20 26/78/20 25/77/20
f 32/84/21 27/83/21 25/82/21 30/81/21
f 31/88/22 32/87/22 30/86/22 29/85/22
f 30/92/23 25/91/23 26/90/23 29/89/23
f 31/96/24 28/95/24 27/94/24 32/93/24
o cube
v 0.4482255296998484 0.07984698228012954 0.9137108212830167
v 0.32756123937802406 0.10093316750032877 0.6798244256855637
v 0.44550442230030995 0.039682487314935844 0.9114936102924742
v 0.3248401319784857 0.06076867253513507 0.6776072146950212
v 0.28751678094653443 0.1024978927613529 0.7006248242388995
v 0.4081810712683587 0.08141170754115368 0.9345112198363525
v 0.284795673546996 0.06233339779615921 0.698407613248357
v 0.40545996386882033 0.04124721257595998 0.93229400884581
vt 0.0390625 0.6354166666666667
vt 0.04419335937499999 0.6354166666666667
vt 0.04419335937499999 0.6293079427083332
vt 0.0390625 0.6293079427083332
vt 0.0390625 0.6354166666666667
vt 0.06906494140625 0.6354166666666667
vt 0.06906494140625 0.6293079427083332
vt 0.0390625 0.6293079427083332
vt 0.0390625 0.6354166666666667
vt 0.04419335937499999 0.6354166666666667
vt 0.04419335937499999 0.6293079427083332
vt 0.0390625 0.6293079427083332
vt 0.0390625 0.6354166666666667
vt 0.06906494140625 0.6354166666666667
vt 0.06906494140625 0.6293079427083332
vt 0.0390625 0.6293079427083332
vt 0.0390625 0.6354166666666667
vt 0.04419335937499999 0.6354166666666667
vt 0.04419335937499999 0.5954134114583334
vt 0.0390625 0.5954134114583334
vt 0.0390625 0.6354166666666667
vt 0.04419335937499999 0.6354166666666667
vt 0.04419335937499999 0.5954134114583334
vt 0.0390625 0.5954134114583334
vn -0.45702451301440333 0.0798654142488255 -0.8858612250859673
vn 0.8868897600496043 -0.03465495266136397 -0.4606794848646879
vn 0.45702451301440333 -0.0798654142488255 0.8858612250859673
vn -0.8868897600496043 0.03465495266136397 0.4606794848646879
vn 0.06749183671454591 0.9962030665797523 0.054993655215806014
vn -0.06749183671454591 -0.9962030665797523 -0.054993655215806014
usemtl m_fc449419-96b5-b234-1d06-9a4be0f18826
f 36/100/25 39/99/25 37/98/25 34/97/25
f 35/104/26 36/103/26 34/102/26 33/101/26
f 40/108/27 35/107/27 33/106/27 38/105/27
f 39/112/28 40/111/28 38/110/28 37/109/28
f 38/116/29 33/115/29 34/114/29 37/113/29
f 39/120/30 36/119/30 35/118/30 40/117/30
o cube
v 0.32792970775821007 0.10108432933089095 0.6805224214456767
v 0.1369612333216207 0.04223165090994807 0.31730145506254925
v 0.3293422943071115 0.06119955626534934 0.686242262581372
v 0.138373819870522 0.0023468778444065697 0.3230212961982447
v 0.09691677489013106 0.04379637617097221 0.3381018536158851
v 0.28788524932672044 0.10264905459191498 0.7013228199990125
v 0.09832936143903237 0.0039116031054307054 0.3438216947515804
v 0.28929783587562174 0.06276428152637348 0.7070426611347078
vt 0.0390625 0.6354166666666667
vt 0.04419335937499999 0.6354166666666667
vt 0.04419335937499999 0.6293079427083332
vt 0.0390625 0.6293079427083332
vt 0.03125 0.7083333333333333
vt 0.07835937500000001 0.7083333333333333
vt 0.07835937500000001 0.702224609375
vt 0.03125 0.702224609375
vt 0.0390625 0.6354166666666667
vt 0.04419335937499999 0.6354166666666667
vt 0.04419335937499999 0.6293079427083332
vt 0.0390625 0.6293079427083332
vt 0.0390625 0.6145833333333333
vt 0.08617187500000001 0.6145833333333333
vt 0.08617187500000001 0.608474609375
vt 0.0390625 0.608474609375
vt 0.0390625 0.6354166666666667
vt 0.04419335937499999 0.6354166666666667
vt 0.04419335937499999 0.5726041666666666
vt 0.0390625 0.5726041666666666
vt 0.0390625 0.6354166666666667
vt 0.04419335937499999 0.6354166666666667
vt 0.04419335937499999 0.5726041666666666
vt 0.0390625 0.5726041666666666
vn -0.46065062430053205 -0.14196334309288167 -0.8761549015724461
vn 0.886889760049604 -0.03465495266136404 -0.46067948486468857
vn 0.46065062430053205 0.14196334309288167 0.8761549015724461
vn -0.886889760049604 0.03465495266136404 0.46067948486468857
vn -0.035036493127682575 0.9892651027272373 -0.14186966087004818
vn 0.035036493127682575 -0.9892651027272373 0.14186966087004818
usemtl m_fc449419-96b5-b234-1d06-9a4be0f18826
f 44/124/31 47/123/31 45/122/31 42/121/31
f 43/128/32 44/127/32 42/126/32 41/125/32
f 48/132/33 43/131/33 41/130/33 46/129/33
f 47/136/34 48/135/34 46/134/34 45/133/34
f 46/140/35 41/139/35 42/138/35 45/137/35
f 47/144/36 44/143/36 43/142/36 48/141/36
o cube
v 0.13971918977554654 0.04363149432693103 0.32370592201840365
v -0.04353648804005372 0.03811771525481911 0.08482683039737271
v 0.1389390430523233 0.0033504450982829725 0.3252341726506468
v -0.04431663476327696 -0.0021633339738289514 0.08635508102961587
v -0.07935360307967437 0.03985235763509809 0.11226382881634189
v 0.10390207473592583 0.045366136707210014 0.35114292043737283
v -0.08013374980289761 -0.0004286915935500235 0.11379207944858516
v 0.10312192801270259 0.005085087478561956 0.3526711710696161
vt 0.0390625 0.6354166666666667
vt 0.04419335937499999 0.6354166666666667
vt 0.04419335937499999 0.6293079427083332
vt 0.0390625 0.6293079427083332
vt 0.0390625 0.6354166666666667
vt 0.07328125 0.6354166666666667
vt 0.07328125 0.6293079427083332
vt 0.0390625 0.6293079427083332
vt 0.0390625 0.6354166666666667
vt 0.04419335937499999 0.6354166666666667
vt 0.04419335937499999 0.6293079427083332
vt 0.0390625 0.6293079427083332
vt 0.0390625 0.5729166666666667
vt 0.07328125 0.5729166666666667
vt 0.07328125 0.5668079427083332
vt 0.0390625 0.5668079427083332
vt 0.0390625 0.6354166666666667
vt 0.04419335937499999 0.6354166666666667
vt 0.04419335937499999 0.5897916666666667
vt 0.0390625 0.5897916666666667
vt 0.0390625 0.6354166666666667
vt 0.04419335937499999 0.6354166666666667
vt 0.04419335937499999 0.5897916666666667
vt 0.0390625 0.5897916666666667
vn -0.6085701214299715 -0.018310598828100957 -0.7932888057153374
vn 0.7932641321021995 -0.03841821377231287 -0.6076644284230313
vn 0.6085701214299715 0.018310598828100957 0.7932888057153374
vn -0.7932641321021995 0.03841821377231287 0.6076644284230313
vn 0.019350039350193204 0.9990939709662457 -0.03790531830818411
vn -0.019350039350193204 -0.9990939709662457 0.03790531830818411
usemtl m_fc449419-96b5-b234-1d06-9a4be0f18826
f 52/148/37 55/147/37 53/146/37 50/145/37
f 51/152/38 52/151/38 50/150/38 49/149/38
f 56/156/39 51/155/39 49/154/39 54/153/39
f 55/160/40 56/159/40 54/158/40 53/157/40
f 54/164/41 49/163/41 50/162/41 53/161/41
f 55/168/42 52/167/42 51/166/42 56/165/42
o cube
v 0.7062229625154233 0.04085321315770429 0.9346428258683823
v 0.5246458107320846 0.07186317277821452 0.8373688930249181
v 0.7003683571480295 0.001002511287205854 0.9328673647209005
v 0.518791205364691 0.032012470907716084 0.8355934318774361
v 0.5035099297280801 0.07319168693440758 0.8772458685936941
v 0.6850870815114185 0.042181727313897355 0.9745198014371583
v 0.49765532436068627 0.033340985063909145 0.8754704074462121
v 0.6792324761440249 0.0023310254433989153 0.9727443402896765
vt 0.0625 0.8020833333333334
vt 0.06763085937499999 0.8020833333333334
vt 0.06763085937499999 0.795974609375
vt 0.0625 0.795974609375
vt 0.0625 0.8020833333333334
vt 0.08617187500000001 0.8020833333333334
vt 0.08617187500000001 0.795974609375
vt 0.0625 0.795974609375
vt 0.0625 0.8020833333333334
vt 0.06763085937499999 0.8020833333333334
vt 0.06763085937499999 0.795974609375
vt 0.0625 0.795974609375
vt 0.0625 0.8020833333333334
vt 0.08617187500000001 0.8020833333333334
vt 0.08617187500000001 0.795974609375
vt 0.0625 0.795974609375
vt 0.0625 0.8020833333333334
vt 0.06763085937499999 0.8020833333333334
vt 0.06763085937499999 0.7705208333333333
vt 0.0625 0.7705208333333333
vt 0.0625 0.8020833333333334
vt 0.06763085937499999 0.8020833333333334
vt 0.06763085937499999 0.7705208333333333
vt 0.0625 0.7705208333333333
vn -0.8716574943094556 0.14886269244769376 -0.46696157380600894
vn 0.46810962530930694 -0.029423437033725505 -0.883180411946451
vn 0.8716574943094556 -0.14886269244769376 0.46696157380600894
vn -0.46810962530930694 0.029423437033725505 0.883180411946451
vn 0.14521222850346252 0.9884200322486114 0.04403689978543531
vn -0.14521222850346252 -0.9884200322486114 -0.04403689978543531
usemtl m_fc449419-96b5-b234-1d06-9a4be0f18826
f 60/172/43 63/171/43 61/170/43 58/169/43
f 59/176/44 60/175/44 58/174/44 57/173/44
f 64/180/45 59/179/45 57/178/45 62/177/45
f 63/184/46 64/183/46 62/182/46 61/181/46
f 62/188/47 57/187/47 58/186/47 61/185/47
f 63/192/48 60/191/48 59/190/48 64/189/48
o cube
v 0.5461886484264598 0.04099572237059357 1.05357639954699
v 0.45661801262064206 0.0642880895750596 0.7924285568647196
v 0.541737176449957 0.0009767348331033432 1.0515338179495766
v 0.4521665406441393 0.02426910203756938 0.7903859752673061
v 0.41418286330788456 0.06824741712216598 0.8073364549181035
v 0.5037534991137023 0.04495504991769994 1.068484297600374
v 0.4097313913313818 0.02822842958467575 0.8052938733206902
v 0.4993020271371995 0.004936062380209716 1.0664417160029604
vt 0.0625 0.8020833333333334
vt 0.06763085937499999 0.8020833333333334
vt 0.06763085937499999 0.795974609375
vt 0.0625 0.795974609375
vt 0.0625 0.8020833333333334
vt 0.09398437500000001 0.8020833333333334
vt 0.09398437500000001 0.795974609375
vt 0.0625 0.795974609375
vt 0.0625 0.8020833333333334
vt 0.06763085937499999 0.8020833333333334
vt 0.06763085937499999 0.795974609375
vt 0.0625 0.795974609375
vt 0.0625 0.8020833333333334
vt 0.09398437500000001 0.8020833333333334
vt 0.09398437500000001 0.795974609375
vt 0.0625 0.795974609375
vt 0.0625 0.8020833333333334
vt 0.06763085937499999 0.8020833333333334
vt 0.06763085937499999 0.7601041666666667
vt 0.0625 0.7601041666666667
vt 0.0625 0.8020833333333334
vt 0.06763085937499999 0.8020833333333334
vt 0.06763085937499999 0.7601041666666667
vt 0.0625 0.7601041666666667
vn -0.32328675228808584 0.08406899961007376 -0.9425593239152553
vn 0.9398378918283874 -0.08768971277807756 -0.33017457708986464
vn 0.32328675228808584 -0.08406899961007376 0.9425593239152553
vn -0.9398378918283874 0.08768971277807756 0.33017457708986464
vn 0.11041020278305182 0.9925940346271782 0.050662308908553486
vn -0.11041020278305182 -0.9925940346271782 -0.050662308908553486
usemtl m_fc449419-96b5-b234-1d06-9a4be0f18826
f 68/196/49 71/195/49 69/194/49 66/193/49
f 67/200/50 68/199/50 66/198/50 65/197/50
f 72/204/51 67/203/51 65/202/51 70/201/51
f 71/208/52 72/207/52 70/206/52 69/205/52
f 70/212/53 65/211/53 66/210/53 69/209/53
f 71/216/54 68/215/54 67/214/54 72/213/54
o cube
v 0.5299874735636898 0.07140972151512581 0.8413791974700864
v 0.18225958634936934 0.049190299170490004 0.5749519009159689
v 0.5314300979229103 0.03114497402927008 0.8428543417762284
v 0.18370221070858994 0.00892555168463427 0.5764270452221112
v 0.15478611286226707 0.04951862624875503 0.6107815541667971
v 0.5025140000765873 0.07173804859339084 0.8772088507209144
v 0.15622873722148767 0.009253878762899403 0.6122566984729392
v 0.503956624435808 0.03147330110753521 0.8786839950270564
vt 0.0625 0.8020833333333334
vt 0.06763085937499999 0.8020833333333334
vt 0.06763085937499999 0.795974609375
vt 0.0625 0.795974609375
vt 0.0625 0.8020833333333334
vt 0.11234374999999999 0.8020833333333334
vt 0.11234374999999999 0.795974609375
vt 0.0625 0.795974609375
vt 0.0625 0.8020833333333334
vt 0.06763085937499999 0.8020833333333334
vt 0.06763085937499999 0.795974609375
vt 0.0625 0.795974609375
vt 0.0625 0.8020833333333334
vt 0.11234374999999999 0.8020833333333334
vt 0.11234374999999999 0.795974609375
vt 0.0625 0.795974609375
vt 0.0625 0.8020833333333334
vt 0.06763085937499999 0.8020833333333334
vt 0.06763085937499999 0.735625
vt 0.0625 0.735625
vt 0.0625 0.8020833333333334
vt 0.06763085937499999 0.8020833333333334
vt 0.06763085937499999 0.735625
vt 0.0625 0.735625
vn -0.7927680529252102 -0.050656990241404014 -0.6074147541843657
vn 0.6084722646553429 -0.007271665919979683 -0.7935418237370646
vn 0.7927680529252102 0.050656990241404014 0.6074147541843657
vn -0.6084722646553429 0.007271665919979683 0.7935418237370646
vn -0.03578152325389915 0.9986896375823826 -0.03658811800571562
vn 0.03578152325389915 -0.9986896375823826 0.03658811800571562
usemtl m_fc449419-96b5-b234-1d06-9a4be0f18826
f 76/220/55 79/219/55 77/218/55 74/217/55
f 75/224/56 76/223/56 74/222/56 73/221/56
f 80/228/57 75/227/57 73/226/57 78/225/57
f 79/232/58 80/231/58 78/230/58 77/229/58
f 78/236/59 73/235/59 74/234/59 77/233/59
f 79/240/60 76/239/60 75/238/60 80/237/60
o cube
v 0.18189213574290375 0.04929736619280345 0.5739030423799014
v -0.0465207967953587 0.03609016869332604 0.44214399565042894
v 0.1835900049873641 0.00903038309200821 0.5749959366357493
v -0.044822927550898395 -0.004176814407469254 0.44323688990627685
v -0.0690864826788885 0.03620011990670402 0.48125206805917775
v 0.15932644985937405 0.04940731740618143 0.6130111147886501
v -0.06738861343442815 -0.004066863194091275 0.48234496231502555
v 0.1610243191038343 0.009140334305386189 0.6141040090444978
vt 0.0625 0.8020833333333334
vt 0.06763085937499999 0.8020833333333334
vt 0.06763085937499999 0.795974609375
vt 0.0625 0.795974609375
vt 0.0625 0.8020833333333334
vt 0.09250244140625 0.8020833333333334
vt 0.09250244140625 0.795974609375
vt 0.0625 0.795974609375
vt 0.0625 0.8020833333333334
vt 0.06763085937499999 0.8020833333333334
vt 0.06763085937499999 0.795974609375
vt 0.0625 0.795974609375
vt 0.0625 0.8020833333333334
vt 0.09250244140625 0.8020833333333334
vt 0.09250244140625 0.795974609375
vt 0.0625 0.795974609375
vt 0.046875 0.7708333333333334
vt 0.05200585937499999 0.7708333333333334
vt 0.05200585937499999 0.730830078125
vt 0.046875 0.730830078125
vt 0.0625 0.8020833333333334
vt 0.06763085937499999 0.8020833333333334
vt 0.06763085937499999 0.762080078125
vt 0.0625 0.762080078125
vn -0.8651300975712974 -0.05002319235778092 -0.4990466856944489
vn 0.4997764115811019 -0.0024351585480120626 -0.8661510309582061
vn 0.8651300975712974 0.05002319235778092 0.4990466856944489
vn -0.4997764115811019 0.0024351585480120626 0.8661510309582061
vn -0.042112381829986674 0.9987450877121663 -0.0271071405246462
vn 0.042112381829986674 -0.9987450877121663 0.0271071405246462
usemtl m_fc449419-96b5-b234-1d06-9a4be0f18826
f 84/244/61 87/243/61 85/242/61 82/241/61
f 83/248/62 84/247/62 82/246/62 81/245/62
f 88/252/63 83/251/63 81/250/63 86/249/63
f 87/256/64 88/255/64 86/254/64 85/253/64
f 86/260/65 81/259/65 82/258/65 85/257/65
f 87/264/66 84/263/66 83/262/66 88/261/66
o cube
v 0.719644882809644 0.06167577013538106 0.1912214560938248
v 1.0658284481713072 0.07937133217414294 0.31722196947761827
v 0.7225299452103389 -0.0022425957434670796 0.19227153293167842
v 1.068713510572002 0.01545296629529469 0.3182720463154718
v 1.0903391712538781 0.07937133217414294 0.24987931127374918
v 0.744155605892215 0.06167577013538106 0.1238787978899557
v 1.093224233654573 0.01545296629529469 0.2509293881116028
v 0.7470406682929098 -0.0022425957434670796 0.12492887472780922
vt 0.5078125 0.5208333333333333
vt 0.5143800000000001 0.5208333333333333
vt 0.5143800000000001 0.5130141666666665
vt 0.5078125 0.5130141666666665
vt 0.5078125 0.5208333333333333
vt 0.5416125 0.5208333333333333
vt 0.5416125 0.5130141666666665
vt 0.5078125 0.5130141666666665
vt 0.5078125 0.5208333333333333
vt 0.5143800000000001 0.5208333333333333
vt 0.5143800000000001 0.5130141666666665
vt 0.5078125 0.5130141666666665
vt 0.5078125 0.5208333333333333
vt 0.5416125 0.5208333333333333
vt 0.5416125 0.5130141666666665
vt 0.5078125 0.5130141666666665
vt 0.5234375 0.5208333333333333
vt 0.5300050000000001 0.5208333333333333
vt 0.5300050000000001 0.47576666666666667
vt 0.5234375 0.47576666666666667
vt 0.5078125 0.5208333333333333
vt 0.5143800000000001 0.5208333333333333
vt 0.5143800000000001 0.47576666666666667
vt 0.5078125 0.47576666666666667
vn 0.9386104580638195 0.047978128521343956 0.34162626830619525
vn -0.34202014332566816 -1.734723475976807e-18 0.9396926207859086
vn -0.9386104580638195 -0.047978128521343956 -0.34162626830619525
vn 0.34202014332566816 1.734723475976807e-18 -0.9396926207859086
vn -0.04508469333062485 0.9988483864849508 -0.016409486393367388
vn 0.04508469333062485 -0.9988483864849508 0.016409486393367388
usemtl m_fc449419-96b5-b234-1d06-9a4be0f18826
f 92/268/67 95/267/67 93/266/67 90/265/67
f 91/272/68 92/271/68 90/270/68 89/269/68
f 96/276/69 91/275/69 89/274/69 94/273/69
f 95/280/70 96/279/70 94/278/70 93/277/70
f 94/284/71 89/283/71 90/282/71 93/281/71
f 95/288/72 92/287/72 91/286/72 96/285/72
o cube
v 0.7165887331479877 0.07294794637485957 0.0022533726905453744
v 0.8430656452532403 0.06262592635202568 0.09624830144094121
v 0.7150421441646282 0.024090302457434487 -0.0010308659803792697
v 0.8415190562698811 0.013768282434600598 0.09296406277001656
v 0.875873556545858 0.06454073564895668 0.05231317996245288
v 0.7493966444406053 0.07486275567179057 -0.04168174878794295
v 0.8743269675624985 0.015683091731531595 0.04902894129152824
v 0.7478500554572458 0.026005111754365484 -0.044965987458867596
vt 0.5078125 0.5208333333333333
vt 0.512840578 0.5208333333333333
vt 0.512840578 0.5148469793333332
vt 0.5078125 0.5148469793333332
vt 0.5078125 0.5208333333333333
vt 0.52228443 0.5208333333333333
vt 0.52228443 0.5148469793333332
vt 0.5078125 0.5148469793333332
vt 0.5078125 0.5208333333333333
vt 0.512840578 0.5208333333333333
vt 0.512840578 0.5148469793333332
vt 0.5078125 0.5148469793333332
vt 0.5078125 0.5208333333333333
vt 0.52228443 0.5208333333333333
vt 0.52228443 0.5148469793333332
vt 0.5078125 0.5148469793333332
vt 0.5078125 0.5208333333333333
vt 0.512840578 0.5208333333333333
vt 0.512840578 0.5015374266666666
vt 0.5078125 0.5015374266666666
vt 0.5078125 0.5208333333333333
vt 0.512840578 0.5208333333333333
vt 0.512840578 0.5015374266666666
vt 0.5078125 0.5015374266666666
vn 0.800903964388465 -0.06536328741094756 0.5952146507653137
vn -0.5979601173901815 -0.03489949670250096 0.8007657105175224
vn -0.800903964388465 0.06536328741094756 -0.5952146507653137
vn 0.5979601173901815 0.03489949670250096 -0.8007657105175224
vn 0.03156798754372411 0.9972510545438126 0.06703578427745358
vn -0.03156798754372411 -0.9972510545438126 -0.06703578427745358
usemtl m_fc449419-96b5-b234-1d06-9a4be0f18826
f 100/292/73 103/291/73 101/290/73 98/289/73
f 99/296/74 100/295/74 98/294/74 97/293/74
f 104/300/75 99/299/75 97/298/75 102/297/75
f 103/304/76 104/303/76 102/302/76 101/301/76
f 102/308/77 97/307/77 98/306/77 101/305/77
f 103/312/78 100/311/78 99/310/78 104/309/78
o cube
v 0.588381210974126 0.06362367069122832 -0.06935126983399093
v 0.7260033809578958 0.0722048622169229 0.0076195136151941956
v 0.5919153599369253 0.01476676995809112 -0.07022337771383008
v 0.7295375299206952 0.023347961483785706 0.006747405735355039
v 0.7526188562009619 0.07498512809396751 -0.040278367722043795
v 0.6149966862171921 0.06640393656827293 -0.11724915117122897
v 0.7561530051637613 0.026128227360830314 -0.04115047560188295
v 0.6185308351799912 0.017547035835135727 -0.11812125905106813
vt 0.5078125 0.5208333333333333
vt 0.512840578 0.5208333333333333
vt 0.512840578 0.5148469793333332
vt 0.5078125 0.5148469793333332
vt 0.5078125 0.5208333333333333
vt 0.52228443 0.5208333333333333
vt 0.52228443 0.5148469793333332
vt 0.5078125 0.5148469793333332
vt 0.5078125 0.5208333333333333
vt 0.512840578 0.5208333333333333
vt 0.512840578 0.5148469793333332
vt 0.5078125 0.5148469793333332
vt 0.5078125 0.5208333333333333
vt 0.52228443 0.5208333333333333
vt 0.52228443 0.5148469793333332
vt 0.5078125 0.5148469793333332
vt 0.5078125 0.5208333333333333
vt 0.512840578 0.5208333333333333
vt 0.512840578 0.5015374266666666
vt 0.5078125 0.5015374266666666
vt 0.5078125 0.5208333333333333
vt 0.512840578 0.5208333333333333
vt 0.512840578 0.5015374266666666
vt 0.5078125 0.5015374266666666
vn 0.8714803333909567 0.05433964347885143 0.4874107422486486
vn -0.48509618789173703 -0.0506733907985048 0.872991349303008
vn -0.8714803333909567 -0.05433964347885143 -0.4874107422486486
vn 0.48509618789173703 0.0506733907985048 -0.872991349303008
vn -0.07213679370260197 0.9972358851403079 0.01780090960414428
vn 0.07213679370260197 -0.9972358851403079 -0.01780090960414428
usemtl m_fc449419-96b5-b234-1d06-9a4be0f18826
f 108/316/79 111/315/79 109/314/79 106/313/79
f 107/320/80 108/319/80 106/318/80 105/317/80
f 112/324/81 107/323/81 105/322/81 110/321/81
f 111/328/82 112/327/82 110/326/82 109/325/82
f 110/332/83 105/331/83 106/330/83 109/329/83
f 111/336/84 108/335/84 107/334/84 112/333/84
o cube
v 0.9063110431889088 0.0630925360704937 0.18414149920226974
v 0.8702229101229411 0.06505441397980849 0.04884787601959917
v 0.9096712351061242 0.01424193048309974 0.18253682655113457
v 0.8735831020401568 0.01620380839241442 0.04724320336846399
v 0.8173434059961548 0.06095571579957937 0.06289348579240706
v 0.8534315390621225 0.05899383789026458 0.19818710897507763
v 0.8207035979133706 0.0121051102121853 0.06128881314127188
v 0.8567917309793383 0.01014323230287062 0.19658243632394246
vt 0.5078125 0.5208333333333333
vt 0.512840578 0.5208333333333333
vt 0.512840578 0.5148469793333332
vt 0.5078125 0.5148469793333332
vt 0.5078125 0.5208333333333333
vt 0.5206458700000001 0.5208333333333333
vt 0.5206458700000001 0.5148469793333332
vt 0.5078125 0.5148469793333332
vt 0.5078125 0.5208333333333333
vt 0.512840578 0.5208333333333333
vt 0.512840578 0.5148469793333332
vt 0.5078125 0.5148469793333332
vt 0.5078125 0.5208333333333333
vt 0.5206458700000001 0.5208333333333333
vt 0.5206458700000001 0.5148469793333332
vt 0.5078125 0.5148469793333332
vt 0.5078125 0.5208333333333333
vt 0.512840578 0.5208333333333333
vt 0.512840578 0.5037221733333332
vt 0.5078125 0.5037221733333332
vt 0.5078125 0.5208333333333333
vt 0.512840578 0.5208333333333333
vt 0.512840578 0.5037221733333332
vt 0.5078125 0.5037221733333332
vn -0.25770292177307924 0.014009637696366407 -0.966122628945847
vn 0.9637868809497396 0.07470326358594516 -0.2559966220847091
vn 0.25770292177307924 -0.014009637696366407 0.966122628945847
vn -0.9637868809497396 -0.07470326358594516 0.2559966220847091
vn -0.06858609347958752 0.9971073926419489 0.03275355431069942
vn 0.06858609347958752 -0.9971073926419489 -0.03275355431069942
usemtl m_fc449419-96b5-b234-1d06-9a4be0f18826
f 116/340/85 119/339/85 117/338/85 114/337/85
f 115/344/86 116/343/86 114/342/86 113/341/86
f 120/348/87 115/347/87 113/346/87 118/345/87
f 119/352/88 120/351/88 118/350/88 117/349/88
f 118/356/89 113/355/89 114/354/89 117/353/89
f 119/360/90 116/359/90 115/358/90 120/357/90
o cube
v 1.0659548605205253 0.08038242624855796 0.31726797980997734
v 1.257341455104188 0.05537497332314967 0.3869270034760034
v 1.0586265075544619 0.01686735335995737 0.3146006774641338
v 1.2500131021381242 -0.008140099565450976 0.38425970113015984
v 1.281852178186759 0.05537497332314967 0.3195843452721341
v 1.0904655836030965 0.08038242624855796 0.24992532160610803
v 1.2745238252206954 -0.008140099565450976 0.3169170429262905
v 1.0831372306370328 0.01686735335995737 0.24725801926026447
vt 0.5078125 0.5208333333333333
vt 0.5143800000000001 0.5208333333333333
vt 0.5143800000000001 0.5130141666666665
vt 0.5078125 0.5130141666666665
vt 0.5078125 0.5208333333333333
vt 0.5266173828125 0.5208333333333333
vt 0.5266173828125 0.5130141666666665
vt 0.5078125 0.5130141666666665
vt 0.5078125 0.5208333333333333
vt 0.5143800000000001 0.5208333333333333
vt 0.5143800000000001 0.5130141666666665
vt 0.5078125 0.5130141666666665
vt 0.5078125 0.5208333333333333
vt 0.5266173828125 0.5208333333333333
vt 0.5266173828125 0.5130141666666665
vt 0.5078125 0.5130141666666665
vt 0.53125 0.52701015625
vt 0.5378175000000001 0.52701015625
vt 0.5378175000000001 0.5520833333333333
vt 0.53125 0.5520833333333333
vt 0.5078125 0.5208333333333333
vt 0.5143800000000001 0.5208333333333333
vt 0.5143800000000001 0.4957601562499999
vt 0.5078125 0.4957601562499999
vn 0.932688294486802 -0.12186934340514745 0.33947077704170486
vn -0.34202014332566766 -2.0816681711721685e-17 0.9396926207859089
vn -0.932688294486802 0.12186934340514745 -0.33947077704170486
vn 0.34202014332566766 2.0816681711721685e-17 -0.9396926207859089
vn 0.11451972269784089 0.9925461516413221 0.041681770298433556
vn -0.11451972269784089 -0.9925461516413221 -0.041681770298433556
usemtl m_fc449419-96b5-b234-1d06-9a4be0f18826
f 124/364/91 127/363/91 125/362/91 122/361/91
f 123/368/92 124/367/92 122/366/92 121/365/92
f 128/372/93 123/371/93 121/370/93 126/369/93
f 127/376/94 128/375/94 126/374/94 125/373/94
f 126/380/95 121/379/95 122/378/95 125/377/95
f 127/384/96 124/383/96 123/382/96 128/381/96