# Made in Blockbench 4.8.3
mtllib floortwig_3.mtl

o cube
v 0.7959802208163766 0.04401697034702201 0.8806852219399284
v 0.29174389560764524 0.06312358650652872 0.7456176574946565
v 0.794193429119121 -0.003964199571137972 0.880568298848603
v 0.28995710391038976 0.015142416588368679 0.7455007344033309
v 0.27784507528639624 0.06351459420882621 0.7975602607867223
v 0.7820814004951275 0.04440797804931951 0.932627825231994
v 0.27605828358914075 0.015533424290666176 0.7974433376953964
v 0.7802946087978722 -0.003573191868840475 0.9325109021406686
vt 0.21875 0.65625
vt 0.223880859375 0.65625
vt 0.223880859375 0.6501412760416667
vt 0.21875 0.6501412760416667
vt 0.21875 0.65625
vt 0.26859374999999996 0.65625
vt 0.26859374999999996 0.6501412760416667
vt 0.21875 0.6501412760416667
vt 0.21875 0.65625
vt 0.223880859375 0.65625
vt 0.223880859375 0.6501412760416667
vt 0.21875 0.6501412760416667
vt 0.21875 0.65625
vt 0.26859374999999996 0.65625
vt 0.26859374999999996 0.6501412760416667
vt 0.21875 0.6501412760416667
vt 0.21875 0.65625
vt 0.223880859375 0.65625
vt 0.223880859375 0.5897916666666667
vt 0.21875 0.5897916666666667
vt 0.21875 0.65625
vt 0.223880859375 0.65625
vt 0.223880859375 0.5897916666666667
vt 0.21875 0.5897916666666667
vn -0.9652996247026374 0.03657731203810894 -0.25857056056909133
vn 0.25847976258290767 -0.007271665919979663 -0.9659893038796197
vn 0.9652996247026374 -0.03657731203810894 0.25857056056909133
vn -0.25847976258290767 0.007271665919979663 0.9659893038796197
vn 0.03721353092668079 0.9993043696085868 0.0024351585480120084
vn -0.03721353092668079 -0.9993043696085868 -0.0024351585480120084
usemtl m_fc449419-96b5-b234-1d06-9a4be0f18826
f 4/4/1 7/3/1 5/2/1 2/1/1
f 3/8/2 4/7/2 2/6/2 1/5/2
f 8/12/3 3/11/3 1/10/3 6/9/3
f 7/16/4 8/15/4 6/14/4 5/13/4
f 6/20/5 1/19/5 2/18/5 5/17/5
f 7/24/6 4/23/6 3/22/6 8/21/6
o cube
v 1.0859089960958481 0.04036193421702894 0.9175043164792607
v 0.7741829572532624 0.04383383409887709 0.8765376018091606
v 1.0853681028886395 -0.007649566506452543 0.9175511684967157
v 0.773642064046054 -0.004177666624604448 0.8765844538266152
v 0.7671780729219664 0.04396477599844539 0.9298506262949897
v 1.0789041117645521 0.040492876116597354 0.97081734096509
v 0.766637179714758 -0.004046724725036144 0.9298974783124445
v 1.0783632185573435 -0.007518624606884239 0.9708641929825448
vt 0.21875 0.65625
vt 0.223880859375 0.65625
vt 0.223880859375 0.6501412760416667
vt 0.21875 0.6501412760416667
vt 0.21875 0.65625
vt 0.24875244140625 0.65625
vt 0.24875244140625 0.6501412760416667
vt 0.21875 0.6501412760416667
vt 0.21875 0.65625
vt 0.223880859375 0.65625
vt 0.223880859375 0.6501412760416667
vt 0.21875 0.6501412760416667
vt 0.21875 0.65625
vt 0.24875244140625 0.65625
vt 0.24875244140625 0.6501412760416667
vt 0.21875 0.6501412760416667
vt 0.21875 0.65625
vt 0.223880859375 0.65625
vt 0.223880859375 0.6162467447916666
vt 0.21875 0.6162467447916666
vt 0.21875 0.65625
vt 0.223880859375 0.65625
vt 0.223880859375 0.6162467447916666
vt 0.21875 0.6162467447916666
vn -0.9914143529800056 0.011042039951984687 -0.13029065223160116
vn 0.1302715480180697 -0.0024351585480118882 -0.9914753621648004
vn 0.9914143529800056 -0.011042039951984687 0.13029065223160116
vn -0.1302715480180697 0.0024351585480118882 0.9914753621648004
vn 0.01126518895594004 0.9999360696347267 -0.0009757874984585185
vn -0.01126518895594004 -0.9999360696347267 0.0009757874984585185
usemtl m_fc449419-96b5-b234-1d06-9a4be0f18826
f 12/28/7 15/27/7 13/26/7 10/25/7
f 11/32/8 12/31/8 10/30/8 9/29/8
f 16/36/9 11/35/9 9/34/9 14/33/9
f 15/40/10 16/39/10 14/38/10 13/37/10
f 14/44/11 9/43/11 10/42/11 13/41/11
f 15/48/12 12/47/12 11/46/12 16/45/12
o cube
v 1.196641707574615 0.08200711230351565 1.1250111298371581
v 0.7704722413397409 0.044828936170508205 0.8785497118473065
v 1.2004587740813795 0.03414851108410166 1.1256302056790826
v 0.7742893078465054 -0.0030296650489057275 0.8791687876892309
v 0.743664188076798 0.043293426841501836 0.9251365621535277
v 1.1698336543116719 0.08047160297450928 1.1715979801433793
v 0.7474812545835623 -0.004565174377912096 0.9257556379954521
v 1.1736507208184364 0.032613001755095294 1.1722170559853038
vt 0.21875 0.65625
vt 0.223880859375 0.65625
vt 0.223880859375 0.6501412760416667
vt 0.21875 0.6501412760416667
vt 0.21875 0.65625
vt 0.265859375 0.65625
vt 0.265859375 0.6501412760416667
vt 0.21875 0.6501412760416667
vt 0.21875 0.65625
vt 0.223880859375 0.65625
vt 0.223880859375 0.6501412760416667
vt 0.21875 0.6501412760416667
vt 0.21875 0.65625
vt 0.265859375 0.65625
vt 0.265859375 0.6501412760416667
vt 0.21875 0.6501412760416667
vt 0.21875 0.65625
vt 0.223880859375 0.65625
vt 0.223880859375 0.5934375000000001
vt 0.21875 0.5934375000000001
vt 0.21875 0.65625
vt 0.223880859375 0.65625
vt 0.223880859375 0.5934375000000001
vt 0.21875 0.5934375000000001
vn -0.8632045193571559 -0.07530424444294037 -0.4992065990451844
vn 0.49855592651425623 0.028556242733680966 -0.8663870550385934
vn 0.8632045193571559 0.07530424444294037 0.4992065990451844
vn -0.49855592651425623 -0.028556242733680966 0.8663870550385934
vn -0.0794980873914151 0.9967516299308535 -0.012893499575132833
vn 0.0794980873914151 -0.9967516299308535 0.012893499575132833
usemtl m_fc449419-96b5-b234-1d06-9a4be0f18826
f 20/52/13 23/51/13 21/50/13 18/49/13
f 19/56/14 20/55/14 18/54/14 17/53/14
f 24/60/15 19/59/15 17/58/15 22/57/15
f 23/64/16 24/63/16 22/62/16 21/61/16
f 22/68/17 17/67/17 18/66/17 21/65/17
f 23/72/18 20/71/18 19/70/18 24/69/18
o cube
v 1.013754747792396 0.09136962795988146 0.37238928984566444
v 1.0710207557412283 0.0702958222591743 -0.0625892255510282
v 1.0132774980818313 0.015248664958707692 0.3760143612974822
v 1.0705435060306638 -0.005825140741999468 -0.05896415409921024
v 0.9864049263970953 0.0702958222591743 -0.0737291108196122
v 0.9291389184482632 0.09136962795988146 0.36124940457708044
v 0.9859276766865308 -0.005825140741999468 -0.07010403936779425
v 0.9286616687376985 0.015248664958707692 0.3648744760288982
vt 0.5143800000000001 0.5208333333333333
vt 0.5078125 0.5208333333333333
vt 0.5078125 0.5130141666666665
vt 0.5143800000000001 0.5130141666666665
vt 0.5416125 0.5208333333333333
vt 0.5078125 0.5208333333333333
vt 0.5078125 0.5130141666666665
vt 0.5416125 0.5130141666666665
vt 0.5143800000000001 0.5208333333333333
vt 0.5078125 0.5208333333333333
vt 0.5078125 0.5130141666666665
vt 0.5143800000000001 0.5130141666666665
vt 0.5416125 0.5208333333333333
vt 0.5078125 0.5208333333333333
vt 0.5078125 0.5130141666666665
vt 0.5416125 0.5130141666666665
vt 0.5234375 0.47576666666666667
vt 0.5300050000000001 0.47576666666666667
vt 0.5300050000000001 0.5208333333333333
vt 0.5234375 0.5208333333333333
vt 0.5078125 0.47576666666666667
vt 0.5143800000000001 0.47576666666666667
vt 0.5143800000000001 0.5208333333333333
vt 0.5078125 0.5208333333333333
vn 0.1303758764930236 -0.047978128521343956 -0.990303100072026
vn 0.9914448613738104 -4.336808689942018e-18 0.1305261922200521
vn -0.1303758764930236 0.047978128521343956 0.990303100072026
vn -0.9914448613738104 4.336808689942018e-18 -0.1305261922200521
vn 0.0062624024257353075 0.9988483864849508 -0.04756766898081871
vn -0.0062624024257353075 -0.9988483864849508 0.04756766898081871
usemtl m_fc449419-96b5-b234-1d06-9a4be0f18826
f 28/76/19 31/75/19 29/74/19 26/73/19
f 27/80/20 28/79/20 26/78/20 25/77/20
f 32/84/21 27/83/21 25/82/21 30/81/21
f 31/88/22 32/87/22 30/86/22 29/85/22
f 30/92/23 25/91/23 26/90/23 29/89/23
f 31/96/24 28/95/24 27/94/24 32/93/24
o cube
v 0.9028267796933582 0.07142737193535997 0.015560409395416475
v 0.8730850383334654 0.08371995941709853 -0.1697312534532585
v 0.9002079468300672 0.013242359633699241 0.012120666374275002
v 0.8704662054701742 0.0255349471154378 -0.17317099647439987
v 0.8086331142528189 0.0860003232161709 -0.15923459106843918
v 0.8383748556127117 0.07370773573443234 0.026057071780235752
v 0.8060142813895279 0.027815310914510172 -0.16267433408958043
v 0.8357560227494205 0.015522723432771612 0.0226173287590945
vt 0.512840578 0.5208333333333333
vt 0.5078125 0.5208333333333333
vt 0.5078125 0.5148469793333332
vt 0.512840578 0.5148469793333332
vt 0.52228443 0.5208333333333333
vt 0.5078125 0.5208333333333333
vt 0.5078125 0.5148469793333332
vt 0.52228443 0.5148469793333332
vt 0.512840578 0.5208333333333333
vt 0.5078125 0.5208333333333333
vt 0.5078125 0.5148469793333332
vt 0.512840578 0.5148469793333332
vt 0.52228443 0.5208333333333333
vt 0.5078125 0.5208333333333333
vt 0.5078125 0.5148469793333332
vt 0.52228443 0.5148469793333332
vt 0.5078125 0.5015374266666666
vt 0.512840578 0.5015374266666666
vt 0.512840578 0.5208333333333333
vt 0.5078125 0.5208333333333333
vt 0.5078125 0.5015374266666666
vt 0.512840578 0.5015374266666666
vt 0.512840578 0.5208333333333333
vt 0.5078125 0.5208333333333333
vn -0.15814554840441047 0.06536328741094757 -0.9852500323160118
vn 0.9863951150414727 -0.03489949670250097 -0.16064464557597963
vn 0.15814554840441047 -0.06536328741094757 0.9852500323160118
vn -0.9863951150414727 0.03489949670250097 0.16064464557597963
vn 0.04488499239376419 0.9972510545438125 0.058954827360155525
vn -0.04488499239376419 -0.9972510545438125 -0.058954827360155525
usemtl m_fc449419-96b5-b234-1d06-9a4be0f18826
f 36/100/25 39/99/25 37/98/25 34/97/25
f 35/104/26 36/103/26 34/102/26 33/101/26
f 40/108/27 35/107/27 33/106/27 38/105/27
f 39/112/28 40/111/28 38/110/28 37/109/28
f 38/116/29 33/115/29 34/114/29 37/113/29
f 39/120/30 36/119/30 35/118/30 40/117/30
o cube
v 0.8735764366757248 0.08283501373810132 -0.1568352529313426
v 0.8679469229224659 0.07261559473931967 -0.3445386126710425
v 0.870711755447771 0.024650886501365266 -0.1535815299370975
v 0.8650822416945121 0.014431467502583506 -0.34128488967679754
v 0.8027141648082801 0.07592663864743632 -0.3427624496635783
v 0.808343678561539 0.08614605764621808 -0.1550590899238783
v 0.799849483580326 0.017742511410700268 -0.33950872666933324
v 0.805478997333585 0.027961930409481917 -0.1518053669296333
vt 0.512840578 0.5208333333333333
vt 0.5078125 0.5208333333333333
vt 0.5078125 0.5148469793333332
vt 0.512840578 0.5148469793333332
vt 0.52228443 0.5208333333333333
vt 0.5078125 0.5208333333333333
vt 0.5078125 0.5148469793333332
vt 0.52228443 0.5148469793333332
vt 0.512840578 0.5208333333333333
vt 0.5078125 0.5208333333333333
vt 0.5078125 0.5148469793333332
vt 0.512840578 0.5148469793333332
vt 0.52228443 0.5208333333333333
vt 0.5078125 0.5208333333333333
vt 0.5078125 0.5148469793333332
vt 0.52228443 0.5148469793333332
vt 0.5078125 0.5015374266666666
vt 0.512840578 0.5015374266666666
vt 0.512840578 0.5208333333333333
vt 0.5078125 0.5208333333333333
vt 0.5078125 0.5015374266666666
vt 0.512840578 0.5015374266666666
vt 0.512840578 0.5208333333333333
vt 0.5078125 0.5208333333333333
vn -0.029933773177110004 -0.054339643478851445 -0.998073730928719
vn 0.9983452761472522 -0.05067339079850481 -0.027183028886583794
vn 0.029933773177110004 0.054339643478851445 0.998073730928719
vn -0.9983452761472522 0.05067339079850481 0.027183028886583794
vn 0.049098664114700416 0.9972358851403079 -0.05576657216091466
vn -0.049098664114700416 -0.9972358851403079 0.05576657216091466
usemtl m_fc449419-96b5-b234-1d06-9a4be0f18826
f 44/124/31 47/123/31 45/122/31 42/121/31
f 43/128/32 44/127/32 42/126/32 41/125/32
f 48/132/33 43/131/33 41/130/33 46/129/33
f 47/136/34 48/135/34 46/134/34 45/133/34
f 46/140/35 41/139/35 42/138/35 45/137/35
f 47/144/36 44/143/36 43/142/36 48/141/36
o cube
v 0.8378215783180267 0.0743194799284469 0.018182442793921227
v 0.9608940109302235 0.07198306169099022 0.13070216306692972
v 0.8342787119198052 0.01614284963800494 0.020849568568111376
v 0.9573511445320018 0.013806431400548269 0.13336928884111987
v 1.0048095526586673 0.06710188476726286 0.08256662729021924
v 0.8817371200464708 0.06943830300471954 -0.02995309298278931
v 1.0012666862604456 0.00892525447682091 0.08523375306440928
v 0.8781942536482488 0.011261672714277582 -0.02728596720859916
vt 0.512840578 0.5208333333333333
vt 0.5078125 0.5208333333333333
vt 0.5078125 0.5148469793333332
vt 0.512840578 0.5148469793333332
vt 0.5206458700000001 0.5208333333333333
vt 0.5078125 0.5208333333333333
vt 0.5078125 0.5148469793333332
vt 0.5206458700000001 0.5148469793333332
vt 0.512840578 0.5208333333333333
vt 0.5078125 0.5208333333333333
vt 0.5078125 0.5148469793333332
vt 0.512840578 0.5148469793333332
vt 0.5206458700000001 0.5208333333333333
vt 0.5078125 0.5208333333333333
vt 0.5078125 0.5148469793333332
vt 0.5206458700000001 0.5148469793333332
vt 0.5078125 0.5037221733333332
vt 0.512840578 0.5037221733333332
vt 0.512840578 0.5208333333333333
vt 0.5078125 0.5208333333333333
vt 0.5078125 0.5037221733333332
vt 0.512840578 0.5037221733333332
vt 0.512840578 0.5208333333333333
vt 0.5078125 0.5208333333333333
vn 0.7379672712982539 -0.014009637696366407 0.6746910674851313
vn -0.6720990327788291 0.07470326358594516 0.7366833190370007
vn -0.7379672712982539 0.014009637696366407 -0.6746910674851313
vn 0.6720990327788291 -0.07470326358594516 -0.7366833190370007
vn 0.060722291050089555 0.9971073926419488 -0.045712699640284495
vn -0.060722291050089555 -0.9971073926419488 0.045712699640284495
usemtl m_fc449419-96b5-b234-1d06-9a4be0f18826
f 52/148/37 55/147/37 53/146/37 50/145/37
f 51/152/38 52/151/38 50/150/38 49/149/38
f 56/156/39 51/155/39 49/154/39 54/153/39
f 55/160/40 56/159/40 54/158/40 53/157/40
f 54/164/41 49/163/41 50/162/41 53/161/41
f 55/168/42 52/167/42 51/166/42 56/165/42
o cube
v 0.9820744877376886 0.06279214605551675 0.6130247554484058
v 1.0137338365437996 0.09257374908486671 0.37254812654819036
v 0.9832867507137428 -0.012848531657271178 0.6038167039623363
v 1.0149460995198538 0.01693307137207878 0.36334007506212096
v 0.929118007199667 0.09257374908486671 0.36140824127960625
v 0.8974586583935558 0.06279214605551675 0.6018848701798218
v 0.9303302701757212 0.01693307137207878 0.35220018979353684
v 0.8986709213696102 -0.012848531657271178 0.5926768186937523
vt 0.5143800000000001 0.5208333333333333
vt 0.5078125 0.5208333333333333
vt 0.5078125 0.5130141666666665
vt 0.5143800000000001 0.5130141666666665
vt 0.5266173828125 0.5208333333333333
vt 0.5078125 0.5208333333333333
vt 0.5078125 0.5130141666666665
vt 0.5266173828125 0.5130141666666665
vt 0.5143800000000001 0.5208333333333333
vt 0.5078125 0.5208333333333333
vt 0.5078125 0.5130141666666665
vt 0.5143800000000001 0.5130141666666665
vt 0.5266173828125 0.5208333333333333
vt 0.5078125 0.5208333333333333
vt 0.5078125 0.5130141666666665
vt 0.5266173828125 0.5130141666666665
vt 0.53125 0.5520833333333333
vt 0.5378175000000001 0.5520833333333333
vt 0.5378175000000001 0.52701015625
vt 0.53125 0.52701015625
vt 0.5078125 0.4957601562499999
vt 0.5143800000000001 0.4957601562499999
vt 0.5143800000000001 0.5208333333333333
vt 0.5078125 0.5208333333333333
vn 0.12955326977640874 0.12186934340514745 -0.9840547817211396
vn 0.9914448613738104 -2.0816681711721685e-17 0.13052619222005274
vn -0.12955326977640874 -0.12186934340514745 0.9840547817211396
vn -0.9914448613738104 2.0816681711721685e-17 -0.13052619222005274
vn -0.015907141343031856 0.992546151641322 0.12082673427803366
vn 0.015907141343031856 -0.992546151641322 -0.12082673427803366
usemtl m_fc449419-96b5-b234-1d06-9a4be0f18826
f 60/172/43 63/171/43 61/170/43 58/169/43
f 59/176/44 60/175/44 58/174/44 57/173/44
f 64/180/45 59/179/45 57/178/45 62/177/45
f 63/184/46 64/183/46 62/182/46 61/181/46
f 62/188/47 57/187/47 58/186/47 61/185/47
f 63/192/48 60/191/48 59/190/48 64/189/48
o cube
v 0.6987617903094183 0.09128759953712906 1.0792039153686375
v 0.5550615900170639 0.11275123545320687 0.8003616412039416
v 0.6955211987699679 0.04342487222301039 1.0771897498285719
v 0.5518209984776137 0.0648885081390882 0.798347475663876
v 0.5073722804304719 0.11493876874022624 0.8251065109626385
v 0.6510724807228261 0.09347513282414832 1.1039487851273344
v 0.5041316888910214 0.06707604142610746 0.8230923454225729
v 0.6478318891833759 0.04561240551002965 1.1019346195872688
vt 0.0390625 0.6354166666666667
vt 0.04419335937499999 0.6354166666666667
vt 0.04419335937499999 0.6293079427083332
vt 0.0390625 0.6293079427083332
vt 0.0390625 0.6354166666666667
vt 0.06906494140625 0.6354166666666667
vt 0.06906494140625 0.6293079427083332
vt 0.0390625 0.6293079427083332
vt 0.0390625 0.6354166666666667
vt 0.04419335937499999 0.6354166666666667
vt 0.04419335937499999 0.6293079427083332
vt 0.0390625 0.6293079427083332
vt 0.0390625 0.6354166666666667
vt 0.06906494140625 0.6354166666666667
vt 0.06906494140625 0.6293079427083332
vt 0.0390625 0.6293079427083332
vt 0.0390625 0.6354166666666667
vt 0.04419335937499999 0.6354166666666667
vt 0.04419335937499999 0.5954134114583334
vt 0.0390625 0.5954134114583334
vt 0.0390625 0.6354166666666667
vt 0.04419335937499999 0.6354166666666667
vt 0.04419335937499999 0.5954134114583334
vt 0.0390625 0.5954134114583334
vn -0.4570245130144035 0.06826300681632289 -0.8868307371783761
vn 0.8868897600496042 -0.040682091832390826 -0.46018639802073297
vn 0.4570245130144035 -0.06826300681632289 0.8868307371783761
vn -0.8868897600496042 0.040682091832390826 0.46018639802073297
vn 0.06749183671454592 0.9968375641520215 0.04194904852748744
vn -0.06749183671454592 -0.9968375641520215 -0.04194904852748744
usemtl m_fc449419-96b5-b234-1d06-9a4be0f18826
f 68/196/49 71/195/49 69/194/49 66/193/49
f 67/200/50 68/199/50 66/198/50 65/197/50
f 72/204/51 67/203/51 65/202/51 70/201/51
f 71/208/52 72/207/52 70/206/52 69/205/52
f 70/212/53 65/211/53 66/210/53 69/209/53
f 71/216/54 68/215/54 67/214/54 72/213/54
o cube
v 0.5555004023607402 0.11294212074839494 0.8011904630959439
v 0.3280743100771655 0.0371978589137818 0.36958179701425453
v 0.5571826645235225 0.06553621513082475 0.8086234348359478
v 0.32975657223994803 -0.010208046703788443 0.37701476875425843
v 0.28038500049057324 0.03938539220080106 0.3943266667729515
v 0.5078110927741477 0.11512965403541431 0.8259353328546408
v 0.2820672626533558 -0.008020513416769126 0.4017596385129556
v 0.5094933549369305 0.06772374841784412 0.8333683045946447
vt 0.0390625 0.6354166666666667
vt 0.04419335937499999 0.6354166666666667
vt 0.04419335937499999 0.6293079427083332
vt 0.0390625 0.6293079427083332
vt 0.03125 0.7083333333333333
vt 0.07835937500000001 0.7083333333333333
vt 0.07835937500000001 0.702224609375
vt 0.03125 0.702224609375
vt 0.0390625 0.6354166666666667
vt 0.04419335937499999 0.6354166666666667
vt 0.04419335937499999 0.6293079427083332
vt 0.0390625 0.6293079427083332
vt 0.0390625 0.6145833333333333
vt 0.08617187500000001 0.6145833333333333
vt 0.08617187500000001 0.608474609375
vt 0.0390625 0.608474609375
vt 0.0390625 0.6354166666666667
vt 0.04419335937499999 0.6354166666666667
vt 0.04419335937499999 0.5726041666666666
vt 0.0390625 0.5726041666666666
vt 0.0390625 0.6354166666666667
vt 0.04419335937499999 0.6354166666666667
vt 0.04419335937499999 0.5726041666666666
vt 0.0390625 0.5726041666666666
vn -0.4606506243005323 -0.15341969406831127 -0.8742215965094411
vn 0.8868897600496038 -0.040682091832390924 -0.4601863980207336
vn 0.4606506243005323 0.15341969406831127 0.8742215965094411
vn -0.8868897600496038 0.040682091832390924 0.4601863980207336
vn -0.035036493127682596 0.9873233335013039 -0.15480658665957064
vn 0.035036493127682596 -0.9873233335013039 0.15480658665957064
usemtl m_fc449419-96b5-b234-1d06-9a4be0f18826
f 76/220/55 79/219/55 77/218/55 74/217/55
f 75/224/56 76/223/56 74/222/56 73/221/56
f 80/228/57 75/227/57 73/226/57 78/225/57
f 79/232/58 80/231/58 78/230/58 77/229/58
f 78/236/59 73/235/59 74/234/59 77/233/59
f 79/240/60 76/239/60 75/238/60 80/237/60
o cube
v 0.33135878549047715 0.038964638492334225 0.3771864600141892
v 0.11311793281917149 0.028675020324245182 0.09281350219381834
v 0.33042970166554775 -0.008978496264627767 0.37963423353640224
v 0.11218884899424197 -0.019268114432716754 0.09526127571603138
v 0.07046300490835056 0.03116834687583847 0.12545863318960881
v 0.28870385757965633 0.041457965043927514 0.40983159100997946
v 0.06953392108342105 -0.016774787881123465 0.12790640671182185
v 0.2877747737547267 -0.006485169713034478 0.4122793645321925
vt 0.0390625 0.6354166666666667
vt 0.04419335937499999 0.6354166666666667
vt 0.04419335937499999 0.6293079427083332
vt 0.0390625 0.6293079427083332
vt 0.0390625 0.6354166666666667
vt 0.07328125 0.6354166666666667
vt 0.07328125 0.6293079427083332
vt 0.0390625 0.6293079427083332
vt 0.0390625 0.6354166666666667
vt 0.04419335937499999 0.6354166666666667
vt 0.04419335937499999 0.6293079427083332
vt 0.0390625 0.6293079427083332
vt 0.0390625 0.5729166666666667
vt 0.07328125 0.5729166666666667
vt 0.07328125 0.5668079427083332
vt 0.0390625 0.5668079427083332
vt 0.0390625 0.6354166666666667
vt 0.04419335937499999 0.6354166666666667
vt 0.04419335937499999 0.5897916666666667
vt 0.0390625 0.5897916666666667
vt 0.0390625 0.6354166666666667
vt 0.04419335937499999 0.6354166666666667
vt 0.04419335937499999 0.5897916666666667
vt 0.0390625 0.5897916666666667
vn -0.6085701214299716 -0.028692859752766524 -0.7929811644055096
vn 0.7932641321021995 -0.046369004001886316 -0.6071094894564056
vn 0.6085701214299716 0.028692859752766524 0.7929811644055096
vn -0.7932641321021995 0.046369004001886316 0.6071094894564056
vn 0.019350039350193204 0.9985122108753008 -0.05097980688532325
vn -0.019350039350193204 -0.9985122108753008 0.05097980688532325
usemtl m_fc449419-96b5-b234-1d06-9a4be0f18826
f 84/244/61 87/243/61 85/242/61 82/241/61
f 83/248/62 84/247/62 82/246/62 81/245/62
f 88/252/63 83/251/63 81/250/63 86/249/63
f 87/256/64 88/255/64 86/254/64 85/253/64
f 86/260/65 81/259/65 82/258/65 85/257/65
f 87/264/66 84/263/66 83/262/66 88/261/66
o cube
v 0.12090872003804587 0.054158935261821695 0.5575882385383897
v -0.016326342350979905 0.054158935261821695 0.22627348968568572
v 0.12090872003804587 0.00614436494932169 0.5575882385383897
v -0.016326342350979905 0.00614436494932169 0.22627348968568572
v -0.06600464401970468 0.054158935261821695 0.2468509159925334
v 0.07123041836932109 0.054158935261821695 0.5781656648452373
v -0.06600464401970468 0.00614436494932169 0.2468509159925334
v 0.07123041836932109 0.00614436494932169 0.5781656648452373
vt 0.359375 0.6770833333333333
vt 0.364505859375 0.6770833333333333
vt 0.364505859375 0.670974609375
vt 0.359375 0.670974609375
vt 0.359375 0.6770833333333333
vt 0.39359375 0.6770833333333333
vt 0.39359375 0.670974609375
vt 0.359375 0.670974609375
vt 0.359375 0.6770833333333333
vt 0.364505859375 0.6770833333333333
vt 0.364505859375 0.670974609375
vt 0.359375 0.670974609375
vt 0.359375 0.6770833333333333
vt 0.39359375 0.6770833333333333
vt 0.39359375 0.670974609375
vt 0.359375 0.670974609375
vt 0.359375 0.6770833333333333
vt 0.364505859375 0.6770833333333333
vt 0.364505859375 0.6314583333333332
vt 0.359375 0.6314583333333332
vt 0.359375 0.6770833333333333
vt 0.364505859375 0.6770833333333333
vt 0.364505859375 0.6314583333333332
vt 0.359375 0.6314583333333332
vn -0.38268343236508967 0 -0.9238795325112868
vn 0.9238795325112868 0 -0.38268343236508967
vn 0.38268343236508967 0 0.9238795325112868
vn -0.9238795325112868 0 0.38268343236508967
vn 0 1 0
vn 0 -1 0
usemtl m_fc449419-96b5-b234-1d06-9a4be0f18826
f 92/268/67 95/267/67 93/266/67 90/265/67
f 91/272/68 92/271/68 90/270/68 89/269/68
f 96/276/69 91/275/69 89/274/69 94/273/69
f 95/280/70 96/279/70 94/278/70 93/277/70
f 94/284/71 89/283/71 90/282/71 93/281/71
f 95/288/72 92/287/72 91/286/72 96/285/72
o cube
v 0.1691411360639612 0.054158935261821695 0.7832588446150373
v 0.11745398237127413 0.054158935261821695 0.5501131609233458
v 0.1691411360639612 0.00614436494932169 0.7832588446150373
v 0.11745398237127413 0.00614436494932169 0.5501131609233458
v 0.06495717315217497 0.054158935261821695 0.5617514233330048
v 0.11664432684486203 0.054158935261821695 0.7948971070246964
v 0.06495717315217497 0.00614436494932169 0.5617514233330048
v 0.11664432684486203 0.00614436494932169 0.7948971070246964
vt 0.359375 0.6770833333333333
vt 0.364505859375 0.6770833333333333
vt 0.364505859375 0.670974609375
vt 0.359375 0.670974609375
vt 0.359375 0.6770833333333333
vt 0.382161865234375 0.6770833333333333
vt 0.382161865234375 0.670974609375
vt 0.359375 0.670974609375
vt 0.359375 0.6770833333333333
vt 0.364505859375 0.6770833333333333
vt 0.364505859375 0.670974609375
vt 0.359375 0.670974609375
vt 0.359375 0.6770833333333333
vt 0.382161865234375 0.6770833333333333
vt 0.382161865234375 0.670974609375
vt 0.359375 0.670974609375
vt 0.359375 0.6770833333333333
vt 0.364505859375 0.6770833333333333
vt 0.364505859375 0.6467008463541666
vt 0.359375 0.6467008463541666
vt 0.359375 0.6770833333333333
vt 0.364505859375 0.6770833333333333
vt 0.364505859375 0.6467008463541666
vt 0.359375 0.6467008463541666
vn -0.21643961393810268 0 -0.9762960071199334
vn 0.9762960071199334 0 -0.21643961393810268
vn 0.21643961393810268 0 0.9762960071199334
vn -0.9762960071199334 0 0.21643961393810268
vn 0 1 0
vn 0 -1 0
usemtl m_fc449419-96b5-b234-1d06-9a4be0f18826
f 100/292/73 103/291/73 101/290/73 98/289/73
f 99/296/74 100/295/74 98/294/74 97/293/74
f 104/300/75 99/299/75 97/298/75 102/297/75
f 103/304/76 104/303/76 102/302/76 101/301/76
f 102/308/77 97/307/77 98/306/77 101/305/77
f 103/312/78 100/311/78 99/310/78 104/309/78
o cube
v -0.014351385280402917 0.05363345874154213 0.22795190857058012
v -0.0932740929975418 0.06809362477715053 0.09809498543075157
v -0.016112491613296753 0.0058399379862460465 0.2237002217769266
v -0.0950351993304357 0.020300104021854448 0.09384329863709806
v -0.13925831781946185 0.06730961721802231 0.12595536105235583
v -0.06033561010232291 0.05284945118241391 0.2558122841921845
v -0.1410194241523557 0.01951609646272623 0.12170367425870232
v -0.06209671643521686 0.005055930427117827 0.25156059739853087
vt 0.359375 0.6770833333333333
vt 0.364505859375 0.6770833333333333
vt 0.364505859375 0.670974609375
vt 0.359375 0.670974609375
vt 0.359375 0.6770833333333333
vt 0.3739404296875 0.6770833333333333
vt 0.3739404296875 0.670974609375
vt 0.359375 0.670974609375
vt 0.359375 0.6770833333333333
vt 0.364505859375 0.6770833333333333
vt 0.364505859375 0.670974609375
vt 0.359375 0.670974609375
vt 0.359375 0.6770833333333333
vt 0.3739404296875 0.6770833333333333
vt 0.3739404296875 0.670974609375
vt 0.359375 0.670974609375
vt 0.359375 0.6770833333333333
vt 0.364505859375 0.6770833333333333
vt 0.364505859375 0.6576627604166667
vt 0.359375 0.6576627604166667
vt 0.359375 0.6770833333333333
vt 0.364505859375 0.6770833333333333
vt 0.364505859375 0.6576627604166667
vt 0.359375 0.6576627604166667
vn -0.5170319642244356 0.09473025273280782 -0.8507080152363679
vn 0.855179881443402 0.014580380425297239 -0.5181262229236255
vn 0.5170319642244356 -0.09473025273280782 0.8507080152363679
vn -0.855179881443402 -0.014580380425297239 0.5181262229236255
vn 0.03667858155205436 0.9953961983671789 0.08854992903157707
vn -0.03667858155205436 -0.9953961983671789 -0.08854992903157707
usemtl m_fc449419-96b5-b234-1d06-9a4be0f18826
f 108/316/79 111/315/79 109/314/79 106/313/79
f 107/320/80 108/319/80 106/318/80 105/317/80
f 112/324/81 107/323/81 105/322/81 110/321/81
f 111/328/82 112/327/82 110/326/82 109/325/82
f 110/332/83 105/331/83 106/330/83 109/329/83
f 111/336/84 108/335/84 107/334/84 112/333/84