# Made in Blockbench 4.8.3
mtllib floortwig_6.mtl

o cube
v 0.32300632342085056 0.033338120174771224 0.6940010469115947
v -0.03812893752635654 0.047923323349967184 0.8624354782162744
v 0.3219040955085726 -0.0032887270909997546 0.6948094127739646
v -0.039231165438634474 0.01129647608419615 0.8632438440786441
v -0.020769435436279404 0.048221802512026346 0.8996296248611437
v 0.34036582551092776 0.033636599336830386 0.7311951935564642
v -0.02187166334855728 0.011594955246255312 0.9004379907235134
v 0.33926359759864977 -0.0029902479289405925 0.7320035594188339
vt 0.21875 0.65625
vt 0.223880859375 0.65625
vt 0.223880859375 0.6501412760416667
vt 0.21875 0.6501412760416667
vt 0.21875 0.65625
vt 0.26859374999999996 0.65625
vt 0.26859374999999996 0.6501412760416667
vt 0.21875 0.6501412760416667
vt 0.21875 0.65625
vt 0.223880859375 0.65625
vt 0.223880859375 0.6501412760416667
vt 0.21875 0.6501412760416667
vt 0.21875 0.65625
vt 0.26859374999999996 0.65625
vt 0.26859374999999996 0.6501412760416667
vt 0.21875 0.6501412760416667
vt 0.21875 0.65625
vt 0.223880859375 0.65625
vt 0.223880859375 0.5897916666666667
vt 0.21875 0.5897916666666667
vt 0.21875 0.65625
vt 0.223880859375 0.65625
vt 0.223880859375 0.5897916666666667
vt 0.21875 0.5897916666666667
vn -0.9056683660118048 0.03657731203810894 0.4224060973158109
vn -0.42291896983819627 -0.007271665919979664 -0.9061383270923636
vn 0.9056683660118048 -0.03657731203810894 -0.4224060973158109
vn 0.42291896983819627 0.007271665919979664 0.9061383270923636
vn 0.03007250831750442 0.9993043696085868 -0.022054956918538995
vn -0.03007250831750442 -0.9993043696085868 0.022054956918538995
usemtl m_fc449419-96b5-b234-1d06-9a4be0f18826
f 4/4/1 7/3/1 5/2/1 2/1/1
f 3/8/2 4/7/2 2/6/2 1/5/2
f 8/12/3 3/11/3 1/10/3 6/9/3
f 7/16/4 8/15/4 6/14/4 5/13/4
f 6/20/5 1/19/5 2/18/5 5/17/5
f 7/24/6 4/23/6 3/22/6 8/21/6
o cube
v 0.5106133348505375 0.030548016258746036 0.5732700838057097
v 0.30822486429301277 0.033198321512065254 0.702271084766632
v 0.510320027721229 -0.006101984293529872 0.5735628854693564
v 0.30793155716370424 -0.0034516790402107644 0.7025638864302788
v 0.3302881458637956 0.03329827716059064 0.7368839084373799
v 0.5326766164213206 0.030647971907271532 0.6078829074764576
v 0.3299948387344871 -0.003351723391685324 0.7371767101010267
v 0.5323833092920118 -0.006002028645004487 0.6081757091401045
vt 0.21875 0.65625
vt 0.223880859375 0.65625
vt 0.223880859375 0.6501412760416667
vt 0.21875 0.6501412760416667
vt 0.21875 0.65625
vt 0.24875244140625 0.65625
vt 0.24875244140625 0.6501412760416667
vt 0.21875 0.6501412760416667
vt 0.21875 0.65625
vt 0.223880859375 0.65625
vt 0.223880859375 0.6501412760416667
vt 0.21875 0.6501412760416667
vt 0.21875 0.65625
vt 0.24875244140625 0.65625
vt 0.24875244140625 0.6501412760416667
vt 0.21875 0.6501412760416667
vt 0.21875 0.65625
vt 0.223880859375 0.65625
vt 0.223880859375 0.6162467447916666
vt 0.21875 0.6162467447916666
vt 0.21875 0.65625
vt 0.223880859375 0.65625
vt 0.223880859375 0.6162467447916666
vt 0.21875 0.6162467447916666
vn -0.8432166728411808 0.011042039951984686 0.53746043202858
vn -0.5375142826532591 -0.0024351585480118882 -0.8432511286364213
vn 0.8432166728411808 -0.011042039951984686 -0.53746043202858
vn 0.5375142826532591 0.0024351585480118882 0.8432511286364213
vn 0.008002411286686986 0.9999360696347268 -0.007988620472515024
vn -0.008002411286686986 -0.9999360696347268 0.007988620472515024
usemtl m_fc449419-96b5-b234-1d06-9a4be0f18826
f 12/28/7 15/27/7 13/26/7 10/25/7
f 11/32/8 12/31/8 10/30/8 9/29/8
f 16/36/9 11/35/9 9/34/9 14/33/9
f 15/40/10 16/39/10 14/38/10 13/37/10
f 14/44/11 9/43/11 10/42/11 13/41/11
f 15/48/12 12/47/12 11/46/12 16/45/12
o cube
v 0.6771850805389346 0.0623382285385069 0.640279111558838
v 0.3070422582596539 0.03395794141407371 0.7052684648627723
v 0.6797209407428795 0.02580494516490839 0.6387681776295844
v 0.3095781184635986 -0.002575341959524746 0.7037575309335187
v 0.31422492231938315 0.03278579688811467 0.745665016219057
v 0.684367744598664 0.06116608401254786 0.6806756629151227
v 0.31676078252332807 -0.0037474864854837864 0.7441540822898034
v 0.6869036048026087 0.024632800638949348 0.6791647289858691
vt 0.21875 0.65625
vt 0.223880859375 0.65625
vt 0.223880859375 0.6501412760416667
vt 0.21875 0.6501412760416667
vt 0.21875 0.65625
vt 0.265859375 0.65625
vt 0.265859375 0.6501412760416667
vt 0.21875 0.6501412760416667
vt 0.21875 0.65625
vt 0.223880859375 0.65625
vt 0.223880859375 0.6501412760416667
vt 0.21875 0.6501412760416667
vt 0.21875 0.65625
vt 0.265859375 0.65625
vt 0.265859375 0.6501412760416667
vt 0.21875 0.6501412760416667
vt 0.21875 0.65625
vt 0.223880859375 0.65625
vt 0.223880859375 0.5934375000000001
vt 0.21875 0.5934375000000001
vt 0.21875 0.65625
vt 0.223880859375 0.65625
vt 0.223880859375 0.5934375000000001
vt 0.21875 0.5934375000000001
vn -0.9821368418687382 -0.07530424444294036 0.17244272850131787
vn -0.17498686708133887 0.02855624273368096 -0.9841565614016873
vn 0.9821368418687382 0.07530424444294036 -0.17244272850131787
vn 0.17498686708133887 -0.02855624273368096 0.9841565614016873
vn -0.06918684985717445 0.9967516299308535 0.04122339186709197
vn 0.06918684985717445 -0.9967516299308535 -0.04122339186709197
usemtl m_fc449419-96b5-b234-1d06-9a4be0f18826
f 20/52/13 23/51/13 21/50/13 18/49/13
f 19/56/14 20/55/14 18/54/14 17/53/14
f 24/60/15 19/59/15 17/58/15 22/57/15
f 23/64/16 24/63/16 22/62/16 21/61/16
f 22/68/17 17/67/17 18/66/17 21/65/17
f 23/72/18 20/71/18 19/70/18 24/69/18
o cube
v 0.7463902294250488 0.047660403251808425 0.03469105500176006
v 0.40890933470926905 0.06731696749545002 0.15757113202831774
v 0.7426354681515814 -0.00711639402883224 0.03314127928697963
v 0.40515457343580163 0.012540170214809354 0.15602135631353742
v 0.4297712483107221 0.06425204237311521 0.21535709161667427
v 0.767252143026502 0.04459547812947373 0.09247701459011659
v 0.4260164870372547 0.009475245092474549 0.21380731590189395
v 0.7634973817530346 -0.01018131915116699 0.09092723887533616
vt 0.625 0.8854166666666666
vt 0.6315161914062499 0.8854166666666666
vt 0.6315161914062499 0.8776585872395833
vt 0.625 0.8776585872395833
vt 0.625 0.8854166666666666
vt 0.6631031005859376 0.8854166666666666
vt 0.6631031005859376 0.8776585872395833
vt 0.625 0.8776585872395833
vt 0.625 0.8854166666666666
vt 0.6315161914062499 0.8854166666666666
vt 0.6315161914062499 0.8776585872395833
vt 0.625 0.8776585872395833
vt 0.625 0.8854166666666666
vt 0.6631031005859376 0.8854166666666666
vt 0.6631031005859376 0.8776585872395833
vt 0.625 0.8776585872395833
vt 0.625 0.8854166666666666
vt 0.6315161914062499 0.8854166666666666
vt 0.6315161914062499 0.8346125325520833
vt 0.625 0.8346125325520833
vt 0.625 0.8854166666666666
vt 0.6315161914062499 0.8854166666666666
vt 0.6315161914062499 0.8346125325520833
vt 0.625 0.8346125325520833
vn -0.9382463429343086 0.05464812913863484 0.3416246214078298
vn -0.33914726209707896 0.04982577263190205 -0.9394128629062354
vn 0.9382463429343086 -0.05464812913863484 -0.3416246214078298
vn 0.33914726209707896 -0.04982577263190205 0.9394128629062354
vn 0.06835886615832076 0.997261738142641 0.028215085579662853
vn -0.06835886615832076 -0.997261738142641 -0.028215085579662853
usemtl m_fc449419-96b5-b234-1d06-9a4be0f18826
f 28/76/19 31/75/19 29/74/19 26/73/19
f 27/80/20 28/79/20 26/78/20 25/77/20
f 32/84/21 27/83/21 25/82/21 30/81/21
f 31/88/22 32/87/22 30/86/22 29/85/22
f 30/92/23 25/91/23 26/90/23 29/89/23
f 31/96/24 28/95/24 27/94/24 32/93/24
o cube
v 0.4393116647170573 0.05154591202158143 0.1534275514410206
v 0.34304145237699746 0.05911281787768319 0.11921666367655948
v 0.43653314137469135 0.011011082033907327 0.15228071741208316
v 0.3402629290346315 0.018577987890009084 0.11806982964762203
v 0.3277876973014848 0.0589450190322679 0.16210396119828618
v 0.42405790964154466 0.05137811317616614 0.1963148489627473
v 0.325009173959119 0.018410189044593794 0.16095712716934862
v 0.4212793862991788 0.010843283188492037 0.19516801493380975
vt 0.625 0.8854166666666666
vt 0.629821981640625 0.8854166666666666
vt 0.629821981640625 0.879675687890625
vt 0.625 0.879675687890625
vt 0.625 0.8854166666666666
vt 0.6358525444335937 0.8854166666666666
vt 0.6358525444335937 0.879675687890625
vt 0.625 0.879675687890625
vt 0.625 0.8854166666666666
vt 0.629821981640625 0.8854166666666666
vt 0.629821981640625 0.879675687890625
vt 0.625 0.879675687890625
vt 0.625 0.8854166666666666
vt 0.6358525444335937 0.8854166666666666
vt 0.6358525444335937 0.879675687890625
vt 0.625 0.879675687890625
vt 0.625 0.8854166666666666
vt 0.629821981640625 0.8854166666666666
vt 0.629821981640625 0.870946607421875
vt 0.625 0.870946607421875
vt 0.625 0.8854166666666666
vt 0.629821981640625 0.8854166666666666
vt 0.629821981640625 0.870946607421875
vt 0.625 0.870946607421875
vn -0.9396981303685253 0.07386092865918226 -0.33393410577462934
vn 0.33510369917302746 0.0036863063250506985 -0.9421740401572478
vn 0.9396981303685253 -0.07386092865918226 0.33393410577462934
vn -0.33510369917302746 -0.0036863063250506985 0.9421740401572478
vn 0.06835886615832085 0.997261738142641 0.02821508557966287
vn -0.06835886615832085 -0.997261738142641 -0.02821508557966287
usemtl m_fc449419-96b5-b234-1d06-9a4be0f18826
f 36/100/25 39/99/25 37/98/25 34/97/25
f 35/104/26 36/103/26 34/102/26 33/101/26
f 40/108/27 35/107/27 33/106/27 38/105/27
f 39/112/28 40/111/28 38/110/28 37/109/28
f 38/116/29 33/115/29 34/114/29 37/113/29
f 39/120/30 36/119/30 35/118/30 40/117/30
o cube
v 0.40422206320199605 0.0658877619716094 0.15712853710601282
v 0.2668835062446292 0.04862272481667085 0.3209529519624297
v 0.4071655327962771 0.011138983507934741 0.1538262953228785
v 0.26982697583891024 -0.0061260536470037485 0.31765071017929536
v 0.3140150793385148 0.04877251835155105 0.3604804450559692
v 0.45135363629588166 0.0660375555064896 0.19665603019955236
v 0.31695854893279585 -0.005976260112123544 0.3571782032728349
v 0.4542971058901627 0.011288777042814946 0.19335378841641804
vt 0.625 0.8854166666666666
vt 0.6315161914062499 0.8854166666666666
vt 0.6315161914062499 0.8776585872395833
vt 0.625 0.8776585872395833
vt 0.625 0.8854166666666666
vt 0.64771953125 0.8854166666666666
vt 0.64771953125 0.8776585872395833
vt 0.625 0.8776585872395833
vt 0.625 0.8854166666666666
vt 0.6315161914062499 0.8854166666666666
vt 0.6315161914062499 0.8776585872395833
vt 0.625 0.8776585872395833
vt 0.625 0.8854166666666666
vt 0.64771953125 0.8854166666666666
vt 0.64771953125 0.8776585872395833
vt 0.625 0.8776585872395833
vt 0.625 0.8854166666666666
vt 0.6315161914062499 0.8854166666666666
vt 0.6315161914062499 0.8551239583333333
vt 0.625 0.8551239583333333
vt 0.625 0.8854166666666666
vt 0.6315161914062499 0.8854166666666666
vt 0.6315161914062499 0.8551239583333333
vt 0.625 0.8551239583333333
vn -0.6403554628299649 -0.08050005113683509 0.7638485602465902
vn -0.7662069874551815 -0.002435158548011976 -0.6425892330079159
vn 0.6403554628299649 0.08050005113683509 -0.7638485602465902
vn 0.7662069874551815 0.002435158548011976 0.6425892330079159
vn -0.05358855846798796 0.9967516299308534 0.06012033459246588
vn 0.05358855846798796 -0.9967516299308534 -0.06012033459246588
usemtl m_fc449419-96b5-b234-1d06-9a4be0f18826
f 44/124/31 47/123/31 45/122/31 42/121/31
f 43/128/32 44/127/32 42/126/32 41/125/32
f 48/132/33 43/131/33 41/130/33 46/129/33
f 47/136/34 48/135/34 46/134/34 45/133/34
f 46/140/35 41/139/35 42/138/35 45/137/35
f 47/144/36 44/143/36 43/142/36 48/141/36
o cube
v 0.2776821479425513 0.04989779568228725 0.3074560460461224
v 0.07077698394409082 0.05932865542922605 0.4691178510226417
v 0.27647107961806106 -0.0049911976301971195 0.3091081005145695
v 0.06956591561960057 0.004439662116741738 0.4707699054910889
v 0.10866517129293374 0.05995110839427298 0.5175732753050939
v 0.3155703352913942 0.050520248647334176 0.3559114703285746
v 0.10745410296844338 0.005062115081788554 0.5192253297735412
v 0.31435926696690397 -0.004368744665150304 0.3575635247970219
vt 0.625 0.8854166666666666
vt 0.6315161914062499 0.8854166666666666
vt 0.6315161914062499 0.8776585872395833
vt 0.625 0.8776585872395833
vt 0.625 0.8854166666666666
vt 0.6528328125 0.8854166666666666
vt 0.6528328125 0.8776585872395833
vt 0.625 0.8776585872395833
vt 0.625 0.8854166666666666
vt 0.6315161914062499 0.8854166666666666
vt 0.6315161914062499 0.8776585872395833
vt 0.625 0.8776585872395833
vt 0.625 0.8854166666666666
vt 0.6528328125 0.8854166666666666
vt 0.6528328125 0.8776585872395833
vt 0.625 0.8776585872395833
vt 0.625 0.8854166666666666
vt 0.6315161914062499 0.8854166666666666
vt 0.6315161914062499 0.84830625
vt 0.625 0.84830625
vt 0.625 0.8854166666666666
vt 0.6315161914062499 0.8854166666666666
vt 0.6315161914062499 0.84830625
vt 0.625 0.84830625
vn -0.7874849124604696 0.03589402805963968 0.6152878443434263
vn -0.615939421985059 -0.010119072627409338 -0.7877285273581709
vn 0.7874849124604696 -0.03589402805963968 -0.6152878443434263
vn 0.615939421985059 0.010119072627409338 0.7877285273581709
vn 0.022048607480699565 0.9993043696085868 -0.030077163917946518
vn -0.022048607480699565 -0.9993043696085868 0.030077163917946518
usemtl m_fc449419-96b5-b234-1d06-9a4be0f18826
f 52/148/37 55/147/37 53/146/37 50/145/37
f 51/152/38 52/151/38 50/150/38 49/149/38
f 56/156/39 51/155/39 49/154/39 54/153/39
f 55/160/40 56/159/40 54/158/40 53/157/40
f 54/164/41 49/163/41 50/162/41 53/161/41
f 55/168/42 52/167/42 51/166/42 56/165/42
o cube
v 0.8328046777034106 0.0540092014105239 0.755474325268966
v 0.8096170423959204 0.08869167294572189 0.49240692991465485
v 0.8325300543297773 -0.011104648598718236 0.7469140041397551
v 0.8093424190222869 0.023577822936479698 0.48384660878544405
v 0.7363479587523887 0.08816085459757517 0.49879512825571815
v 0.7595355940598789 0.05347838306237718 0.7618625236100292
v 0.7360733353787552 0.023047004588332864 0.49023480712650735
v 0.7592609706862454 -0.011635466946865014 0.7533022024808185
vt 0.2109375 0.48958333333333337
vt 0.2176481715 0.48958333333333337
vt 0.2176481715 0.4815937088333334
vt 0.2109375 0.4815937088333334
vt 0.2109375 0.48958333333333337
vt 0.235239965 0.48958333333333337
vt 0.235239965 0.4815937088333334
vt 0.2109375 0.4815937088333334
vt 0.2109375 0.48958333333333337
vt 0.2176481715 0.48958333333333337
vt 0.2176481715 0.4815937088333334
vt 0.2109375 0.4815937088333334
vt 0.2109375 0.48958333333333337
vt 0.235239965 0.48958333333333337
vt 0.235239965 0.4815937088333334
vt 0.2109375 0.4815937088333334
vt 0.2109375 0.48958333333333337
vt 0.2176481715 0.48958333333333337
vt 0.2176481715 0.4571800466666667
vt 0.2109375 0.4571800466666667
vt 0.2109375 0.48958333333333337
vt 0.2176481715 0.48958333333333337
vt 0.2176481715 0.4571800466666667
vt 0.2109375 0.4571800466666667
vn -0.08705537301639611 0.13021144487518607 -0.9876569959517792
vn 0.9961946980917457 0.007217210831328383 -0.08685640656688583
vn 0.08705537301639611 -0.13021144487518607 0.9876569959517792
vn -0.9961946980917457 -0.007217210831328383 0.08685640656688583
vn 0.004181569426920373 0.991459979772927 0.13034424799658523
vn -0.004181569426920373 -0.991459979772927 -0.13034424799658523
usemtl m_fc449419-96b5-b234-1d06-9a4be0f18826
f 60/172/43 63/171/43 61/170/43 58/169/43
f 59/176/44 60/175/44 58/174/44 57/173/44
f 64/180/45 59/179/45 57/178/45 62/177/45
f 63/184/46 64/183/46 62/182/46 61/181/46
f 62/188/47 57/187/47 58/186/47 61/185/47
f 63/192/48 60/191/48 59/190/48 64/189/48
o cube
v 0.7788207632789033 0.04612847957179189 0.9667072479218506
v 0.8287366867091226 0.05005256351055776 0.7234326939501696
v 0.7763145124200026 -0.006653458852820038 0.9653416197565745
v 0.8262304358502219 -0.002729374914054228 0.7220670657848933
v 0.7708157027891893 0.05310904276895023 0.7115975658195122
v 0.7208997793589695 0.04918495883018448 0.9548721197911934
v 0.7683094519302887 0.0003271043443383581 0.7102319376542359
v 0.7183935285000691 -0.003596979594427452 0.953506491625917
vt 0.2109375 0.48958333333333337
vt 0.2163386613876 0.48958333333333337
vt 0.2163386613876 0.48315279186653337
vt 0.2109375 0.48315279186653337
vt 0.2109375 0.48958333333333337
vt 0.2335993360731875 0.48958333333333337
vt 0.2335993360731875 0.48315279186653337
vt 0.2109375 0.48315279186653337
vt 0.2109375 0.48958333333333337
vt 0.2163386613876 0.48958333333333337
vt 0.2163386613876 0.48315279186653337
vt 0.2109375 0.48315279186653337
vt 0.2109375 0.48958333333333337
vt 0.2335993360731875 0.48958333333333337
vt 0.2335993360731875 0.48315279186653337
vt 0.2109375 0.48315279186653337
vt 0.2109375 0.48958333333333337
vt 0.2163386613876 0.48958333333333337
vt 0.2163386613876 0.4593675519024166
vt 0.2109375 0.4593675519024166
vt 0.2109375 0.48958333333333337
vt 0.2163386613876 0.48958333333333337
vt 0.2163386613876 0.4593675519024166
vt 0.2109375 0.4593675519024166
vn 0.20097103169581604 0.015799110653281108 -0.9794697711117403
vn 0.9784490644356696 -0.05163257024389101 0.1999287522968444
vn -0.20097103169581604 -0.015799110653281108 0.9794697711117403
vn -0.9784490644356696 0.05163257024389101 -0.1999287522968444
vn 0.04741384527838449 0.9985411688020555 0.025835275948639984
vn -0.04741384527838449 -0.9985411688020555 -0.025835275948639984
usemtl m_fc449419-96b5-b234-1d06-9a4be0f18826
f 68/196/49 71/195/49 69/194/49 66/193/49
f 67/200/50 68/199/50 66/198/50 65/197/50
f 72/204/51 67/203/51 65/202/51 70/201/51
f 71/208/52 72/207/52 70/206/52 69/205/52
f 70/212/53 65/211/53 66/210/53 69/209/53
f 71/216/54 68/215/54 67/214/54 72/213/54
o cube
v 0.7459123176923528 0.08296570531904579 0.47721660952933953
v 0.7151108410581395 0.08477280014495492 0.47735958981438875
v 0.7428826637755384 0.03168243595026632 0.4727119073862447
v 0.7120811871413251 0.03348953077617556 0.4728548876712939
v 0.7150797368885775 0.07941436956508352 0.5383829527268444
v 0.7458812135227908 0.07760727473917439 0.5382399724417954
v 0.7120500829717633 0.02813110019630405 0.5338782505837498
v 0.7428515596059766 0.02632400537039492 0.5337352702987004
vt 0.2109375 0.48958333333333337
vt 0.21652674996275006 0.48958333333333337
vt 0.21652674996275006 0.48330963434133334
vt 0.2109375 0.48330963434133334
vt 0.2109375 0.48958333333333337
vt 0.21375271648656247 0.48958333333333337
vt 0.21375271648656247 0.48330963434133334
vt 0.2109375 0.48330963434133334
vt 0.2109375 0.48958333333333337
vt 0.21652674996275006 0.48958333333333337
vt 0.21652674996275006 0.48330963434133334
vt 0.2109375 0.48330963434133334
vt 0.2109375 0.48958333333333337
vt 0.21375271648656247 0.48958333333333337
vt 0.21375271648656247 0.48330963434133334
vt 0.2109375 0.48330963434133334
vt 0.2109375 0.48958333333333337
vt 0.21652674996275006 0.48958333333333337
vt 0.21652674996275006 0.4858297113512501
vt 0.2109375 0.4858297113512501
vt 0.2109375 0.48958333333333337
vt 0.21652674996275006 0.48958333333333337
vt 0.21652674996275006 0.4858297113512501
vt 0.2109375 0.4858297113512501
vn -0.998272680241645 0.05856775688823132 0.0046339762886335465
vn 0.0005077553686597116 0.08747289938393657 -0.9961667702035906
vn 0.998272680241645 -0.05856775688823132 -0.0046339762886335465
vn -0.0005077553686597116 -0.08747289938393657 0.9961667702035906
vn 0.05874860055906169 0.9944437187324625 0.08735154380950047
vn -0.05874860055906169 -0.9944437187324625 -0.08735154380950047
usemtl m_fc449419-96b5-b234-1d06-9a4be0f18826
f 76/220/55 79/219/55 77/218/55 74/217/55
f 75/224/56 76/223/56 74/222/56 73/221/56
f 80/228/57 75/227/57 73/226/57 78/225/57
f 79/232/58 80/231/58 78/230/58 77/229/58
f 78/236/59 73/235/59 74/234/59 77/233/59
f 79/240/60 76/239/60 75/238/60 80/237/60
o cube
v 0.8106015854836595 0.10098724129987136 0.5316052702076111
v 0.9140790093817575 0.09240989689491852 0.28237633105988513
v 0.8114959077899195 0.016857038085063003 0.5348719690869732
v 0.9149733316880173 0.008279693680110056 0.2856430299392472
v 0.8269914250906236 0.09008326731946448 0.24629848791882858
v 0.7235140011925258 0.09866061172441731 0.4955274270665546
v 0.8278857473968833 0.005953064104656014 0.24956518679819062
v 0.7244083234987855 0.01453040850960896 0.49879412594591666
vt 0.2109375 0.48958333333333337
vt 0.219540925 0.48958333333333337
vt 0.219540925 0.47934022499999995
vt 0.2109375 0.47934022499999995
vt 0.2109375 0.48958333333333337
vt 0.23557189648437504 0.48958333333333337
vt 0.23557189648437504 0.47934022499999995
vt 0.2109375 0.47934022499999995
vt 0.2109375 0.48958333333333337
vt 0.219540925 0.48958333333333337
vt 0.219540925 0.47934022499999995
vt 0.2109375 0.47934022499999995
vt 0.2109375 0.48958333333333337
vt 0.23557189648437504 0.48958333333333337
vt 0.23557189648437504 0.47934022499999995
vt 0.2109375 0.47934022499999995
vt 0.2100830078125 0.48457845052083337
vt 0.2186864328125 0.48457845052083337
vt 0.2186864328125 0.45173258854166665
vt 0.2100830078125 0.45173258854166665
vt 0.2109375 0.48958333333333337
vt 0.219540925 0.48958333333333337
vt 0.219540925 0.45673747135416665
vt 0.2109375 0.45673747135416665
vn 0.3832596751298736 -0.03176876758505881 -0.9230941267419429
vn 0.9235795595148216 0.02467432683938577 0.38261204220650386
vn -0.3832596751298736 0.03176876758505881 0.9230941267419429
vn -0.9235795595148216 -0.02467432683938577 -0.38261204220650386
vn -0.010621613142644986 0.9991906339638846 -0.038797658861048655
vn 0.010621613142644986 -0.9991906339638846 0.038797658861048655
usemtl m_fc449419-96b5-b234-1d06-9a4be0f18826
f 84/244/61 87/243/61 85/242/61 82/241/61
f 83/248/62 84/247/62 82/246/62 81/245/62
f 88/252/63 83/251/63 81/250/63 86/249/63
f 87/256/64 88/255/64 86/254/64 85/253/64
f 86/260/65 81/259/65 82/258/65 85/257/65
f 87/264/66 84/263/66 83/262/66 88/261/66