# Made in Blockbench 4.8.3
mtllib floortwig_2.mtl

o cube
v 0.08465993255655191 0.08693644859107574 0.803104867813436
v 0.34261392986946637 0.06374170278357871 1.1393628107022502
v 0.0799406081965991 0.02229982779991979 0.8022666380799794
v 0.33789460550951356 -0.0008949180075772389 1.1385245809687934
v 0.4000128267263027 0.06012509113922382 1.09508084922522
v 0.1420588294133882 0.08331983694672074 0.758822906336406
v 0.39529350236634986 -0.0045115296519322445 1.0942426194917632
v 0.1373395050534354 0.018683216155564786 0.7579846766029492
vt 0.6315161914062499 0.8854166666666666
vt 0.625 0.8854166666666666
vt 0.625 0.8776585872395833
vt 0.6315161914062499 0.8776585872395833
vt 0.6631031005859376 0.8854166666666666
vt 0.625 0.8854166666666666
vt 0.625 0.8776585872395833
vt 0.6631031005859376 0.8776585872395833
vt 0.6315161914062499 0.8854166666666666
vt 0.625 0.8854166666666666
vt 0.625 0.8776585872395833
vt 0.6315161914062499 0.8776585872395833
vt 0.6631031005859376 0.8854166666666666
vt 0.625 0.8854166666666666
vt 0.625 0.8776585872395833
vt 0.6631031005859376 0.8776585872395833
vt 0.625 0.8346125325520833
vt 0.6315161914062499 0.8346125325520833
vt 0.6315161914062499 0.8854166666666666
vt 0.625 0.8854166666666666
vt 0.625 0.8346125325520833
vt 0.6315161914062499 0.8346125325520833
vt 0.6315161914062499 0.8854166666666666
vt 0.625 0.8854166666666666
vn 0.6077541644119626 -0.054648129138634864 0.7922426759658711
vn -0.7907800630390238 0.04982577263190198 0.6100690815650563
vn -0.6077541644119626 0.054648129138634864 -0.7922426759658711
vn 0.7907800630390238 -0.04982577263190198 -0.6100690815650563
vn 0.07281323739482069 0.997261738142641 0.012932830193132346
vn -0.07281323739482069 -0.997261738142641 -0.012932830193132346
usemtl m_fc449419-96b5-b234-1d06-9a4be0f18826
f 4/4/1 7/3/1 5/2/1 2/1/1
f 3/8/2 4/7/2 2/6/2 1/5/2
f 8/12/3 3/11/3 1/10/3 6/9/3
f 7/16/4 8/15/4 6/14/4 5/13/4
f 6/20/5 1/19/5 2/18/5 5/17/5
f 7/24/6 4/23/6 3/22/6 8/21/6
o cube
v -0.005209161660633788 0.07725555204211099 0.7995141787148721
v 0.11228930314142804 0.06832660313191086 0.8265040559189225
v -0.008701461686998813 0.029424452656655498 0.798893888712114
v 0.1087970031150629 0.02049550374645548 0.8258837659161644
v 0.12429986424626083 0.06812860049432079 0.7741514484586602
v 0.006801399444199108 0.07705754940452092 0.7471615712546096
v 0.1208075642198958 0.0202975011088653 0.7735311584559021
v 0.0033090994178339717 0.02922645001906543 0.7465412812518517
vt 0.629821981640625 0.8854166666666666
vt 0.625 0.8854166666666666
vt 0.625 0.879675687890625
vt 0.629821981640625 0.879675687890625
vt 0.6358525444335937 0.8854166666666666
vt 0.625 0.8854166666666666
vt 0.625 0.879675687890625
vt 0.6358525444335937 0.879675687890625
vt 0.629821981640625 0.8854166666666666
vt 0.625 0.8854166666666666
vt 0.625 0.879675687890625
vt 0.629821981640625 0.879675687890625
vt 0.6358525444335937 0.8854166666666666
vt 0.625 0.8854166666666666
vt 0.625 0.879675687890625
vt 0.6358525444335937 0.879675687890625
vt 0.625 0.870946607421875
vt 0.629821981640625 0.870946607421875
vt 0.629821981640625 0.8854166666666666
vt 0.625 0.8854166666666666
vt 0.625 0.870946607421875
vt 0.629821981640625 0.870946607421875
vt 0.629821981640625 0.8854166666666666
vt 0.625 0.8854166666666666
vn 0.971956029045532 -0.07386092865918226 0.2232622691357505
vn -0.2236061494282449 0.003686306325050643 0.9746726122568292
vn -0.971956029045532 0.07386092865918226 -0.2232622691357505
vn 0.2236061494282449 -0.003686306325050643 -0.9746726122568292
vn 0.07281323739482075 0.9972617381426409 0.012932830193132395
vn -0.07281323739482075 -0.9972617381426409 -0.012932830193132395
usemtl m_fc449419-96b5-b234-1d06-9a4be0f18826
f 12/28/7 15/27/7 13/26/7 10/25/7
f 11/32/8 12/31/8 10/30/8 9/29/8
f 16/36/9 11/35/9 9/34/9 14/33/9
f 15/40/10 16/39/10 14/38/10 13/37/10
f 14/44/11 9/43/11 10/42/11 13/41/11
f 15/48/12 12/47/12 11/46/12 16/45/12
o cube
v 0.04690184303557943 0.06487724223011648 0.550460671228749
v 0.07971453984577204 0.08524998607294387 0.8005735455325402
v 0.04773752359047667 0.0002736836429804157 0.5556132681166144
v 0.08055022040066928 0.020646427485807806 0.8057261424204056
v 0.15168093696292262 0.08542674244410253 0.7911177644657623
v 0.11886824015273001 0.06505399860127503 0.5410048901619713
v 0.15251661751781986 0.020823183856966465 0.7962703613536277
v 0.11970392070762725 0.0004504400141390752 0.5461574870498367
vt 0.6315161914062499 0.8854166666666666
vt 0.625 0.8854166666666666
vt 0.625 0.8776585872395833
vt 0.6315161914062499 0.8776585872395833
vt 0.64771953125 0.8854166666666666
vt 0.625 0.8854166666666666
vt 0.625 0.8776585872395833
vt 0.64771953125 0.8776585872395833
vt 0.6315161914062499 0.8854166666666666
vt 0.625 0.8854166666666666
vt 0.625 0.8776585872395833
vt 0.6315161914062499 0.8776585872395833
vt 0.64771953125 0.8854166666666666
vt 0.625 0.8854166666666666
vt 0.625 0.8776585872395833
vt 0.64771953125 0.8776585872395833
vt 0.625 0.8551239583333333
vt 0.6315161914062499 0.8551239583333333
vt 0.6315161914062499 0.8854166666666666
vt 0.625 0.8854166666666666
vt 0.625 0.8551239583333333
vt 0.6315161914062499 0.8551239583333333
vt 0.6315161914062499 0.8854166666666666
vt 0.625 0.8854166666666666
vn 0.12965478737356875 0.08050005113683503 0.9882860809897515
vn -0.9914753621647998 -0.0024351585480119936 0.13027154801807392
vn -0.12965478737356875 -0.08050005113683503 -0.9882860809897515
vn 0.9914753621647998 0.0024351585480119936 -0.13027154801807392
vn -0.012893499575133081 0.9967516299308535 -0.07949808739141499
vn 0.012893499575133081 -0.9967516299308535 0.07949808739141499
usemtl m_fc449419-96b5-b234-1d06-9a4be0f18826
f 20/52/13 23/51/13 21/50/13 18/49/13
f 19/56/14 20/55/14 18/54/14 17/53/14
f 24/60/15 19/59/15 17/58/15 22/57/15
f 23/64/16 24/63/16 22/62/16 21/61/16
f 22/68/17 17/67/17 18/66/17 21/65/17
f 23/72/18 20/71/18 19/70/18 24/69/18
o cube
v -0.05432518991031665 0.07751024035293164 0.27867249127387905
v 0.049091450766185596 0.06638182585154384 0.5707393027494259
v -0.05448302251695747 0.012741228244200098 0.2762605298049795
v 0.04893361815954478 0.0016128137428121914 0.5683273412805263
v 0.11751924201018638 0.06711632035029913 0.5465379958483567
v 0.014102601333684128 0.07824473485168693 0.25447118437281
v 0.11736140940354556 0.0023473082415674806 0.5441260343794572
v 0.01394476872704331 0.013475722742955276 0.2520592229039105
vt 0.6315161914062499 0.8854166666666666
vt 0.625 0.8854166666666666
vt 0.625 0.8776585872395833
vt 0.6315161914062499 0.8776585872395833
vt 0.6528328125 0.8854166666666666
vt 0.625 0.8854166666666666
vt 0.625 0.8776585872395833
vt 0.6528328125 0.8776585872395833
vt 0.6315161914062499 0.8854166666666666
vt 0.625 0.8854166666666666
vt 0.625 0.8776585872395833
vt 0.6315161914062499 0.8776585872395833
vt 0.6528328125 0.8854166666666666
vt 0.625 0.8854166666666666
vt 0.625 0.8776585872395833
vt 0.6528328125 0.8776585872395833
vt 0.625 0.84830625
vt 0.6315161914062499 0.84830625
vt 0.6315161914062499 0.8854166666666666
vt 0.625 0.8854166666666666
vt 0.625 0.84830625
vt 0.6315161914062499 0.84830625
vt 0.6315161914062499 0.8854166666666666
vt 0.625 0.8854166666666666
vn 0.3335641210895876 -0.03589402805963971 0.9420438396759382
vn -0.9427242688742965 -0.010119072627409367 0.3334194913987247
vn -0.3335641210895876 0.03589402805963971 -0.9420438396759382
vn 0.9427242688742965 0.010119072627409367 -0.3334194913987247
vn 0.002435158548012233 0.9993043696085869 0.037213530926680845
vn -0.002435158548012233 -0.9993043696085869 -0.037213530926680845
usemtl m_fc449419-96b5-b234-1d06-9a4be0f18826
f 28/76/19 31/75/19 29/74/19 26/73/19
f 27/80/20 28/79/20 26/78/20 25/77/20
f 32/84/21 27/83/21 25/82/21 30/81/21
f 31/88/22 32/87/22 30/86/22 29/85/22
f 30/92/23 25/91/23 26/90/23 29/89/23
f 31/96/24 28/95/24 27/94/24 32/93/24
o cube
v 0.5378393188820474 0.11601870759086408 0.42286259658073344
v 1.23924776244625 0.12286892026477558 0.01904333834293248
v 0.5412875654848215 -0.0019017672564597965 0.4268516310769932
v 1.2426960090490242 0.004948445417451652 0.02303237283919235
v 1.172873572039572 0.11702466889226582 -0.0963435606230511
v 0.47146512847536926 0.11017445621835442 0.3074756976147498
v 1.176321818642346 -0.0008958059550580044 -0.09235452612679129
v 0.47491337507814346 -0.007746018628969509 0.31146473211100956
vt 0.234375 0.6979166666666667
vt 0.248489775390625 0.6979166666666667
vt 0.248489775390625 0.68124458984375
vt 0.234375 0.68124458984375
vt 0.2421875 0.51068125
vt 0.2421875 0.625
vt 0.25469155761718754 0.625
vt 0.25469155761718754 0.51068125
vt 0.234375 0.6979166666666667
vt 0.248489775390625 0.6979166666666667
vt 0.248489775390625 0.68124458984375
vt 0.234375 0.68124458984375
vt 0.234375 0.5835979166666667
vt 0.234375 0.6979166666666667
vt 0.24687905761718754 0.6979166666666667
vt 0.24687905761718754 0.5835979166666667
vt 0.21875 0.6145833333333333
vt 0.232864775390625 0.6145833333333333
vt 0.232864775390625 0.5002645833333332
vt 0.21875 0.5002645833333332
vt 0.234375 0.8229166666666666
vt 0.248489775390625 0.8229166666666666
vt 0.248489775390625 0.7085979166666667
vt 0.234375 0.7085979166666667
vn 0.8666031530609232 0.008463564926854465 -0.4989261901059066
vn 0.4981421271971253 0.043861443623481156 0.8659853317896253
vn -0.8666031530609232 -0.008463564926854465 0.4989261901059066
vn -0.4981421271971253 -0.043861443623481156 -0.8659853317896253
vn -0.029212946040913554 0.9990017726871125 -0.03379440710557841
vn 0.029212946040913554 -0.9990017726871125 0.03379440710557841
usemtl m_fc449419-96b5-b234-1d06-9a4be0f18826
f 36/100/25 39/99/25 37/98/25 34/97/25
f 35/104/26 36/103/26 34/102/26 33/101/26
f 40/108/27 35/107/27 33/106/27 38/105/27
f 39/112/28 40/111/28 38/110/28 37/109/28
f 38/116/29 33/115/29 34/114/29 37/113/29
f 39/120/30 36/119/30 35/118/30 40/117/30
o cube
v 0.5517730051475953 0.12793177641055264 0.7201648478760394
v 0.6927210184974566 0.09884303589981347 0.278297883766333
v 0.5532857709629115 0.04081811918411715 0.7263822122175192
v 0.6942337843127728 0.011729378673377977 0.28451524810781303
v 0.5987809338061876 0.0950907125781657 0.24857962234755004
v 0.4578329204563263 0.12417945308890488 0.6904465864572562
v 0.6002936996215038 0.007977055351730322 0.25479698668902995
v 0.4593456862716425 0.0370657958624695 0.6966639507987362
vt 0.203125 0.6145833333333333
vt 0.21356993378906253 0.6145833333333333
vt 0.21356993378906253 0.6022459964843749
vt 0.203125 0.6022459964843749
vt 0.21875 0.5801957916666667
vt 0.21875 0.6458333333333333
vt 0.22800300263671874 0.6458333333333333
vt 0.22800300263671874 0.5801957916666667
vt 0.203125 0.6145833333333333
vt 0.21356993378906253 0.6145833333333333
vt 0.21356993378906253 0.6022459964843749
vt 0.203125 0.6022459964843749
vt 0.203125 0.5489457916666667
vt 0.203125 0.6145833333333333
vt 0.21237800263671874 0.6145833333333333
vt 0.21237800263671874 0.5489457916666667
vt 0.21875 0.6666666666666667
vt 0.22919493378906253 0.6666666666666667
vt 0.22919493378906253 0.6010291249999999
vt 0.21875 0.6010291249999999
vt 0.203125 0.6145833333333333
vt 0.21356993378906253 0.6145833333333333
vt 0.21356993378906253 0.5489457916666667
vt 0.203125 0.5489457916666667
vn 0.30330068714629227 -0.0625949580660483 -0.9508367706401013
vn 0.9527375049896424 0.038055949929469826 0.3014017107799441
vn -0.30330068714629227 0.0625949580660483 0.9508367706401013
vn -0.9527375049896424 -0.038055949929469826 -0.3014017107799441
vn -0.01731876908727267 0.997313198498684 -0.07117895993639124
vn 0.01731876908727267 -0.997313198498684 0.07117895993639124
usemtl m_fc449419-96b5-b234-1d06-9a4be0f18826
f 44/124/31 47/123/31 45/122/31 42/121/31
f 43/128/32 44/127/32 42/126/32 41/125/32
f 48/132/33 43/131/33 41/130/33 46/129/33
f 47/136/34 48/135/34 46/134/34 45/133/34
f 46/140/35 41/139/35 42/138/35 45/137/35
f 47/144/36 44/143/36 43/142/36 48/141/36