# Made in Blockbench 4.8.3
mtllib hangingbush.mtl

o cube
v 0.35308242761339437 1.1875 0.5697742513349875
v 0.23720057376420978 1.1875 0.047064987757347465
v 0.35308242761339437 -1.1875 0.5697742513349875
v 0.23720057376420978 -1.1875 0.047064987757347465
v 0.23720057376420978 1.1875 0.047064987757347465
v 0.35308242761339437 1.1875 0.5697742513349875
v 0.23720057376420978 -1.1875 0.047064987757347465
v 0.35308242761339437 -1.1875 0.5697742513349875
vt 0 1
vt 0 1
vt 0 0.703125
vt 0 0.703125
vt 0 0.71875
vt 0.06640625 0.71875
vt 0.06640625 0.421875
vt 0 0.421875
vt 0 1
vt 0 1
vt 0 0.703125
vt 0 0.703125
vt 0.28125 1
vt 0.34765625 1
vt 0.34765625 0.703125
vt 0.28125 0.703125
vt 0 0.93359375
vt 0 0.93359375
vt 0 1
vt 0 1
vt 0 1
vt 0 1
vt 0 0.93359375
vt 0 0.93359375
vn -0.21643961393810288 0 -0.9762960071199334
vn 0.9762960071199334 0 -0.21643961393810288
vn 0.21643961393810288 0 0.9762960071199334
vn -0.9762960071199334 0 0.21643961393810288
vn 0 1 0
vn 0 -1 0
usemtl m_1e18fbb0-8e51-07f0-0722-669cae0876d8
f 4/4/1 7/3/1 5/2/1 2/1/1
f 3/8/2 4/7/2 2/6/2 1/5/2
f 8/12/3 3/11/3 1/10/3 6/9/3
f 7/16/4 8/15/4 6/14/4 5/13/4
f 6/20/5 1/19/5 2/18/5 5/17/5
f 7/24/6 4/23/6 3/22/6 8/21/6
o cube
v -0.24030210031031862 1.1736163963430255 0.5370556506424116
v -0.07945733221668838 1.1806390305798944 0.026435222666126967
v -0.3343269090341339 -1.1987052407135885 0.47481108704464514
v -0.17348214094050374 -1.1916826064767196 -0.03580934093163951
v -0.07945733221668838 1.1806390305798944 0.026435222666126967
v -0.24030210031031862 1.1736163963430255 0.5370556506424116
v -0.17348214094050374 -1.1916826064767196 -0.03580934093163951
v -0.3343269090341339 -1.1987052407135885 0.47481108704464514
vt 0 1
vt 0 1
vt 0 0.703125
vt 0 0.703125
vt 0.0703125 0.71875
vt 0.13671875 0.71875
vt 0.13671875 0.421875
vt 0.0703125 0.421875
vt 0 1
vt 0 1
vt 0 0.703125
vt 0 0.703125
vt 0.140625 0.71875
vt 0.20703125 0.71875
vt 0.20703125 0.421875
vt 0.140625 0.421875
vt 0 0.93359375
vt 0 0.93359375
vt 0 1
vt 0 1
vt 0 1
vt 0 1
vt 0 0.93359375
vt 0 0.93359375
vn 0.3004195942140946 0.013116602751579956 -0.953716950748227
vn 0.9529851768849826 -0.04563054333003657 0.29956152315159623
vn -0.3004195942140946 -0.013116602751579956 0.953716950748227
vn -0.9529851768849826 0.04563054333003657 -0.29956152315159623
vn 0.0395893931468696 0.9988722682343638 0.026208237304322722
vn -0.0395893931468696 -0.9988722682343638 -0.026208237304322722
usemtl m_1e18fbb0-8e51-07f0-0722-669cae0876d8
f 12/28/7 15/27/7 13/26/7 10/25/7
f 11/32/8 12/31/8 10/30/8 9/29/8
f 16/36/9 11/35/9 9/34/9 14/33/9
f 15/40/10 16/39/10 14/38/10 13/37/10
f 14/44/11 9/43/11 10/42/11 13/41/11
f 15/48/12 12/47/12 11/46/12 16/45/12
o cube
v 0.5625 1.375 0.5
v 0.5625 1.375 0.5
v 0.5625 -0.875 0.5
v 0.5625 -0.875 0.5
v -0.5625 1.375 0.5
v -0.5625 1.375 0.5
v -0.5625 -0.875 0.5
v -0.5625 -0.875 0.5
vt 0 1
vt 0.140625 1
vt 0.140625 0.71875
vt 0 0.71875
vt 0 1
vt 0 1
vt 0 0.71875
vt 0 0.71875
vt 0.140625 1
vt 0.28125 1
vt 0.28125 0.71875
vt 0.140625 0.71875
vt 0 1
vt 0 1
vt 0 0.71875
vt 0 0.71875
vt 0.140625 1
vt 0 1
vt 0 1
vt 0.140625 1
vt 0.140625 1
vt 0 1
vt 0 1
vt 0.140625 1
vn 0 0 -1
vn 1 0 0
vn 0 0 1
vn -1 0 0
vn 0 1 0
vn 0 -1 0
usemtl m_1e18fbb0-8e51-07f0-0722-669cae0876d8
f 20/52/13 23/51/13 21/50/13 18/49/13
f 19/56/14 20/55/14 18/54/14 17/53/14
f 24/60/15 19/59/15 17/58/15 22/57/15
f 23/64/16 24/63/16 22/62/16 21/61/16
f 22/68/17 17/67/17 18/66/17 21/65/17
f 23/72/18 20/71/18 19/70/18 24/69/18
o cube
v 0.4956279232153694 0.6797218097950743 0.19134219679228825
v 0.4956279232153694 0.6797218097950743 0.19134219679228825
v 0.5910386313598321 1.0357994201763352 0.5291373006001188
v 0.5910386313598321 1.0357994201763352 0.5291373006001188
v -0.5910386313598323 0.9708932355354101 0.19134219679228825
v -0.5910386313598323 0.9708932355354101 0.19134219679228825
v -0.4956279232153694 1.3269708459166711 0.5291373006001188
v -0.4956279232153694 1.3269708459166711 0.5291373006001188
vt 0.3515625 0.921875
vt 0.4921875 0.921875
vt 0.4921875 0.859375
vt 0.3515625 0.859375
vt 0 1
vt 0 1
vt 0 0.9375
vt 0 0.9375
vt 0.3515625 0.859375
vt 0.4921875 0.859375
vt 0.4921875 0.796875
vt 0.3515625 0.796875
vt 0 1
vt 0 1
vt 0 0.9375
vt 0 0.9375
vt 0.140625 1
vt 0 1
vt 0 1
vt 0.140625 1
vt 0.140625 1
vt 0 1
vt 0 1
vt 0.140625 1
vn -0.17485561241569922 -0.6525700295239606 0.7372773368101233
vn 0.9659258262890683 -0.2588190451025209 -4.163336342344338e-17
vn 0.17485561241569922 0.6525700295239606 -0.7372773368101233
vn -0.9659258262890683 0.2588190451025209 4.163336342344338e-17
vn -0.19082141628892582 -0.7121552207625221 -0.675590207615661
vn 0.19082141628892582 0.7121552207625221 0.675590207615661
usemtl m_1e18fbb0-8e51-07f0-0722-669cae0876d8
f 28/76/19 31/75/19 29/74/19 26/73/19
f 27/80/20 28/79/20 26/78/20 25/77/20
f 32/84/21 27/83/21 25/82/21 30/81/21
f 31/88/22 32/87/22 30/86/22 29/85/22
f 30/92/23 25/91/23 26/90/23 29/89/23
f 31/96/24 28/95/24 27/94/24 32/93/24
o cube
v 0.5424481759843103 0.6113245351649015 0.4745013873306352
v 0.5424481759843103 0.6113245351649015 0.4745013873306352
v 0.5547558467578542 0.27312642537372733 0.10643813220482523
v 0.5547558467578542 0.27312642537372733 0.10643813220482523
v -0.5547558467578539 0.4111230571205242 0.6217688333846061
v -0.5547558467578539 0.4111230571205242 0.6217688333846061
v -0.54244817598431 0.07292494732935006 0.25370557825879625
v -0.54244817598431 0.07292494732935006 0.25370557825879625
vt 0.3515625 0.671875
vt 0.4921875 0.671875
vt 0.4921875 0.609375
vt 0.3515625 0.609375
vt 0 1
vt 0 1
vt 0 0.9375
vt 0 0.9375
vt 0.2109375 0.625
vt 0.3515625 0.625
vt 0.3515625 0.5625
vt 0.2109375 0.5625
vt 0 1
vt 0 1
vt 0 0.9375
vt 0 0.9375
vt 0.140625 1
vt 0 1
vt 0 1
vt 0.140625 1
vt 0.140625 1
vt 0 1
vt 0 1
vt 0.140625 1
vn -0.21954200814086844 0.7147163820549708 -0.6640646052032345
vn 0.9752924646597017 0.17795686937277977 -0.13090439649241856
vn 0.21954200814086844 -0.7147163820549708 0.6640646052032345
vn -0.9752924646597017 -0.17795686937277977 0.13090439649241856
vn -0.02461534154708775 0.6763962195823483 0.7361265102516197
vn 0.02461534154708775 -0.6763962195823483 -0.7361265102516197
usemtl m_1e18fbb0-8e51-07f0-0722-669cae0876d8
f 36/100/25 39/99/25 37/98/25 34/97/25
f 35/104/26 36/103/26 34/102/26 33/101/26
f 40/108/27 35/107/27 33/106/27 38/105/27
f 39/112/28 40/111/28 38/110/28 37/109/28
f 38/116/29 33/115/29 34/114/29 37/113/29
f 39/120/30 36/119/30 35/118/30 40/117/30
o cube
v 0.5619646246397951 0.8848678580311602 0.5510908016830087
v 0.5619646246397951 0.8848678580311602 0.5510908016830087
v 0.5619646246397951 0.5162291896260993 0.21329569787517721
v 0.5619646246397951 0.5162291896260993 0.21329569787517721
v -0.561964624639795 0.9180202928681522 0.514911267714254
v -0.561964624639795 0.9180202928681522 0.514911267714254
v -0.561964624639795 0.5493816244630916 0.1771161639064227
v -0.561964624639795 0.5493816244630916 0.1771161639064227
vt 0.3515625 0.796875
vt 0.4921875 0.796875
vt 0.4921875 0.734375
vt 0.3515625 0.734375
vt 0 1
vt 0 1
vt 0 0.9375
vt 0 0.9375
vt 0.3515625 0.734375
vt 0.4921875 0.734375
vt 0.4921875 0.671875
vt 0.3515625 0.671875
vt 0 1
vt 0 1
vt 0 0.9375
vt 0 0.9375
vt 0.140625 1
vt 0 1
vt 0 1
vt 0.140625 1
vt 0.140625 1
vt 0 1
vt 0 1
vt 0.140625 1
vn 0.04361938736533591 0.674947195436546 -0.7365756121527604
vn 0.9990482215818579 -0.029468830966215297 0.03215958575000396
vn -0.04361938736533591 -0.674947195436546 0.7365756121527604
vn -0.9990482215818579 0.029468830966215297 -0.03215958575000396
vn -2.0816681711721685e-17 0.7372773368101216 0.6755902076156629
vn 2.0816681711721685e-17 -0.7372773368101216 -0.6755902076156629
usemtl m_1e18fbb0-8e51-07f0-0722-669cae0876d8
f 44/124/31 47/123/31 45/122/31 42/121/31
f 43/128/32 44/127/32 42/126/32 41/125/32
f 48/132/33 43/131/33 41/130/33 46/129/33
f 47/136/34 48/135/34 46/134/34 45/133/34
f 46/140/35 41/139/35 42/138/35 45/137/35
f 47/144/36 44/143/36 43/142/36 48/141/36
o cube
v 0.5669864550875499 0.19350243101027687 0.5497993700543597
v 0.5669864550875499 0.19350243101027687 0.5497993700543597
v 0.5622659734067645 -0.07505058362349915 0.12806841863650098
v 0.5622659734067645 -0.07505058362349915 0.12806841863650098
v -0.5569427941920403 0.2396148494944863 0.5330158222960808
v -0.5569427941920403 0.2396148494944863 0.5330158222960808
v -0.5616632758728254 -0.028938165139289762 0.11128487087822236
v -0.5616632758728254 -0.028938165139289762 0.11128487087822236
vt 0.3515625 0.609375
vt 0.4921875 0.609375
vt 0.4921875 0.546875
vt 0.3515625 0.546875
vt 0 1
vt 0 1
vt 0 0.9375
vt 0 0.9375
vt 0.2109375 0.5625
vt 0.3515625 0.5625
vt 0.3515625 0.5
vt 0.2109375 0.5
vt 0 1
vt 0 1
vt 0 0.9375
vt 0 0.9375
vt 0.140625 1
vt 0 1
vt 0 1
vt 0.140625 1
vt 0.140625 1
vt 0 1
vt 0 1
vt 0.140625 1
vn 0.042585433717795114 0.8425182670138837 -0.5369817972547948
vn 0.9990482215818579 -0.040988816430408324 0.014918709118469905
vn -0.042585433717795114 -0.8425182670138837 0.5369817972547948
vn -0.9990482215818579 0.040988816430408324 -0.014918709118469905
vn 0.00944096336157003 0.537106029267552 0.8434619028357174
vn -0.00944096336157003 -0.537106029267552 -0.8434619028357174
usemtl m_1e18fbb0-8e51-07f0-0722-669cae0876d8
f 52/148/37 55/147/37 53/146/37 50/145/37
f 51/152/38 52/151/38 50/150/38 49/149/38
f 56/156/39 51/155/39 49/154/39 54/153/39
f 55/160/40 56/159/40 54/158/40 53/157/40
f 54/164/41 49/163/41 50/162/41 53/161/41
f 55/168/42 52/167/42 51/166/42 56/165/42
o cube
v 0.5736186738910036 -0.4855319499139771 0.25229727840750615
v 0.5736186738910036 -0.4855319499139771 0.25229727840750615
v 0.5392141613537498 0.10742733371530877 0.44682392818824423
v 0.5392141613537498 0.10742733371530877 0.44682392818824423
v -0.5460950638612005 -0.572164119495199 0.318335242357334
v -0.5460950638612005 -0.572164119495199 0.318335242357334
v -0.5804995763984544 0.020795164134086885 0.5128618921380721
v -0.5804995763984544 0.020795164134086885 0.5128618921380721
vt 0.2109375 0.703125
vt 0.3515625 0.703125
vt 0.3515625 0.625
vt 0.2109375 0.625
vt 0 1
vt 0 1
vt 0 0.921875
vt 0 0.921875
vt 0.3515625 1
vt 0.4921875 1
vt 0.4921875 0.921875
vt 0.3515625 0.921875
vt 0 1
vt 0 1
vt 0 0.921875
vt 0 0.921875
vt 0.140625 1
vt 0 1
vt 0 1
vt 0.140625 1
vt 0.140625 1
vt 0 1
vt 0 1
vt 0.140625 1
vn 0.07965879396678881 -0.30654884716054437 0.9485158305733743
vn 0.9953011002241815 0.07700637296108613 -0.05870041239984694
vn -0.07965879396678881 0.30654884716054437 -0.9485158305733743
vn -0.9953011002241815 -0.07700637296108613 0.05870041239984694
vn 0.055047220059606036 -0.9487348538068576 -0.31124263964918103
vn -0.055047220059606036 0.9487348538068576 0.31124263964918103
usemtl m_1e18fbb0-8e51-07f0-0722-669cae0876d8
f 60/172/43 63/171/43 61/170/43 58/169/43
f 59/176/44 60/175/44 58/174/44 57/173/44
f 64/180/45 59/179/45 57/178/45 62/177/45
f 63/184/46 64/183/46 62/182/46 61/181/46
f 62/188/47 57/187/47 58/186/47 61/185/47
f 63/192/48 60/191/48 59/190/48 64/189/48
o cube
v 0.5804995763984544 -0.6042048358659134 0.40812556401307265
v 0.5804995763984544 -0.6042048358659134 0.40812556401307265
v 0.5529759663686513 -1.0785722627693421 0.25250424418848194
v 0.5529759663686513 -1.0785722627693421 0.25250424418848194
v -0.5392141613537499 -0.5175726662846917 0.342087600063245
v -0.5392141613537499 -0.5175726662846917 0.342087600063245
v -0.5667377713835529 -0.9919400931881204 0.1864662802386543
v -0.5667377713835529 -0.9919400931881204 0.1864662802386543
vt 0.3515625 0.546875
vt 0.4921875 0.546875
vt 0.4921875 0.484375
vt 0.3515625 0.484375
vt 0 1
vt 0 1
vt 0 0.9375
vt 0 0.9375
vt 0.4921875 1
vt 0.6328125 1
vt 0.6328125 0.9375
vt 0.4921875 0.9375
vt 0 1
vt 0 1
vt 0 0.9375
vt 0 0.9375
vt 0.140625 1
vt 0 1
vt 0 1
vt 0.140625 1
vt 0.140625 1
vt 0 1
vt 0 1
vt 0.140625 1
vn 0.07965879396678867 0.3065488471605448 -0.9485158305733741
vn 0.9953011002241816 -0.07700637296108602 0.058700412399846816
vn -0.07965879396678867 -0.3065488471605448 0.9485158305733741
vn -0.9953011002241816 0.07700637296108602 -0.058700412399846816
vn 0.05504722005960593 0.9487348538068575 0.3112426396491816
vn -0.05504722005960593 -0.9487348538068575 -0.3112426396491816
usemtl m_1e18fbb0-8e51-07f0-0722-669cae0876d8
f 68/196/49 71/195/49 69/194/49 66/193/49
f 67/200/50 68/199/50 66/198/50 65/197/50
f 72/204/51 67/203/51 65/202/51 70/201/51
f 71/208/52 72/207/52 70/206/52 69/205/52
f 70/212/53 65/211/53 66/210/53 69/209/53
f 71/216/54 68/215/54 67/214/54 72/213/54