# Made in Blockbench 4.8.1
mtllib larch_twig_branch_up_diagonal_2.mtl

o cube
v -0.48605436959607506 -0.03638819748613181 -0.4021398229389065
v -0.6028383203839107 0.05580120881160313 -0.46293369768390863
v -0.4118387522846765 -0.036388197694871866 -0.544706702503354
v 0.15226364712393375 0.43419589532015707 -0.06939722928973724
v 0.013311700178873731 0.5397332993477283 -0.14173103201224463
v 0.08790026029083203 0.5397332991379392 -0.28501432805691546
v 0.2268522072358921 0.4341958951103681 -0.21268052533440807
v -0.5286227030725121 0.05580120860286308 -0.6055005772483562
vt 0.39519218749999996 0.4747041666666667
vt 0.375 0.4747041666666667
vt 0.375 0.4432229166666667
vt 0.39519218749999996 0.4432229166666667
vt 0.37175468749999996 0.3392875000000001
vt 0.3515625 0.3392875000000001
vt 0.35161328125 0.19595208333333336
vt 0.37170390625000005 0.19595208333333336
vt 0.37946562500000003 0.05208333333333337
vt 0.37946562500000003 0.07887083333333333
vt 0.359375 0.07887083333333333
vt 0.359375 0.05208333333333337
vt 0.40294366683175575 0.7686759243157758
vt 0.4035322863409275 0.9098003006974322
vt 0.3846323503762276 0.9007149767806113
vt 0.3808806298798622 0.7574680189397759
vt 0.3934343225404352 0.7554904065847097
vt 0.3713923870007293 0.7667718816730591
vt 0.3748752836910925 0.6235128560612826
vt 0.3937585314250214 0.6143636300210866
vt 0.3359375 0.7976208333333333
vt 0.3359375 0.6564937337578372
vt 0.35602812268779205 0.6564808819598154
vt 0.3561296851761033 0.7976079165666637
vn 0.4956045559688861 0.8293458278256041 0.2579953913757901
vn 0.48535867979334935 -0.8370119490884677 0.25266172846788976
vn -0.5087685171218884 -0.819152044288997 -0.26484811557334503
vn -0.46200699294173575 -0.0004161247947467049 0.8868761837557092
vn 0.46149598534107333 -0.0004226270490147963 -0.887142196550502
vn -0.5069359997126612 0.820594759505076 -0.2638941698259573
usemtl m_890a103a-2c95-a057-8483-4c3958a0f191
f 6/1/1 5/2/1 4/3/1 7/4/1
f 7/5/2 4/6/2 1/7/2 3/8/2
f 1/9/3 2/10/3 8/11/3 3/12/3
f 5/13/4 2/14/4 1/15/4 4/16/4
f 6/17/5 7/18/5 3/19/5 8/20/5
f 6/21/6 8/22/6 2/23/6 5/24/6
o cube
v 0.8519424591670453 1.0842736985945725 0.281284207331325
v 0.9154328934868625 1.0842736985945725 0.15932021776931937
v 0.915081890841551 0.9634302088426483 0.314152515051636
v 0.9785723251613683 0.9634302088426483 0.1921885254896305
v 0.08810585603473142 0.5348634206896126 -0.27135897795885094
v 0.024615421714914154 0.5348634206896126 -0.1493949883968454
v 0.15124528770923729 0.4140199309376885 -0.23849067023853987
v 0.08775485338942002 0.4140199309376885 -0.11652668067653427
vt 0.34375 0.3776208333333342
vt 0.34375 0.5580375
vt 0.36128125 0.5580375
vt 0.36128125 0.3776208333333342
vt 0.34375 0.5351208333333333
vt 0.34375 0.5580375
vt 0.36128125 0.5580375
vt 0.36128125 0.5351208333333333
vt 0.3828125 0.3776208333333342
vt 0.3828125 0.5580375
vt 0.40034375 0.5580375
vt 0.40034375 0.3776208333333342
vt 0.34375 0.5351208333333333
vt 0.34375 0.5580375
vt 0.36128125 0.5580375
vt 0.36128125 0.5351208333333333
vt 0.34375 0.3776208333333342
vt 0.34375 0.5580375
vt 0.3609375 0.5580375
vt 0.3609375 0.3776208333333342
vt 0.34375 0.3776208333333342
vt 0.34375 0.5580375
vt 0.3609375 0.5580375
vt 0.3609375 0.3776208333333342
vn 0.46174861323503424 2.775557561562892e-17 -0.8870108331782217
vn 0.7642743994938894 0.5075383629607043 0.3978560699567413
vn -0.46174861323503424 -2.775557561562892e-17 0.8870108331782217
vn -0.7642743994938894 -0.5075383629607043 -0.3978560699567413
vn -0.45019202619968496 0.8616291604415256 -0.23435513526068463
vn 0.45019202619968496 -0.8616291604415256 0.23435513526068463
usemtl m_890a103a-2c95-a057-8483-4c3958a0f191
f 12/28/7 15/27/7 13/26/7 10/25/7
f 11/32/8 12/31/8 10/30/8 9/29/8
f 16/36/9 11/35/9 9/34/9 14/33/9
f 15/40/10 16/39/10 14/38/10 13/37/10
f 14/44/11 9/43/11 10/42/11 13/41/11
f 15/48/12 12/47/12 11/46/12 16/45/12
o cube
v 1.5232686963953679 1.3000817604698478 0.609052424126098
v 1.5689818091056367 1.3000817604698478 0.521238351641454
v 1.5511419084292681 1.2004183391166574 0.6235622999039889
v 1.5968550211395365 1.2004183391166574 0.5357482274193448
v 0.9175947134391156 1.0685382948515576 0.18214769248286478
v 0.8718816007288472 1.0685382948515576 0.2699617649675088
v 0.9454679254730158 0.968874873498367 0.19665756826075564
v 0.8997548127627475 0.968874873498367 0.28447164074539977
vt 0.375 0.7630375
vt 0.375 0.8913708333333333
vt 0.3880625000000001 0.8913708333333333
vt 0.3880625000000001 0.7630375
vt 0.375 0.8748708333333334
vt 0.375 0.8913708333333333
vt 0.3880625000000001 0.8913708333333333
vt 0.3880625000000001 0.8748708333333334
vt 0.3359375 0.7630375
vt 0.3359375 0.8913708333333333
vt 0.3490000000000001 0.8913708333333333
vt 0.3490000000000001 0.7630375
vt 0.375 0.8748708333333334
vt 0.375 0.8913708333333333
vt 0.3880625000000001 0.8913708333333333
vt 0.3880625000000001 0.8748708333333334
vt 0.375 0.7630375
vt 0.375 0.8913708333333333
vt 0.387375 0.8913708333333333
vt 0.387375 0.7630375
vt 0.40625 0.7630375
vt 0.40625 0.8913708333333333
vt 0.418625 0.8913708333333333
vt 0.418625 0.7630375
vn 0.4617486132350342 1.387778780781446e-17 -0.8870108331782216
vn 0.8459572670993778 0.3007057995042732 0.4403774794267392
vn -0.4617486132350342 -1.387778780781446e-17 0.8870108331782216
vn -0.8459572670993778 -0.3007057995042732 -0.4403774794267392
vn -0.26672930175980863 0.953716950748227 -0.13885048591283036
vn 0.26672930175980863 -0.953716950748227 0.13885048591283036
usemtl m_890a103a-2c95-a057-8483-4c3958a0f191
f 20/52/13 23/51/13 21/50/13 18/49/13
f 19/56/14 20/55/14 18/54/14 17/53/14
f 24/60/15 19/59/15 17/58/15 22/57/15
f 23/64/16 24/63/16 22/62/16 21/61/16
f 22/68/17 17/67/17 18/66/17 21/65/17
f 23/72/18 20/71/18 19/70/18 24/69/18
o cube
v 0.7644608832039577 1.039217293819363 0.45020901681778114
v 0.812401460221476 1.0584116677184316 0.402213943259653
v 0.8010327588967869 0.9777249706764768 0.46214712084644416
v 0.8489733359143052 0.996919344575546 0.414152047288316
v 0.5350310254614077 0.8212475130777801 0.03031085349755902
v 0.48709044844388927 0.8020531391787111 0.07830592705568729
v 0.571602901154237 0.7597551899348942 0.04224895752622204
v 0.5236623241367186 0.7405608160358255 0.0902440310843503
vt 0.34375 0.5580375
vt 0.34375 0.47119583333333404
vt 0.35281687500000003 0.47119583333333404
vt 0.35281687500000003 0.5580375
vt 0.34375 0.5580375
vt 0.34375 0.5462875
vt 0.35281687500000003 0.5462875
vt 0.35281687500000003 0.5580375
vt 0.34375 0.5580375
vt 0.34375 0.47119583333333404
vt 0.35281687500000003 0.47119583333333404
vt 0.35281687500000003 0.5580375
vt 0.34375 0.5580375
vt 0.34375 0.5462875
vt 0.35281687500000003 0.5462875
vt 0.35281687500000003 0.5580375
vt 0.3525625 0.47119583333333404
vt 0.3525625 0.5580375
vt 0.34375 0.5580375
vt 0.34375 0.47119583333333404
vt 0.3525625 0.47119583333333404
vt 0.3525625 0.5580375
vt 0.34375 0.5580375
vt 0.34375 0.47119583333333404
vn 0.6800081846456497 0.27226062268182843 -0.6807811852216767
vn 0.5323297855485467 0.4551658279256372 0.7137570094273035
vn -0.6800081846456497 -0.27226062268182843 0.6807811852216767
vn -0.5323297855485467 -0.4551658279256372 -0.7137570094273035
vn -0.5041962596378183 0.8477607105933092 -0.16458404947491515
vn 0.5041962596378183 -0.8477607105933092 0.16458404947491515
usemtl m_890a103a-2c95-a057-8483-4c3958a0f191
f 28/76/19 31/75/19 29/74/19 26/73/19
f 27/80/20 28/79/20 26/78/20 25/77/20
f 32/84/21 27/83/21 25/82/21 30/81/21
f 31/88/22 32/87/22 30/86/22 29/85/22
f 30/92/23 25/91/23 26/90/23 29/89/23
f 31/96/24 28/95/24 27/94/24 32/93/24
o cube
v 0.6858632167864451 0.704538502126606 -0.1280979784717518
v 0.6810030745808262 0.6912763130254218 -0.2061959719350004
v 0.7005953254823138 0.6259152182921788 -0.11566338608783006
v 0.6957351832766947 0.6126530291909948 -0.19376137955107864
v 0.2612918979614055 0.6187122533920357 -0.16775434044957227
v 0.26615204016702443 0.6319744424932197 -0.08965634698632374
v 0.2760240066572742 0.5400889695576085 -0.15531974806565052
v 0.28088414886289303 0.5533511586587925 -0.07722175460240199
vt 0.34375 0.5580375
vt 0.34375 0.4867593333333339
vt 0.35386903750000004 0.4867593333333339
vt 0.35386903750000004 0.5580375
vt 0.34375 0.5580375
vt 0.34375 0.54481
vt 0.35386903750000004 0.54481
vt 0.35386903750000004 0.5580375
vt 0.34375 0.5580375
vt 0.34375 0.4867593333333339
vt 0.35386903750000004 0.4867593333333339
vt 0.35386903750000004 0.5580375
vt 0.34375 0.5580375
vt 0.34375 0.54481
vt 0.35386903750000004 0.54481
vt 0.35386903750000004 0.5580375
vt 0.353670625 0.4867593333333339
vt 0.353670625 0.5580375
vt 0.34375 0.5580375
vt 0.34375 0.4867593333333339
vt 0.353670625 0.4867593333333339
vt 0.353670625 0.5580375
vt 0.34375 0.5580375
vt 0.34375 0.4867593333333339
vn -0.061237853028650986 -0.1671037497786684 -0.9840357016726323
vn 0.981392564388402 0.16967341479832912 -0.08988641095199396
vn 0.061237853028650986 0.1671037497786684 0.9840357016726323
vn -0.981392564388402 -0.16967341479832912 0.08988641095199396
vn -0.18198505411049007 0.9712297715373961 -0.15360394187591586
vn 0.18198505411049007 -0.9712297715373961 0.15360394187591586
usemtl m_890a103a-2c95-a057-8483-4c3958a0f191
f 36/100/25 39/99/25 37/98/25 34/97/25
f 35/104/26 36/103/26 34/102/26 33/101/26
f 40/108/27 35/107/27 33/106/27 38/105/27
f 39/112/28 40/111/28 38/110/28 37/109/28
f 38/116/29 33/115/29 34/114/29 37/113/29
f 39/120/30 36/119/30 35/118/30 40/117/30
o cube
v 0.05034761013643163 0.5016903230872933 0.011995804050064285
v 0.1244555840661985 0.5207888339283362 -0.05505878254682384
v 0.08683264130628987 0.4053892066061362 0.024890131873461785
v 0.16094061523605685 0.42448771744717917 -0.04216445472342634
v -0.07172918616912832 0.4133319955864393 -0.3024858754879023
v -0.1458371600988952 0.3942334847453963 -0.23543128889101422
v -0.03524415499927003 0.31703087910528216 -0.2895915476645048
v -0.1093521289290369 0.2979323682642392 -0.22253696106761672
vt 0.34375 0.47119583333333404
vt 0.34375 0.5580375
vt 0.35672312500000003 0.5580375
vt 0.35672312500000003 0.47119583333333404
vt 0.34375 0.5410791666666668
vt 0.34375 0.5580375
vt 0.35672312500000003 0.5580375
vt 0.35672312500000003 0.5410791666666668
vt 0.34375 0.47119583333333404
vt 0.34375 0.5580375
vt 0.35672312500000003 0.5580375
vt 0.35672312500000003 0.47119583333333404
vt 0.34375 0.5410791666666668
vt 0.34375 0.5580375
vt 0.35672312500000003 0.5580375
vt 0.35672312500000003 0.5410791666666668
vt 0.34375 0.47119583333333404
vt 0.34375 0.5580375
vt 0.35646875 0.5580375
vt 0.35646875 0.47119583333333404
vt 0.34375 0.47119583333333404
vt 0.34375 0.5580375
vt 0.35646875 0.5580375
vt 0.35646875 0.47119583333333404
vn 0.7283338961156449 0.1877003522461221 -0.659013136087352
vn 0.5881719989066974 0.32216111030399674 0.7417991094021319
vn -0.7283338961156449 -0.1877003522461221 0.659013136087352
vn -0.5881719989066974 -0.32216111030399674 -0.7417991094021319
vn -0.35154435775746 0.9278905090442395 -0.1242407652685592
vn 0.35154435775746 -0.9278905090442395 0.1242407652685592
usemtl m_890a103a-2c95-a057-8483-4c3958a0f191
f 44/124/31 47/123/31 45/122/31 42/121/31
f 43/128/32 44/127/32 42/126/32 41/125/32
f 48/132/33 43/131/33 41/130/33 46/129/33
f 47/136/34 48/135/34 46/134/34 45/133/34
f 46/140/35 41/139/35 42/138/35 45/137/35
f 47/144/36 44/143/36 43/142/36 48/141/36
o cube
v 0.2770660511734966 0.4829759634160955 0.2051564221757488
v 0.331502750407745 0.49230096332787787 0.14816086640053694
v 0.2813726763887794 0.402644203783442 0.19612667971725573
v 0.3358093756230278 0.4119692036952244 0.13913112394204386
v 0.11184203966828843 0.503894214427759 -0.05974125539568337
v 0.05740534043404 0.4945692145159767 -0.0027456996204714423
v 0.11614866488357123 0.42356245479510557 -0.06877099785417645
v 0.0617119656493228 0.4142374548833232 -0.011775442078964526
vt 0.34375 0.507592666666667
vt 0.34375 0.5580375
vt 0.35386903750000004 0.5580375
vt 0.35386903750000004 0.507592666666667
vt 0.34375 0.54481
vt 0.34375 0.5580375
vt 0.35386903750000004 0.5580375
vt 0.35386903750000004 0.54481
vt 0.3828125 0.4971760000000004
vt 0.3828125 0.5476208333333334
vt 0.39293153750000004 0.5476208333333334
vt 0.39293153750000004 0.4971760000000004
vt 0.34375 0.54481
vt 0.34375 0.5580375
vt 0.35386903750000004 0.5580375
vt 0.35386903750000004 0.54481
vt 0.390625 0.39300933333333377
vt 0.390625 0.4434541666666667
vt 0.400545625 0.4434541666666667
vt 0.400545625 0.39300933333333377
vt 0.34375 0.507592666666667
vt 0.34375 0.5580375
vt 0.353670625 0.5580375
vt 0.353670625 0.507592666666667
vn 0.6859030962546232 0.1174951163835738 -0.7181447209123879
vn 0.7257456519810697 -0.038303397770770145 0.6868959880140416
vn -0.6859030962546232 -0.1174951163835738 0.7181447209123879
vn -0.7257456519810697 0.038303397770770145 -0.6868959880140416
vn -0.05319954115303385 0.992334493679034 0.11154398897243213
vn 0.05319954115303385 -0.992334493679034 -0.11154398897243213
usemtl m_890a103a-2c95-a057-8483-4c3958a0f191
f 52/148/37 55/147/37 53/146/37 50/145/37
f 51/152/38 52/151/38 50/150/38 49/149/38
f 56/156/39 51/155/39 49/154/39 54/153/39
f 55/160/40 56/159/40 54/158/40 53/157/40
f 54/164/41 49/163/41 50/162/41 53/161/41
f 55/168/42 52/167/42 51/166/42 56/165/42
o cube
v 0.9906596179778713 1.0218115718005367 0.6398064033949591
v 1.0236618454541628 1.0274648493253322 0.6052528701482593
v 0.9928313732144392 0.972519410111012 0.6338160027024997
v 1.0258336006907305 0.9781726876358077 0.5992624694558
v 0.8038091868510917 1.0429885526888427 0.39781047645776557
v 0.7708069593748004 1.037335275164047 0.4323640097044653
v 0.8059809420876596 0.993696390999318 0.3918200757653062
v 0.772978714611368 0.9880431134745222 0.42637360901200605
vt 0.34375 0.507592666666667
vt 0.34375 0.5580375
vt 0.34996278750000004 0.5580375
vt 0.34996278750000004 0.507592666666667
vt 0.34375 0.5500183333333333
vt 0.34375 0.5580375
vt 0.34996278750000004 0.5580375
vt 0.34996278750000004 0.5500183333333333
vt 0.34375 0.507592666666667
vt 0.34375 0.5580375
vt 0.34996278750000004 0.5580375
vt 0.34996278750000004 0.507592666666667
vt 0.34375 0.5500183333333333
vt 0.34375 0.5580375
vt 0.34996278750000004 0.5580375
vt 0.34996278750000004 0.5500183333333333
vt 0.34375 0.507592666666667
vt 0.34375 0.5580375
vt 0.349764375 0.5580375
vt 0.349764375 0.507592666666667
vt 0.34375 0.507592666666667
vt 0.34375 0.5580375
vt 0.349764375 0.5580375
vt 0.349764375 0.507592666666667
vn 0.6859030962546233 0.11749511638357374 -0.718144720912388
vn 0.726379836068685 -0.051289373419512736 0.6853770742642801
vn -0.6859030962546233 -0.11749511638357374 0.718144720912388
vn -0.726379836068685 0.051289373419512736 -0.6853770742642801
vn -0.04369526634718759 0.9917481019897362 0.12052562341097468
vn 0.04369526634718759 -0.9917481019897362 -0.12052562341097468
usemtl m_890a103a-2c95-a057-8483-4c3958a0f191
f 60/172/43 63/171/43 61/170/43 58/169/43
f 59/176/44 60/175/44 58/174/44 57/173/44
f 64/180/45 59/179/45 57/178/45 62/177/45
f 63/184/46 64/183/46 62/182/46 61/181/46
f 62/188/47 57/187/47 58/186/47 61/185/47
f 63/192/48 60/191/48 59/190/48 64/189/48