# Made in Blockbench 4.8.1
mtllib larch_twig_branch_up_diagonal.mtl

o cube
v -0.5131166386773386 -0.02856423109264608 -0.39946525839305486
v -0.6139266465082776 0.04565138833507902 -0.5002752636293436
v -0.3994652589012585 -0.028564231611024102 -0.513116641475923
v -0.05218715045834166 0.5319517184576785 0.06203532631939279
v -0.17174980962704395 0.6161390573517243 -0.05752732975451663
v -0.05752731738977751 0.6161390568307414 -0.17174982531518806
v 0.062035341778924724 0.5319517179366955 -0.05218716924127864
v -0.5002752667321975 0.045651387816701 -0.6139266467122118
vt 0.39519218749999996 0.4747041666666667
vt 0.375 0.4747041666666667
vt 0.375 0.4432229166666667
vt 0.39519218749999996 0.4432229166666667
vt 0.37175468749999996 0.3392875000000001
vt 0.3515625 0.3392875000000001
vt 0.35161328125 0.19595208333333336
vt 0.37170390625000005 0.19595208333333336
vt 0.37946562500000003 0.05208333333333337
vt 0.37946562500000003 0.07887083333333333
vt 0.359375 0.07887083333333333
vt 0.359375 0.05208333333333337
vt 0.40294366683175575 0.7686759243157758
vt 0.4035322863409275 0.9098003006974322
vt 0.3846323503762276 0.9007149767806113
vt 0.3808806298798622 0.7574680189397759
vt 0.3934343225404352 0.7554904065847097
vt 0.3713923870007293 0.7667718816730591
vt 0.3748752836910925 0.6235128560612826
vt 0.3937585314250214 0.6143636300210866
vt 0.3359375 0.7976208333333333
vt 0.3359375 0.6564937337578372
vt 0.35602812268779205 0.6564808819598154
vt 0.3561296851761033 0.7976079165666637
vn 0.3151604763767136 0.8951802927978184 0.31516046312381135
vn 0.4608606340901699 -0.7584292722878057 0.4608606241403099
vn -0.32650558239483934 -0.8870108331782259 -0.3265055688491031
vn -0.7072725432438492 -0.00045059487248756523 0.706940836660069
vn 0.7069460766854995 -0.0004561775136561137 -0.7072673020584621
vn -0.4763992324897339 0.7389773694517987 -0.476399221999042
usemtl m_890a103a-2c95-a057-8483-4c3958a0f191
f 6/1/1 5/2/1 4/3/1 7/4/1
f 7/5/2 4/6/2 1/7/2 3/8/2
f 1/9/3 2/10/3 8/11/3 3/12/3
f 5/13/4 2/14/4 1/15/4 4/16/4
f 6/17/5 7/18/5 3/19/5 8/20/5
f 6/21/6 8/22/6 2/23/6 5/24/6
o cube
v 0.4329275426375454 1.091661559073511 0.5301547250506959
v 0.5301547250506959 1.091661559073511 0.4329275426375456
v 0.48326099813474266 0.9708180693215869 0.5804881805478932
v 0.580488180547893 0.9708180693215869 0.4832609981347429
v -0.053215384721383985 0.6056935765386393 -0.15044256713453436
v -0.1504425671345344 0.6056935765386393 -0.053215384721383985
v -0.002881929224186841 0.48485008678671515 -0.10010911163733716
v -0.10010911163733721 0.48485008678671515 -0.002881929224186841
vt 0.34375 0.39845416666666755
vt 0.34375 0.5580375
vt 0.36128125 0.5580375
vt 0.36128125 0.39845416666666755
vt 0.34375 0.5351208333333333
vt 0.34375 0.5580375
vt 0.36128125 0.5580375
vt 0.36128125 0.5351208333333333
vt 0.34375 0.39845416666666755
vt 0.34375 0.5580375
vt 0.36128125 0.5580375
vt 0.36128125 0.39845416666666755
vt 0.34375 0.5351208333333333
vt 0.34375 0.5580375
vt 0.36128125 0.5580375
vt 0.36128125 0.5351208333333333
vt 0.34375 0.39845416666666755
vt 0.34375 0.5580375
vt 0.3609375 0.5580375
vt 0.3609375 0.39845416666666755
vt 0.34375 0.39845416666666755
vt 0.34375 0.5580375
vt 0.3609375 0.5580375
vt 0.3609375 0.39845416666666755
vn 0.7071067811865476 0 -0.7071067811865476
vn 0.6092638222162746 0.5075383629607042 0.6092638222162747
vn -0.7071067811865476 0 0.7071067811865476
vn -0.6092638222162746 -0.5075383629607042 -0.6092638222162747
vn -0.3588838181618332 0.8616291604415258 -0.35888381816183323
vn 0.3588838181618332 -0.8616291604415258 0.35888381816183323
usemtl m_890a103a-2c95-a057-8483-4c3958a0f191
f 12/28/7 15/27/7 13/26/7 10/25/7
f 11/32/8 12/31/8 10/30/8 9/29/8
f 16/36/9 11/35/9 9/34/9 14/33/9
f 15/40/10 16/39/10 14/38/10 13/37/10
f 14/44/11 9/43/11 10/42/11 13/41/11
f 15/48/12 12/47/12 11/46/12 16/45/12
o cube
v 0.9878471288785848 1.2413856346496497 1.0578507002160533
v 1.057850700216053 1.2413856346496497 0.9878471288785851
v 1.0038404273861867 1.139362701905616 1.0738439987236552
v 1.073843998723655 1.139362701905616 1.003840427386187
v 0.5262846443645659 1.0747271319173108 0.45628107302709764
v 0.45628107302709753 1.0747271319173108 0.5262846443645659
v 0.5422779428721678 0.972704199173277 0.47227437153469953
v 0.4722743715346993 0.972704199173277 0.5422779428721678
vt 0.34375 0.4297041666666669
vt 0.34375 0.5580375
vt 0.3568125000000001 0.5580375
vt 0.3568125000000001 0.4297041666666669
vt 0.34375 0.5415375
vt 0.34375 0.5580375
vt 0.3568125000000001 0.5580375
vt 0.3568125000000001 0.5415375
vt 0.34375 0.4297041666666669
vt 0.34375 0.5580375
vt 0.3568125000000001 0.5580375
vt 0.3568125000000001 0.4297041666666669
vt 0.34375 0.5415375
vt 0.34375 0.5580375
vt 0.3568125000000001 0.5580375
vt 0.3568125000000001 0.5415375
vt 0.34375 0.4297041666666669
vt 0.34375 0.5580375
vt 0.356125 0.5580375
vt 0.356125 0.4297041666666669
vt 0.34375 0.4297041666666669
vt 0.34375 0.5580375
vt 0.356125 0.5580375
vt 0.356125 0.4297041666666669
vn 0.7071067811865476 0 -0.7071067811865475
vn 0.6903455270798547 0.21643961393810288 0.6903455270798549
vn -0.7071067811865476 0 0.7071067811865475
vn -0.6903455270798547 -0.21643961393810288 -0.6903455270798549
vn -0.15304591873303092 0.9762960071199334 -0.15304591873303094
vn 0.15304591873303092 -0.9762960071199334 0.15304591873303094
usemtl m_890a103a-2c95-a057-8483-4c3958a0f191
f 20/52/13 23/51/13 21/50/13 18/49/13
f 19/56/14 20/55/14 18/54/14 17/53/14
f 24/60/15 19/59/15 17/58/15 22/57/15
f 23/64/16 24/63/16 22/62/16 21/61/16
f 22/68/17 17/67/17 18/66/17 21/65/17
f 23/72/18 20/71/18 19/70/18 24/69/18
o cube
v 0.26011282925035584 0.4971766422592161 -0.10104051215039961
v 0.29142542762715007 0.4713556280435903 -0.19434570443769966
v 0.2681348114141253 0.39817375427063206 -0.07095061023822813
v 0.29944740979091944 0.3723527400550062 -0.16425580252552818
v -0.202699606244998 0.38793504000660495 -0.3370851835330375
v -0.23401220462179217 0.4137560542222307 -0.24377999124573746
v -0.19467762408122863 0.2889321520180209 -0.30699528162086603
v -0.2259902224580228 0.3147531662336467 -0.21369008933356604
vt 0.34375 0.5580375
vt 0.34375 0.47119583333333404
vt 0.35672312500000003 0.47119583333333404
vt 0.35672312500000003 0.5580375
vt 0.34375 0.5580375
vt 0.34375 0.5410791666666668
vt 0.35672312500000003 0.5410791666666668
vt 0.35672312500000003 0.5580375
vt 0.34375 0.5580375
vt 0.34375 0.47119583333333404
vt 0.35672312500000003 0.47119583333333404
vt 0.35672312500000003 0.5580375
vt 0.34375 0.5580375
vt 0.34375 0.5410791666666668
vt 0.35672312500000003 0.5410791666666668
vt 0.35672312500000003 0.5580375
vt 0.35646875 0.47119583333333404
vt 0.35646875 0.5580375
vt 0.34375 0.5580375
vt 0.34375 0.47119583333333404
vt 0.35646875 0.47119583333333404
vt 0.35646875 0.5580375
vt 0.34375 0.5580375
vt 0.34375 0.47119583333333404
vn 0.307740524587658 -0.2537691814803519 -0.9170043468039316
vn 0.9483255616009048 0.1601009270453621 0.27394583839427844
vn -0.307740524587658 0.2537691814803519 0.9170043468039316
vn -0.9483255616009048 -0.1601009270453621 -0.27394583839427844
vn -0.07729423484867133 0.9539228981893704 -0.2899253448202667
vn 0.07729423484867133 -0.9539228981893704 0.2899253448202667
usemtl m_890a103a-2c95-a057-8483-4c3958a0f191
f 28/76/19 31/75/19 29/74/19 26/73/19
f 27/80/20 28/79/20 26/78/20 25/77/20
f 32/84/21 27/83/21 25/82/21 30/81/21
f 31/88/22 32/87/22 30/86/22 29/85/22
f 30/92/23 25/91/23 26/90/23 29/89/23
f 31/96/24 28/95/24 27/94/24 32/93/24
o cube
v 0.5919705142321938 0.6136923052461662 0.06871544628553028
v 0.6309522656026303 0.6015796404371616 0.0006529041913780897
v 0.609424448804627 0.5381967472104512 0.0921473851747312
v 0.6484062001750635 0.5260840824014463 0.02408484308057901
v 0.27001766234602675 0.4617003024132663 -0.18117326699141056
v 0.2310359109755904 0.47381296722227106 -0.11311072489725837
v 0.28747159691846 0.38620474437755115 -0.1577413281022097
v 0.24848984554802367 0.398317409186556 -0.08967878600805745
vt 0.34375 0.5580375
vt 0.34375 0.4867593333333339
vt 0.35386903750000004 0.4867593333333339
vt 0.35386903750000004 0.5580375
vt 0.34375 0.5580375
vt 0.34375 0.54481
vt 0.35386903750000004 0.54481
vt 0.35386903750000004 0.5580375
vt 0.34375 0.5580375
vt 0.34375 0.4867593333333339
vt 0.35386903750000004 0.4867593333333339
vt 0.35386903750000004 0.5580375
vt 0.34375 0.5580375
vt 0.34375 0.54481
vt 0.35386903750000004 0.54481
vt 0.35386903750000004 0.5580375
vt 0.353670625 0.4867593333333339
vt 0.353670625 0.5580375
vt 0.34375 0.5580375
vt 0.34375 0.4867593333333339
vt 0.353670625 0.4867593333333339
vt 0.353670625 0.5580375
vt 0.34375 0.5580375
vt 0.34375 0.4867593333333339
vn 0.49117055843805396 -0.1526197292131884 -0.8575888879752019
vn 0.843957834812918 0.3270738305182188 0.42515630354968414
vn -0.49117055843805396 0.1526197292131884 0.8575888879752019
vn -0.843957834812918 -0.3270738305182188 -0.42515630354968414
vn -0.215607642678876 0.9325931200931266 -0.2894536522026032
vn 0.215607642678876 -0.9325931200931266 0.2894536522026032
usemtl m_890a103a-2c95-a057-8483-4c3958a0f191
f 36/100/25 39/99/25 37/98/25 34/97/25
f 35/104/26 36/103/26 34/102/26 33/101/26
f 40/108/27 35/107/27 33/106/27 38/105/27
f 39/112/28 40/111/28 38/110/28 37/109/28
f 38/116/29 33/115/29 34/114/29 37/113/29
f 39/120/30 36/119/30 35/118/30 40/117/30
o cube
v 0.010585600107574589 0.6165588301423832 0.4019694518655681
v 0.09945426788676981 0.6400326351764507 0.3583299873366166
v 0.04067550201974601 0.5175559421537992 0.40999143402933746
v 0.12954416979894123 0.5410297471878667 0.36635196950038607
v -0.10443013744892327 0.5400667091532472 -0.11063809835283683
v -0.19329880522811854 0.5165929041191797 -0.06699863382388538
v -0.07434023553675184 0.44106382116466325 -0.10261611618906746
v -0.16320890331594712 0.41759001613059576 -0.05897665166011601
vt 0.34375 0.47119583333333404
vt 0.34375 0.5580375
vt 0.35672312500000003 0.5580375
vt 0.35672312500000003 0.47119583333333404
vt 0.34375 0.5410791666666668
vt 0.34375 0.5580375
vt 0.35672312500000003 0.5580375
vt 0.35672312500000003 0.5410791666666668
vt 0.34375 0.47119583333333404
vt 0.34375 0.5580375
vt 0.35672312500000003 0.5580375
vt 0.35672312500000003 0.47119583333333404
vt 0.34375 0.5410791666666668
vt 0.34375 0.5580375
vt 0.35672312500000003 0.5580375
vt 0.35672312500000003 0.5410791666666668
vt 0.34375 0.47119583333333404
vt 0.34375 0.5580375
vt 0.35646875 0.5580375
vt 0.35646875 0.47119583333333404
vt 0.34375 0.47119583333333404
vt 0.34375 0.5580375
vt 0.35646875 0.5580375
vt 0.35646875 0.47119583333333404
vn 0.8734021403360713 0.23070078657560145 -0.4288890862796214
vn 0.3912952794082996 0.19185476638173704 0.9000443060924224
vn -0.8734021403360713 -0.23070078657560145 0.4288890862796214
vn -0.3912952794082996 -0.19185476638173704 -0.9000443060924224
vn -0.28992534482026666 0.9539228981893704 -0.07729423484867155
vn 0.28992534482026666 -0.9539228981893704 0.07729423484867155
usemtl m_890a103a-2c95-a057-8483-4c3958a0f191
f 44/124/31 47/123/31 45/122/31 42/121/31
f 43/128/32 44/127/32 42/126/32 41/125/32
f 48/132/33 43/131/33 41/130/33 46/129/33
f 47/136/34 48/135/34 46/134/34 45/133/34
f 46/140/35 41/139/35 42/138/35 45/137/35
f 47/144/36 44/143/36 43/142/36 48/141/36
o cube
v 0.18635826823556667 0.632978370811853 0.6522387413371293
v 0.25442081032971886 0.6450910356208579 0.6132569899666931
v 0.200597276101379 0.5532882484233101 0.652338360544279
v 0.2686598181955311 0.565400913232315 0.6133566091738427
v 0.10813343681312804 0.6186228740912529 0.349613358646195
v 0.04007089471897585 0.6065102092822481 0.3885951100166314
v 0.12237244467894026 0.5389327517027098 0.34971297785334454
v 0.05430990258478807 0.5268200868937052 0.388694729223781
vt 0.34375 0.507592666666667
vt 0.34375 0.5580375
vt 0.35386903750000004 0.5580375
vt 0.35386903750000004 0.507592666666667
vt 0.34375 0.54481
vt 0.34375 0.5580375
vt 0.35386903750000004 0.5580375
vt 0.35386903750000004 0.54481
vt 0.34375 0.507592666666667
vt 0.34375 0.5580375
vt 0.35386903750000004 0.5580375
vt 0.35386903750000004 0.507592666666667
vt 0.34375 0.54481
vt 0.34375 0.5580375
vt 0.35386903750000004 0.5580375
vt 0.35386903750000004 0.54481
vt 0.34375 0.507592666666667
vt 0.34375 0.5580375
vt 0.353670625 0.5580375
vt 0.353670625 0.507592666666667
vt 0.34375 0.507592666666667
vt 0.34375 0.5580375
vt 0.353670625 0.5580375
vt 0.353670625 0.507592666666667
vn 0.8575888879752018 0.1526197292131883 -0.4911705584380538
vn 0.4833246005259609 0.08744919872733976 0.871062551237491
vn -0.8575888879752018 -0.1526197292131883 0.4911705584380538
vn -0.4833246005259609 -0.08744919872733976 -0.871062551237491
vn -0.17589380247148262 0.9844083786197877 -0.0012305914365571824
vn 0.17589380247148262 -0.9844083786197877 0.0012305914365571824
usemtl m_890a103a-2c95-a057-8483-4c3958a0f191
f 52/148/37 55/147/37 53/146/37 50/145/37
f 51/152/38 52/151/38 50/150/38 49/149/38
f 56/156/39 51/155/39 49/154/39 54/153/39
f 55/160/40 56/159/40 54/158/40 53/157/40
f 54/164/41 49/163/41 50/162/41 53/161/41
f 55/168/42 52/167/42 51/166/42 56/165/42
o cube
v 0.41555380828165345 0.5241273705774638 0.9995065797822016
v 0.4568166976265806 0.5314706688485566 0.9758739083629546
v 0.416333459376941 0.4762999556016144 0.9860066114049217
v 0.45759634872186816 0.483643253872707 0.9623739399856746
v 0.23695355151347863 0.6277948345763527 0.6219210504297403
v 0.19569066216855147 0.6204515363052598 0.6455537218489875
v 0.23773320260876618 0.5799674196005031 0.6084210820524605
v 0.196470313263839 0.5726241213294103 0.6320537534717077
vt 0.34375 0.4867593333333339
vt 0.34375 0.5580375
vt 0.3499627875000001 0.5580375
vt 0.3499627875000001 0.4867593333333339
vt 0.34375 0.5500183333333333
vt 0.34375 0.5580375
vt 0.3499627875000001 0.5580375
vt 0.3499627875000001 0.5500183333333333
vt 0.34375 0.4867593333333339
vt 0.34375 0.5580375
vt 0.3499627875000001 0.5580375
vt 0.3499627875000001 0.4867593333333339
vt 0.34375 0.5500183333333333
vt 0.34375 0.5580375
vt 0.3499627875000001 0.5580375
vt 0.3499627875000001 0.5500183333333333
vt 0.34375 0.4867593333333339
vt 0.34375 0.5580375
vt 0.349764375 0.5580375
vt 0.349764375 0.4867593333333339
vt 0.34375 0.4867593333333339
vt 0.34375 0.5580375
vt 0.349764375 0.5580375
vt 0.349764375 0.4867593333333339
vn 0.8575888879752019 0.15261972921318823 -0.4911705584380538
vn 0.5140965235102466 -0.22523064736465997 0.8276327204759215
vn -0.8575888879752019 -0.15261972921318823 0.4911705584380538
vn -0.5140965235102466 0.22523064736465997 -0.8276327204759215
vn -0.015686418843545047 0.9622777009484266 0.27161657261896893
vn 0.015686418843545047 -0.9622777009484266 -0.27161657261896893
usemtl m_890a103a-2c95-a057-8483-4c3958a0f191
f 60/172/43 63/171/43 61/170/43 58/169/43
f 59/176/44 60/175/44 58/174/44 57/173/44
f 64/180/45 59/179/45 57/178/45 62/177/45
f 63/184/46 64/183/46 62/182/46 61/181/46
f 62/188/47 57/187/47 58/186/47 61/185/47
f 63/192/48 60/191/48 59/190/48 64/189/48