# Made in Blockbench 4.8.1
mtllib maple_twig_branch_up_2.mtl

o cube
v -0.12094064566955076 0.17419561970776243 0.4345560445921768
v -0.0009727479892185364 0.6045599162714281 -0.17685366932265933
v -0.18667472463887302 -0.0031057741983183673 0.29685759621623653
v -0.0667068269585408 0.42725852236534734 -0.3145521176985996
v -0.19402567516117014 0.6698570769722236 -0.1687716701226311
v -0.3139935728415024 0.23949278040855804 0.44263804379220495
v -0.25975975413049235 0.49255568306614284 -0.3064701184985713
v -0.37972765181082463 0.06219138650247713 0.3049395954162647
vt 0.3645833333333334 0.9193470052083332
vt 0.39007796223958346 0.9193470052083332
vt 0.39007796223958346 0.9583333333333331
vt 0.3645833333333334 0.9583333333333331
vt 0.36778141276041687 0.3319166666666665
vt 0.36778141276041687 0.4581249999999998
vt 0.3385416666666669 0.4581249999999998
vt 0.3385416666666669 0.3319166666666665
vt 0.38020833333333315 0.8360136718749996
vt 0.40570296223958324 0.8360136718749996
vt 0.40570296223958324 0.8749999999999997
vt 0.38020833333333315 0.8749999999999997
vt 0.40944807942708317 0.43608333333333327
vt 0.40944807942708317 0.5622916666666664
vt 0.38020833333333326 0.5622916666666664
vt 0.38020833333333326 0.43608333333333327
vt 0.39062499999999994 0.1654583333333336
vt 0.41611962890625 0.1654583333333336
vt 0.41611962890625 0.29166666666666685
vt 0.39062499999999994 0.29166666666666685
vt 0.34635416666666674 0.5717083333333335
vt 0.37184879557291683 0.5717083333333335
vt 0.37184879557291683 0.6979166666666667
vt 0.34635416666666674 0.6979166666666667
vn 0.1584257480096828 0.5683252513221079 -0.8074080078109429
vn 0.9465372485017051 -0.32015155496530784 -0.039625989604259754
vn -0.1584257480096828 -0.5683252513221079 0.8074080078109429
vn -0.9465372485017051 0.32015155496530784 0.039625989604259754
vn 0.281013379692843 0.7579639770879343 0.5886612692123099
vn -0.281013379692843 -0.7579639770879343 -0.5886612692123099
usemtl m_3722afce-2475-6df4-1e92-dcadf5eef328
f 4/4/1 7/3/1 5/2/1 2/1/1
f 3/8/2 4/7/2 2/6/2 1/5/2
f 8/12/3 3/11/3 1/10/3 6/9/3
f 7/16/4 8/15/4 6/14/4 5/13/4
f 6/20/5 1/19/5 2/18/5 5/17/5
f 7/24/6 4/23/6 3/22/6 8/21/6
o cube
v -0.10321580561489418 0.38913350966796867 -0.02639082649246055
v -0.5604129366259522 0.6687361647108061 -0.025617320835269353
v -0.16836497418055157 0.2827537519698331 -0.08062476825090836
v -0.6255621051916096 0.5623564070126705 -0.07985126259371711
v -0.5920904178802298 0.6165497270363343 0.11479921379220559
v -0.13489328686917185 0.3369470719934968 0.11402570813501434
v -0.6572395864458873 0.5101699693381989 0.06056527203375783
v -0.2000424554348293 0.23056731429536137 0.05979176637656658
vt 0.3645833333333334 0.9356627531249998
vt 0.38372249895833344 0.9356627531249998
vt 0.38372249895833344 0.9583333333333331
vt 0.3645833333333334 0.9583333333333331
vt 0.355544601822917 0.2231804333333347
vt 0.355544601822917 0.31249999999999956
vt 0.3385416666666669 0.31249999999999956
vt 0.3385416666666669 0.2231804333333347
vt 0.38020833333333315 0.8523294197916662
vt 0.3993474989583331 0.8523294197916662
vt 0.3993474989583331 0.8749999999999997
vt 0.38020833333333315 0.8749999999999997
vt 0.4050237684895833 0.37943043333333415
vt 0.4050237684895833 0.468749999999999
vt 0.38802083333333326 0.468749999999999
vt 0.38802083333333326 0.37943043333333415
vt 0.32812499999999994 0.5252637666666686
vt 0.3472641656249999 0.5252637666666686
vt 0.3472641656249999 0.6145833333333335
vt 0.32812499999999994 0.6145833333333335
vt 0.35677083333333326 0.6398471000000019
vt 0.3759099989583332 0.6398471000000019
vt 0.3759099989583332 0.7291666666666667
vt 0.35677083333333326 0.7291666666666667
vn -0.8531111902898979 0.5217271449720485 0.0014433299930012855
vn 0.20688912120664715 0.34083537585296314 -0.9170758627799069
vn 0.8531111902898979 -0.5217271449720485 -0.0014433299930012855
vn -0.20688912120664715 -0.34083537585296314 0.9170758627799069
vn 0.47895530953158333 0.7820690716084383 0.3987101437197463
vn -0.47895530953158333 -0.7820690716084383 -0.3987101437197463
usemtl m_3722afce-2475-6df4-1e92-dcadf5eef328
f 12/28/7 15/27/7 13/26/7 10/25/7
f 11/32/8 12/31/8 10/30/8 9/29/8
f 16/36/9 11/35/9 9/34/9 14/33/9
f 15/40/10 16/39/10 14/38/10 13/37/10
f 14/44/11 9/43/11 10/42/11 13/41/11
f 15/48/12 12/47/12 11/46/12 16/45/12
o cube
v 0.4816330207835009 0.0051892248455990275 1.5694873457794936
v 0.6130929442027866 0.36332131453267236 1.3006095643874211
v 0.5686867516767744 -0.10487998496065953 1.4654429015837327
v 0.7001466750960599 0.2532521047264138 1.1965651201916603
v 0.45818840324560894 0.34077929286139164 1.1948486485125194
v 0.32672847982632336 -0.017352796825681693 1.4637264299045918
v 0.5452421341388822 0.23071008305513308 1.0908042043167585
v 0.41378221071959675 -0.12742200663194025 1.3596819857088311
vt 0.3645833333333334 0.9292172679999999
vt 0.38819772608333347 0.9292172679999999
vt 0.38819772608333347 0.9583333333333331
vt 0.3645833333333334 0.9583333333333331
vt 0.3603787156666668 0.23471190349999993
vt 0.3603787156666668 0.31249999999999956
vt 0.3385416666666669 0.31249999999999956
vt 0.3385416666666669 0.23471190349999993
vt 0.38020833333333315 0.8458839346666664
vt 0.40382272608333325 0.8458839346666664
vt 0.40382272608333325 0.8749999999999997
vt 0.38020833333333315 0.8749999999999997
vt 0.4332953823333332 0.39096190349999926
vt 0.4332953823333332 0.468749999999999
vt 0.41145833333333326 0.468749999999999
vt 0.41145833333333326 0.39096190349999926
vt 0.3697916666666668 0.5680452368333337
vt 0.39340605941666684 0.5680452368333337
vt 0.39340605941666684 0.6458333333333335
vt 0.3697916666666668 0.6458333333333335
vt 0.34635416666666685 0.6305452368333337
vt 0.36996855941666695 0.6305452368333337
vt 0.36996855941666695 0.7083333333333334
vt 0.34635416666666685 0.7083333333333334
vn 0.28166246794003597 0.7673241061312316 -0.5760902449302843
vn 0.8199688988253625 0.11932353030378368 0.559832921571217
vn -0.28166246794003597 -0.7673241061312316 0.5760902449302843
vn -0.8199688988253625 -0.11932353030378368 -0.559832921571217
vn -0.49831441792612285 0.6300600060833482 0.5955729423179
vn 0.49831441792612285 -0.6300600060833482 -0.5955729423179
usemtl m_3722afce-2475-6df4-1e92-dcadf5eef328
f 20/52/13 23/51/13 21/50/13 18/49/13
f 19/56/14 20/55/14 18/54/14 17/53/14
f 24/60/15 19/59/15 17/58/15 22/57/15
f 23/64/16 24/63/16 22/62/16 21/61/16
f 22/68/17 17/67/17 18/66/17 21/65/17
f 23/72/18 20/71/18 19/70/18 24/69/18
o cube
v -0.4933429632152806 0.6447532562455689 -0.0021645097321350004
v -1.0567191394484665 1.077328107847394 -0.12844112410350483
v -0.5710376008510184 0.5243251287842434 -0.06807435013810825
v -1.1344137770842042 0.9568999803860685 -0.1943509645094783
v -1.1130042942075407 1.0421535607845955 0.0021776042581937993
v -0.5496281179743548 0.6095787091827707 0.12845421862956363
v -1.1906989318432784 0.9217254333232701 -0.06373223614777968
v -0.6273227556100927 0.4891505817214451 0.06254437822359038
vt 0.3645833333333334 0.9320424933233333
vt 0.3828976547470835 0.9320424933233333
vt 0.3828976547470835 0.9583333333333331
vt 0.3645833333333334 0.9583333333333331
vt 0.3489583333333335 0.3749999999999998
vt 0.3489583333333335 0.25476186804666845
vt 0.36867646334083337 0.25476186804666845
vt 0.36867646334083337 0.3749999999999998
vt 0.38020833333333315 0.8487091599899997
vt 0.39852265474708315 0.8487091599899997
vt 0.39852265474708315 0.8749999999999997
vt 0.38020833333333315 0.8749999999999997
vt 0.40773896334083315 0.34851186804666756
vt 0.40773896334083315 0.468749999999999
vt 0.38802083333333326 0.468749999999999
vt 0.38802083333333326 0.34851186804666756
vt 0.35937499999999983 0.4526785347133352
vt 0.3776893214137499 0.4526785347133352
vt 0.3776893214137499 0.5729166666666667
vt 0.35937499999999983 0.5729166666666667
vt 0.3567708333333335 0.588095201380002
vt 0.3750851547470835 0.588095201380002
vt 0.3750851547470835 0.7083333333333335
vt 0.3567708333333335 0.7083333333333335
vn -0.7809172335498522 0.5996085220975247 -0.17503683775956413
vn 0.3841607988599595 0.240075418767563 -0.8915067436216381
vn 0.7809172335498522 -0.5996085220975247 0.17503683775956413
vn -0.3841607988599595 -0.240075418767563 0.8915067436216381
vn 0.4925329988580698 0.7634352713436823 0.4178251207195122
vn -0.4925329988580698 -0.7634352713436823 -0.4178251207195122
usemtl m_3722afce-2475-6df4-1e92-dcadf5eef328
f 28/76/19 31/75/19 29/74/19 26/73/19
f 27/80/20 28/79/20 26/78/20 25/77/20
f 32/84/21 27/83/21 25/82/21 30/81/21
f 31/88/22 32/87/22 30/86/22 29/85/22
f 30/92/23 25/91/23 26/90/23 29/89/23
f 31/96/24 28/95/24 27/94/24 32/93/24
o cube
v 0.5791753546283516 0.3393532677058172 1.3336941664107589
v 0.9741398460098933 0.6486796529779613 0.8550502142901673
v 0.6326521571117036 0.18675453198656577 1.2792040237733442
v 1.0276166484932454 0.49608091725870973 0.8005600716527526
v 0.844491846932746 0.6428031353546313 0.7442703376540292
v 0.44952735555120427 0.33347675008248734 1.2229142897746208
v 0.8979686494160979 0.49020439963538 0.6897801950166143
v 0.5030041580345563 0.18087801436323592 1.168424147137206
vt 0.35416666666666646 0.9403113143999998
vt 0.3754956808666664 0.9403113143999998
vt 0.3754956808666664 0.9687499999999998
vt 0.35416666666666646 0.9687499999999998
vt 0.39112068086666674 0.13443618946666647
vt 0.39112068086666674 0.2499999999999999
vt 0.3697916666666668 0.2499999999999999
vt 0.3697916666666668 0.13443618946666647
vt 0.38020833333333315 0.8465613143999997
vt 0.40153734753333314 0.8465613143999997
vt 0.40153734753333314 0.8749999999999997
vt 0.38020833333333315 0.8749999999999997
vt 0.43278734753333326 0.3531861894666656
vt 0.43278734753333326 0.468749999999999
vt 0.41145833333333326 0.468749999999999
vt 0.41145833333333326 0.3531861894666656
vt 0.3489583333333333 0.5094361894666668
vt 0.3702873475333333 0.5094361894666668
vt 0.3702873475333333 0.625
vt 0.3489583333333333 0.625
vt 0.3359375 0.6031861894666668
vt 0.3572665142 0.6031861894666668
vt 0.3572665142 0.71875
vt 0.3359375 0.71875
vn 0.5696196320150728 0.44611195587468916 -0.6903025406650859
vn 0.7598100752656175 0.034439693087936096 0.6492322828270831
vn -0.5696196320150728 -0.44611195587468916 0.6903025406650859
vn -0.7598100752656175 -0.034439693087936096 -0.6492322828270831
vn -0.31340409114730744 0.8943142794150547 0.31934283346657716
vn 0.31340409114730744 -0.8943142794150547 -0.31934283346657716
usemtl m_3722afce-2475-6df4-1e92-dcadf5eef328
f 36/100/25 39/99/25 37/98/25 34/97/25
f 35/104/26 36/103/26 34/102/26 33/101/26
f 40/108/27 35/107/27 33/106/27 38/105/27
f 39/112/28 40/111/28 38/110/28 37/109/28
f 38/116/29 33/115/29 34/114/29 37/113/29
f 39/120/30 36/119/30 35/118/30 40/117/30
o cube
v 0.2719040649850719 0.5425710148709881 0.4122324194674951
v -0.15839181527398083 0.16955435080119363 0.6104423419401073
v 0.28530820724249595 0.4447494585585531 0.2572385471387819
v -0.14498767301655674 0.07173279448875869 0.45544846961139407
v -0.03035326663044502 0.06335423943898122 0.6885416042695582
v 0.3999426136286077 0.4363709035087757 0.4903316817969461
v -0.01694912437302093 -0.034467316873453724 0.5335477319408448
v 0.41334675588603187 0.3385493471963408 0.3353378094682329
vt 0.3875547246333334 0.9277048116
vt 0.3645833333333334 0.9277048116
vt 0.3645833333333334 0.9583333333333331
vt 0.3875547246333334 0.9583333333333331
vt 0.4109922246333332 0.468749999999999
vt 0.4109922246333332 0.368253572533332
vt 0.38802083333333326 0.368253572533332
vt 0.38802083333333326 0.468749999999999
vt 0.371929724633333 0.854788144933333
vt 0.34895833333333304 0.854788144933333
vt 0.34895833333333304 0.8854166666666663
vt 0.371929724633333 0.8854166666666663
vt 0.36151305796666683 0.31249999999999956
vt 0.36151305796666683 0.21200357253333257
vt 0.3385416666666669 0.21200357253333257
vt 0.3385416666666669 0.31249999999999956
vt 0.40317972463333307 0.5453369058666664
vt 0.38020833333333315 0.5453369058666664
vt 0.38020833333333315 0.6458333333333335
vt 0.40317972463333307 0.6458333333333335
vt 0.35890889130000003 0.6286702391999999
vt 0.3359375000000001 0.6286702391999999
vt 0.3359375000000001 0.7291666666666667
vt 0.35890889130000003 0.7291666666666667
vn -0.7136172086013955 -0.6186234235267023 0.3287180242275362
vn -0.6967283074596349 0.5778933346660874 -0.4249811282079969
vn 0.7136172086013955 0.6186234235267023 -0.3287180242275362
vn 0.6967283074596349 -0.5778933346660874 0.4249811282079969
vn -0.07293932528057274 0.5323009990715892 0.8434070791824094
vn 0.07293932528057274 -0.5323009990715892 -0.8434070791824094
usemtl m_3722afce-2475-6df4-1e92-dcadf5eef328
f 44/124/31 47/123/31 45/122/31 42/121/31
f 43/128/32 44/127/32 42/126/32 41/125/32
f 48/132/33 43/131/33 41/130/33 46/129/33
f 47/136/34 48/135/34 46/134/34 45/133/34
f 46/140/35 41/139/35 42/138/35 45/137/35
f 47/144/36 44/143/36 43/142/36 48/141/36
o cube
v -0.0657019713034328 0.8269103397527906 -0.6845915787103589
v 0.12599183167756034 1.236999339976872 -1.129703177944723
v -0.1140086972280383 0.7269817276493293 -0.7974615302455557
v 0.07768510575295484 1.137070727873411 -1.2425731294799198
v -0.016979044886474004 1.3049490221928002 -1.1286724562062256
v -0.2086728478674671 0.8948600219687188 -0.6835608569718616
v -0.06528577081107956 1.2050204100893391 -1.2415424077414223
v -0.2569795737920727 0.7949314098652578 -0.7964308085070583
vt 0.3635375012815996 0.9319499982911998
vt 0.3437499999999998 0.9319499982911998
vt 0.3437499999999998 0.9583333333333331
vt 0.3635375012815996 0.9583333333333331
vt 0.43124583461493327 0.468749999999999
vt 0.43124583461493327 0.36294044388106694
vt 0.41145833333333326 0.36294044388106694
vt 0.41145833333333326 0.468749999999999
vt 0.39999583461493293 0.8486166649578663
vt 0.38020833333333315 0.8486166649578663
vt 0.38020833333333315 0.8749999999999997
vt 0.39999583461493293 0.8749999999999997
vt 0.3177083333333334 0.11294044388106794
vt 0.3177083333333334 0.21875
vt 0.33749583461493343 0.21875
vt 0.33749583461493343 0.11294044388106794
vt 0.3583291679482663 0.4775237772144013
vt 0.33854166666666646 0.4775237772144013
vt 0.33854166666666646 0.5833333333333333
vt 0.3583291679482663 0.5833333333333333
vt 0.3869750012815998 0.6546071105477347
vt 0.3671875 0.6546071105477347
vt 0.3671875 0.7604166666666666
vt 0.3869750012815998 0.7604166666666666
vn 0.3019478422873976 0.6459545735849119 -0.7011206667919007
vn 0.903164038560172 -0.42924622751075864 -0.006511191861904214
vn -0.3019478422873976 -0.6459545735849119 0.7011206667919007
vn -0.903164038560172 0.42924622751075864 0.006511191861904214
vn 0.3051593354129368 0.6312609326043525 0.7130129136122417
vn -0.3051593354129368 -0.6312609326043525 -0.7130129136122417
usemtl m_3722afce-2475-6df4-1e92-dcadf5eef328
f 52/148/37 55/147/37 53/146/37 50/145/37
f 51/152/38 52/151/38 50/150/38 49/149/38
f 56/156/39 51/155/39 49/154/39 54/153/39
f 55/160/40 56/159/40 54/158/40 53/157/40
f 54/164/41 49/163/41 50/162/41 53/161/41
f 55/168/42 52/167/42 51/166/42 56/165/42
o cube
v 0.6078945851428796 0.12107096440925669 1.4907848288551602
v 0.18339627204343412 0.028238896590015106 0.9327651590762924
v 0.6296695379877131 -0.10925666731392225 1.5125373946439788
v 0.20517122488826744 -0.20208873513316394 0.9545177248651111
v -0.0011872340119484237 0.02411457773107395 1.0738681707778601
v 0.4233110790874972 0.11694664555031564 1.631887840556728
v 0.020587718832884905 -0.2062130539921051 1.0956207365666788
v 0.44508603193233065 -0.11338098617286341 1.6536404063455468
vt 0.3645833333333334 0.9196041666666666
vt 0.3936302083333335 0.9196041666666666
vt 0.3936302083333335 0.9583333333333331
vt 0.3645833333333334 0.9583333333333331
vt 0.3675885416666669 0.34025000000000116
vt 0.3675885416666669 0.4581249999999998
vt 0.3385416666666669 0.4581249999999998
vt 0.3385416666666669 0.34025000000000116
vt 0.38020833333333315 0.836270833333333
vt 0.4092552083333333 0.836270833333333
vt 0.4092552083333333 0.8749999999999997
vt 0.38020833333333315 0.8749999999999997
vt 0.4248802083333333 0.43400000000000116
vt 0.4248802083333333 0.5518749999999999
vt 0.39583333333333326 0.5518749999999999
vt 0.39583333333333326 0.43400000000000116
vt 0.32812499999999994 0.5175416666666681
vt 0.357171875 0.5175416666666681
vt 0.357171875 0.6354166666666667
vt 0.32812499999999994 0.6354166666666667
vt 0.3671874999999999 0.6321250000000014
vt 0.396234375 0.6321250000000014
vt 0.396234375 0.75
vt 0.3671874999999999 0.75
vn -0.6002097039228713 -0.13125778412052716 -0.7889991796095788
vn 0.7943346145470975 0.01774854807505606 -0.6072211369620969
vn 0.6002097039228713 0.13125778412052716 0.7889991796095788
vn -0.7943346145470975 -0.01774854807505606 0.6072211369620969
vn -0.09370609077927233 0.9911893780448803 -0.0936097505704948
vn 0.09370609077927233 -0.9911893780448803 0.0936097505704948
usemtl m_3722afce-2475-6df4-1e92-dcadf5eef328
f 60/172/43 63/171/43 61/170/43 58/169/43
f 59/176/44 60/175/44 58/174/44 57/173/44
f 64/180/45 59/179/45 57/178/45 62/177/45
f 63/184/46 64/183/46 62/182/46 61/181/46
f 62/188/47 57/187/47 58/186/47 61/185/47
f 63/192/48 60/191/48 59/190/48 64/189/48
o cube
v 0.23411699176304968 0.015798162084077916 1.044736514729785
v -0.16058758023969694 0.2425091357971738 0.25993526744599704
v 0.20936193478416698 -0.18697906172010736 0.9986090553112077
v -0.1853426372185797 0.039731911992988644 0.21380780802741983
v -0.33837053931732497 0.24378915113775412 0.3497184329802234
v 0.05633403268542159 0.017078177424658114 1.1345196802640112
v -0.3631255962962077 0.04101192733356884 0.3035909735616462
v 0.03157897570653889 -0.18569904637952706 1.0883922208454342
vt 0.3645833333333334 0.9234290364583332
vt 0.3894798177083335 0.9234290364583332
vt 0.3894798177083335 0.9583333333333331
vt 0.3645833333333334 0.9583333333333331
vt 0.3647198893229169 0.3069166666666664
vt 0.3647198893229169 0.4581249999999998
vt 0.3385416666666669 0.4581249999999998
vt 0.3385416666666669 0.3069166666666664
vt 0.38020833333333315 0.8400957031249996
vt 0.4051048177083333 0.8400957031249996
vt 0.4051048177083333 0.8749999999999997
vt 0.38020833333333315 0.8749999999999997
vt 0.4141990559895833 0.4006666666666664
vt 0.4141990559895833 0.5518749999999999
vt 0.38802083333333326 0.5518749999999999
vt 0.38802083333333326 0.4006666666666664
vt 0.38020833333333326 0.10920833333333346
vt 0.4051048177083334 0.10920833333333346
vt 0.4051048177083334 0.26041666666666685
vt 0.38020833333333326 0.26041666666666685
vt 0.3567708333333335 0.4737916666666666
vt 0.3816673177083336 0.4737916666666666
vt 0.3816673177083336 0.625
vt 0.3567708333333335 0.625
vn -0.4350560176387397 0.24988809447571877 -0.8650330639666989
vn 0.8926107618238129 -0.006426687204607873 -0.45078234833219283
vn 0.4350560176387397 -0.24988809447571877 0.8650330639666989
vn -0.8926107618238129 0.006426687204607873 0.45078234833219283
vn 0.11820443897177889 0.9682533955173451 0.2202568334388257
vn -0.11820443897177889 -0.9682533955173451 -0.2202568334388257
usemtl m_3722afce-2475-6df4-1e92-dcadf5eef328
f 68/196/49 71/195/49 69/194/49 66/193/49
f 67/200/50 68/199/50 66/198/50 65/197/50
f 72/204/51 67/203/51 65/202/51 70/201/51
f 71/208/52 72/207/52 70/206/52 69/205/52
f 70/212/53 65/211/53 66/210/53 69/209/53
f 71/216/54 68/215/54 67/214/54 72/213/54
o cube
v -0.018574841945797227 0.5909830878335249 -0.19599227938808872
v -0.032193693135870394 0.9064918494285144 -0.7487532304638508
v -0.07526375497779686 0.42210495571819284 -0.2909890268089761
v -0.08888260616787003 0.7376137173131823 -0.8437499778847382
v -0.21342745669930485 0.9506411922674343 -0.7190881462913618
v -0.19980860550923168 0.6351324306724448 -0.1663271952155997
v -0.27011636973130443 0.7817630601521022 -0.8140848937122491
v -0.25649751854123126 0.46625429855711276 -0.26132394263648706
vt 0.3854166666666665 0.9038523822916666
vt 0.4090264033854165 0.9038523822916666
vt 0.4090264033854165 0.9374999999999998
vt 0.3854166666666665 0.9374999999999998
vt 0.3637773799479168 0.2063978583333329
vt 0.3637773799479168 0.31249999999999956
vt 0.3385416666666669 0.31249999999999956
vt 0.3385416666666669 0.2063978583333329
vt 0.38020833333333315 0.8413523822916664
vt 0.40381807005208314 0.8413523822916664
vt 0.40381807005208314 0.8749999999999997
vt 0.38020833333333315 0.8749999999999997
vt 0.3976315466145832 0.373064524999999
vt 0.3976315466145832 0.47916666666666563
vt 0.37239583333333326 0.47916666666666563
vt 0.37239583333333326 0.373064524999999
vt 0.390625 0.6751478583333335
vt 0.41423473671875 0.6751478583333335
vt 0.41423473671875 0.78125
vt 0.390625 0.78125
vt 0.3671875 0.48764785833333346
vt 0.39079723671875 0.48764785833333346
vt 0.39079723671875 0.59375
vt 0.3671875 0.59375
vn -0.02139267404054622 0.4956053928144704 -0.8682843129474409
vn 0.9595287196675162 -0.2337454212474242 -0.15705958798838537
vn 0.02139267404054622 -0.4956053928144704 0.8682843129474409
vn -0.9595287196675162 0.2337454212474242 0.15705958798838537
vn 0.28079706129269244 0.836503659680625 0.4705471684223688
vn -0.28079706129269244 -0.836503659680625 -0.4705471684223688
usemtl m_3722afce-2475-6df4-1e92-dcadf5eef328
f 76/220/55 79/219/55 77/218/55 74/217/55
f 75/224/56 76/223/56 74/222/56 73/221/56
f 80/228/57 75/227/57 73/226/57 78/225/57
f 79/232/58 80/231/58 78/230/58 77/229/58
f 78/236/59 73/235/59 74/234/59 77/233/59
f 79/240/60 76/239/60 75/238/60 80/237/60
o cube
v 0.170093248006559 -0.007434365414606181 1.0779867710682556
v -0.3935081787801062 0.037295775628483185 0.914631648080636
v 0.16371873213094268 -0.1453272986762033 1.0622218286289535
v -0.3998826946557225 -0.10059715763311394 0.8988667056413338
v -0.4341368023506023 0.02357753245917249 1.0510505791390286
v 0.12946462443606288 -0.02115260858391682 1.2144057021266481
v -0.44051131822621864 -0.11431540080242453 1.0352856366997265
v 0.12309010856044655 -0.1590455418455139 1.198640759687346
vt 0.3645833333333334 0.935177083333333
vt 0.38245833333333334 0.935177083333333
vt 0.38245833333333334 0.9583333333333331
vt 0.3645833333333334 0.9583333333333331
vt 0.355908854166667 0.3600416666666665
vt 0.355908854166667 0.4581249999999998
vt 0.3385416666666669 0.4581249999999998
vt 0.3385416666666669 0.3600416666666665
vt 0.38020833333333315 0.8518437499999995
vt 0.3980833333333331 0.8518437499999995
vt 0.3980833333333331 0.8749999999999997
vt 0.38020833333333315 0.8749999999999997
vt 0.42882552083333336 0.4537916666666665
vt 0.42882552083333336 0.5518749999999999
vt 0.41145833333333326 0.5518749999999999
vt 0.41145833333333326 0.4537916666666665
vt 0.34895833333333326 0.6310833333333334
vt 0.36683333333333323 0.6310833333333334
vt 0.36683333333333323 0.7291666666666667
vt 0.34895833333333326 0.7291666666666667
vt 0.3567708333333335 0.31858333333333366
vt 0.37464583333333346 0.31858333333333366
vt 0.37464583333333346 0.4166666666666671
vt 0.3567708333333335 0.4166666666666671
vn -0.957691464378361 0.07600703660677892 -0.27757879861957463
vn 0.2841162487447293 0.09593177041475985 -0.953978538869881
vn 0.957691464378361 -0.07600703660677892 0.27757879861957463
vn -0.2841162487447293 -0.09593177041475985 0.953978538869881
vn 0.045880456144786606 0.9924817508706878 0.11346787180784143
vn -0.045880456144786606 -0.9924817508706878 -0.11346787180784143
usemtl m_3722afce-2475-6df4-1e92-dcadf5eef328
f 84/244/61 87/243/61 85/242/61 82/241/61
f 83/248/62 84/247/62 82/246/62 81/245/62
f 88/252/63 83/251/63 81/250/63 86/249/63
f 87/256/64 88/255/64 86/254/64 85/253/64
f 86/260/65 81/259/65 82/258/65 85/257/65
f 87/264/66 84/263/66 83/262/66 88/261/66
o cube
v -0.34093004622437073 0.023393244511412337 0.9288925636150118
v -0.7103716671610185 0.21510503126290992 0.8381430206946825
v -0.3977389044666481 -0.09996199004381545 0.8995690467849404
v -0.767180525403296 0.09174979670768213 0.8088195038646111
v -0.751000290731515 0.2013867880935991 0.9745619517530757
v -0.3815586697948673 0.009675001342101641 1.065311494673405
v -0.8078091489737924 0.07803155353837132 0.9452384349230041
v -0.4383675280371448 -0.11368023321312615 1.0359879778433334
vt 0.39583333333333315 0.9455937499999998
vt 0.4137083333333331 0.9455937499999998
vt 0.4137083333333331 0.9687499999999998
vt 0.39583333333333315 0.9687499999999998
vt 0.4079921875000003 0.3037916666666668
vt 0.4079921875000003 0.3747916666666665
vt 0.39062500000000033 0.3747916666666665
vt 0.39062500000000033 0.3037916666666668
vt 0.38020833333333315 0.8518437499999997
vt 0.3980833333333331 0.8518437499999997
vt 0.3980833333333331 0.8749999999999997
vt 0.38020833333333315 0.8749999999999997
vt 0.42882552083333325 0.48087500000000016
vt 0.42882552083333325 0.5518749999999999
vt 0.41145833333333326 0.5518749999999999
vt 0.41145833333333326 0.48087500000000016
vt 0.39062499999999983 0.6060833333333338
vt 0.40849999999999986 0.6060833333333338
vt 0.40849999999999986 0.6770833333333333
vt 0.39062499999999983 0.6770833333333333
vt 0.3671875 0.6373333333333338
vt 0.3850625000000001 0.6373333333333338
vt 0.3850625000000001 0.7083333333333335
vt 0.3671875 0.7083333333333335
vn -0.8672338519639665 0.4500276684307479 -0.213027096057112
vn 0.28411624874473096 0.09593177041475973 -0.9539785388698804
vn 0.8672338519639665 -0.4500276684307479 0.213027096057112
vn -0.28411624874473096 -0.09593177041475973 0.9539785388698804
vn 0.40888067110950993 0.887846942367813 0.21105545176839674
vn -0.40888067110950993 -0.887846942367813 -0.21105545176839674
usemtl m_3722afce-2475-6df4-1e92-dcadf5eef328
f 92/268/67 95/267/67 93/266/67 90/265/67
f 91/272/68 92/271/68 90/270/68 89/269/68
f 96/276/69 91/275/69 89/274/69 94/273/69
f 95/280/70 96/279/70 94/278/70 93/277/70
f 94/284/71 89/283/71 90/282/71 93/281/71
f 95/288/72 92/287/72 91/286/72 96/285/72