# Made in Blockbench 4.8.1
mtllib maple_twig_branch_up_3.mtl

o cube
v 0.3488883893940984 0.2692785444781345 0.22594458914366788
v -0.08735636862881185 0.6442859625611872 -0.2664856190891469
v 0.3435879078700743 0.11421764419864477 0.11255455001513104
v -0.09265685015283581 0.4892250622816976 -0.37987565821768376
v -0.25397298690459613 0.5786145509727079 -0.16889136305616104
v 0.18227177111831405 0.20360713288965493 0.32353884517665377
v -0.25927346842862015 0.42355365069321793 -0.2822814021846979
v 0.1769712895942901 0.04854623261016511 0.21014880604811692
vt 0.3723958333333334 0.9158883463541665
vt 0.3978904622395836 0.9158883463541665
vt 0.3978904622395836 0.9479166666666665
vt 0.3723958333333334 0.9479166666666665
vt 0.35475040690104187 0.3214999999999999
vt 0.35475040690104187 0.44770833333333304
vt 0.3307291666666669 0.44770833333333304
vt 0.3307291666666669 0.3214999999999999
vt 0.37239583333333315 0.832555013020833
vt 0.39789046223958335 0.832555013020833
vt 0.39789046223958335 0.8645833333333329
vt 0.37239583333333315 0.8645833333333329
vt 0.42766707356770817 0.41525
vt 0.42766707356770817 0.5414583333333332
vt 0.40364583333333326 0.5414583333333332
vt 0.40364583333333326 0.41525
vt 0.38281249999999994 0.5717083333333335
vt 0.4083071289062501 0.5717083333333335
vt 0.4083071289062501 0.6979166666666667
vt 0.38281249999999994 0.6979166666666667
vt 0.3645833333333335 0.5508750000000002
vt 0.3900779622395836 0.5508750000000002
vt 0.3900779622395836 0.6770833333333334
vt 0.3645833333333335 0.6770833333333334
vn -0.5760907996340849 0.4952227376468185 -0.6502874984916679
vn 0.8169201976251232 0.3219865046377472 -0.47850400368575385
vn 0.5760907996340849 -0.4952227376468185 0.6502874984916679
vn -0.8169201976251232 -0.3219865046377472 0.47850400368575385
vn 0.027582264031265853 0.8068947458923974 0.5900509196350374
vn -0.027582264031265853 -0.8068947458923974 -0.5900509196350374
usemtl m_3722afce-2475-6df4-1e92-dcadf5eef328
f 4/4/1 7/3/1 5/2/1 2/1/1
f 3/8/2 4/7/2 2/6/2 1/5/2
f 8/12/3 3/11/3 1/10/3 6/9/3
f 7/16/4 8/15/4 6/14/4 5/13/4
f 6/20/5 1/19/5 2/18/5 5/17/5
f 7/24/6 4/23/6 3/22/6 8/21/6
o cube
v -0.14131309224997524 0.575291130371157 -0.3015638547193016
v -0.5751490240894719 0.48701087854526137 -0.6035579622864147
v -0.10767594851501094 0.44386487780271344 -0.31146689205832234
v -0.5415118803545076 0.3555846259768177 -0.6134609996254354
v -0.6566774002850697 0.4566506737038828 -0.47756164436618864
v -0.22284146844557318 0.5449309255297785 -0.17556753679907555
v -0.6230402565501054 0.32522442113543915 -0.4874646817052094
v -0.18920432471060888 0.41350467296133486 -0.18547057413809626
vt 0.3723958333333334 0.9252460864583332
vt 0.39153499895833366 0.9252460864583332
vt 0.39153499895833366 0.9479166666666665
vt 0.3723958333333334 0.9479166666666665
vt 0.34773210182291686 0.21276376666666852
vt 0.34773210182291686 0.3020833333333329
vt 0.3307291666666669 0.3020833333333329
vt 0.3307291666666669 0.21276376666666852
vt 0.37239583333333315 0.8419127531249997
vt 0.3915349989583333 0.8419127531249997
vt 0.3915349989583333 0.8645833333333329
vt 0.37239583333333315 0.8645833333333329
vt 0.4206487684895832 0.36901376666666796
vt 0.4206487684895832 0.45833333333333226
vt 0.40364583333333326 0.45833333333333226
vt 0.40364583333333326 0.36901376666666796
vt 0.38281249999999994 0.5044304333333356
vt 0.4019516656250002 0.5044304333333356
vt 0.4019516656250002 0.59375
vt 0.38281249999999994 0.59375
vt 0.3645833333333335 0.6085971000000023
vt 0.38372249895833366 0.6085971000000023
vt 0.38372249895833366 0.6979166666666667
vt 0.3645833333333335 0.6979166666666667
vn -0.8095201459021633 -0.16472734758359767 -0.5635086816869934
vn 0.5324708100721942 0.19828584377864053 -0.8228958382310935
vn 0.8095201459021633 0.16472734758359767 0.5635086816869934
vn -0.5324708100721942 -0.19828584377864053 0.8228958382310935
vn -0.24728924319428408 0.9662026832477051 0.07280388097713644
vn 0.24728924319428408 -0.9662026832477051 -0.07280388097713644
usemtl m_3722afce-2475-6df4-1e92-dcadf5eef328
f 12/28/7 15/27/7 13/26/7 10/25/7
f 11/32/8 12/31/8 10/30/8 9/29/8
f 16/36/9 11/35/9 9/34/9 14/33/9
f 15/40/10 16/39/10 14/38/10 13/37/10
f 14/44/11 9/43/11 10/42/11 13/41/11
f 15/48/12 12/47/12 11/46/12 16/45/12
o cube
v 0.5490426831374122 0.0367815881484741 0.8687589061050252
v 1.0419107346058762 -0.004608322058749614 0.3500414347103611
v 0.5554527671439906 -0.13665585614857 0.8886886104820557
v 1.0483208186124546 -0.17804576635579372 0.36997113908739165
v 0.9049280255742618 -0.024445465052019943 0.22146789131551992
v 0.41205997410579775 0.01694444515520377 0.740185362710184
v 0.9113381095808402 -0.19788290934906394 0.24139759569255048
v 0.41847005811237614 -0.15649299914184023 0.7601150670872145
vt 0.3723958333333334 0.9188006013333333
vt 0.3960102260833336 0.9188006013333333
vt 0.3960102260833336 0.9479166666666665
vt 0.3723958333333334 0.9479166666666665
vt 0.35256621566666685 0.18262857016666645
vt 0.35256621566666685 0.3020833333333329
vt 0.3307291666666669 0.3020833333333329
vt 0.3307291666666669 0.18262857016666645
vt 0.37239583333333315 0.8354672679999997
vt 0.39601022608333325 0.8354672679999997
vt 0.39601022608333325 0.8645833333333329
vt 0.37239583333333315 0.8645833333333329
vt 0.4098578823333332 0.3388785701666658
vt 0.4098578823333332 0.45833333333333226
vt 0.38802083333333326 0.45833333333333226
vt 0.38802083333333326 0.3388785701666658
vt 0.33072916666666674 0.4742952368333335
vt 0.35434355941666684 0.4742952368333335
vt 0.35434355941666684 0.59375
vt 0.33072916666666674 0.59375
vt 0.3645833333333335 0.5680452368333335
vt 0.3881977260833336 0.5680452368333335
vt 0.3881977260833336 0.6875
vt 0.3645833333333335 0.6875
vn 0.687663455747961 -0.05774837423808636 -0.7237292980815618
vn 0.7251017974600144 0.10500557437195887 0.6805888719859233
vn -0.687663455747961 0.05774837423808636 0.7237292980815618
vn -0.7251017974600144 -0.10500557437195887 -0.6805888719859233
vn -0.036692709753148874 0.9927935105668617 -0.11408194610585076
vn 0.036692709753148874 -0.9927935105668617 0.11408194610585076
usemtl m_3722afce-2475-6df4-1e92-dcadf5eef328
f 20/52/13 23/51/13 21/50/13 18/49/13
f 19/56/14 20/55/14 18/54/14 17/53/14
f 24/60/15 19/59/15 17/58/15 22/57/15
f 23/64/16 24/63/16 22/62/16 21/61/16
f 22/68/17 17/67/17 18/66/17 21/65/17
f 23/72/18 20/71/18 19/70/18 24/69/18
o cube
v -0.035114990411090785 0.554497933292279 -0.1908000609265969
v 0.10345156973433611 1.0510681390331058 -0.6954552310205273
v -0.061499632276740546 0.44732523612329045 -0.3035003773355423
v 0.07706692786868641 0.9438954418641174 -0.8081555474294728
v -0.038231266683831755 1.0883162887522684 -0.6977066335066877
v -0.17679782682925865 0.5917460830114414 -0.19305146341275725
v -0.06461590854948152 0.9811435915832798 -0.810406949915633
v -0.2031824686949084 0.484573385842453 -0.3057517798217026
vt 0.3723958333333334 0.9216258266566667
vt 0.3907101547470835 0.9216258266566667
vt 0.3907101547470835 0.9479166666666665
vt 0.3723958333333334 0.9479166666666665
vt 0.3411458333333335 0.36458333333333315
vt 0.3411458333333335 0.24434520138000237
vt 0.36086396334083337 0.24434520138000237
vt 0.36086396334083337 0.36458333333333315
vt 0.37239583333333315 0.8382924933233331
vt 0.39071015474708315 0.8382924933233331
vt 0.39071015474708315 0.8645833333333329
vt 0.37239583333333315 0.8645833333333329
vt 0.42336396334083315 0.3380952013800016
vt 0.42336396334083315 0.45833333333333226
vt 0.40364583333333326 0.45833333333333226
vt 0.40364583333333326 0.3380952013800016
vt 0.37239583333333315 0.5047618680466692
vt 0.39071015474708315 0.5047618680466692
vt 0.39071015474708315 0.625
vt 0.37239583333333315 0.625
vt 0.34375 0.5360118680466692
vt 0.36206432141375 0.5360118680466692
vt 0.36206432141375 0.65625
vt 0.34375 0.65625
vn 0.1920724009573632 0.6883149264904381 -0.6995218043498979
vn 0.9670221545295368 -0.25422829542565856 0.015366406672253155
vn -0.1920724009573632 -0.6883149264904381 0.6995218043498979
vn -0.9670221545295368 0.25422829542565856 -0.015366406672253155
vn 0.1672613088539214 0.6794045450064541 0.7144460223033271
vn -0.1672613088539214 -0.6794045450064541 -0.7144460223033271
usemtl m_3722afce-2475-6df4-1e92-dcadf5eef328
f 28/76/19 31/75/19 29/74/19 26/73/19
f 27/80/20 28/79/20 26/78/20 25/77/20
f 32/84/21 27/83/21 25/82/21 30/81/21
f 31/88/22 32/87/22 30/86/22 29/85/22
f 30/92/23 25/91/23 26/90/23 29/89/23
f 31/96/24 28/95/24 27/94/24 32/93/24
o cube
v 1.0123896644993353 -0.027827569125822404 0.42722129573428924
v 1.0613867426977772 0.28149881614632133 -0.19140320158368296
v 1.0249410347453831 -0.1804263048450725 0.35191255020340295
v 1.073938112943825 0.12890008042707124 -0.26671194711456925
v 0.8916445923553908 0.27562229852299147 -0.20778572670554385
v 0.8426475141569489 -0.03370408674915221 0.41083877061242835
v 0.9041959626014386 0.12302356280374149 -0.28309447223643014
v 0.8551988844029967 -0.1863028224684023 0.33553002508154206
vt 0.3697916666666665 0.9194779810666668
vt 0.3911206808666664 0.9194779810666668
vt 0.3911206808666664 0.9479166666666665
vt 0.3697916666666665 0.9479166666666665
vt 0.3833081808666665 0.12401952279999995
vt 0.3833081808666665 0.23958333333333315
vt 0.3619791666666668 0.23958333333333315
vt 0.3619791666666668 0.12401952279999995
vt 0.37239583333333315 0.8361446477333333
vt 0.39372484753333303 0.8361446477333333
vt 0.39372484753333303 0.8645833333333329
vt 0.37239583333333315 0.8645833333333329
vt 0.42497484753333303 0.34276952279999906
vt 0.42497484753333303 0.45833333333333226
vt 0.40364583333333326 0.45833333333333226
vt 0.40364583333333326 0.34276952279999906
vt 0.3411458333333333 0.5198528561333335
vt 0.36247484753333326 0.5198528561333335
vt 0.36247484753333326 0.6354166666666667
vt 0.3411458333333333 0.6354166666666667
vt 0.3750000000000001 0.509436189466667
vt 0.3963290142 0.509436189466667
vt 0.3963290142 0.6250000000000002
vt 0.3750000000000001 0.6250000000000002
vn 0.07066381475353713 0.4461119558746892 -0.8921831359704896
vn 0.9947843155732161 0.034439693087936186 0.09601079642174107
vn -0.07066381475353713 -0.4461119558746892 0.8921831359704896
vn -0.9947843155732161 -0.034439693087936186 -0.09601079642174107
vn -0.0735580775578456 0.8943142794150545 0.4413515366012969
vn 0.0735580775578456 -0.8943142794150545 -0.4413515366012969
usemtl m_3722afce-2475-6df4-1e92-dcadf5eef328
f 36/100/25 39/99/25 37/98/25 34/97/25
f 35/104/26 36/103/26 34/102/26 33/101/26
f 40/108/27 35/107/27 33/106/27 38/105/27
f 39/112/28 40/111/28 38/110/28 37/109/28
f 38/116/29 33/115/29 34/114/29 37/113/29
f 39/120/30 36/119/30 35/118/30 40/117/30
o cube
v 0.8714654170981229 0.6394701292265181 -0.5666463619371866
v 0.8919748908784288 0.174790270430925 -0.1829340479267666
v 0.9434307867677019 0.5650407066623466 -0.6606277748680882
v 0.9639402605480076 0.10036084786675337 -0.27691546085766805
v 1.0163662735327534 0.2256648455867426 -0.12797311019133195
v 0.9958567997524475 0.6903447043823356 -0.511685424201752
v 1.0883316432023322 0.15123542302257098 -0.22195452312223352
v 1.0678221694220262 0.6159152818181641 -0.6056668371326535
vt 0.3905454472895834 0.9246123636833332
vt 0.3723958333333334 0.9246123636833332
vt 0.3723958333333334 0.9479166666666665
vt 0.3905454472895834 0.9479166666666665
vt 0.4211240605708332 0.45833333333333226
vt 0.4211240605708332 0.3578369058666654
vt 0.40364583333333326 0.3578369058666654
vt 0.40364583333333326 0.45833333333333226
vt 0.38012878062291633 0.8725290303499997
vt 0.36197916666666635 0.8725290303499997
vt 0.36197916666666635 0.8958333333333329
vt 0.38012878062291633 0.8958333333333329
vt 0.34820739390416683 0.3020833333333329
vt 0.34820739390416683 0.20158690586666606
vt 0.3307291666666669 0.20158690586666606
vt 0.3307291666666669 0.3020833333333329
vt 0.3592954472895833 0.5765869058666666
vt 0.3411458333333333 0.5765869058666666
vt 0.3411458333333333 0.6770833333333334
vt 0.3592954472895833 0.6770833333333334
vt 0.3827329472895835 0.5974202391999999
vt 0.3645833333333335 0.5974202391999999
vt 0.3645833333333335 0.6979166666666667
vt 0.3827329472895835 0.6979166666666667
vn 0.03401360343067678 -0.7706407589293341 0.6363614503240126
vn -0.8567081850485401 -0.35038331447745813 -0.3785269060537538
vn -0.03401360343067678 0.7706407589293341 -0.6363614503240126
vn 0.8567081850485401 0.35038331447745813 0.3785269060537538
vn -0.5146786963266474 0.5323009990715879 0.6721320450141417
vn 0.5146786963266474 -0.5323009990715879 -0.6721320450141417
usemtl m_3722afce-2475-6df4-1e92-dcadf5eef328
f 44/124/31 47/123/31 45/122/31 42/121/31
f 43/128/32 44/127/32 42/126/32 41/125/32
f 48/132/33 43/131/33 41/130/33 46/129/33
f 47/136/34 48/135/34 46/134/34 45/133/34
f 46/140/35 41/139/35 42/138/35 45/137/35
f 47/144/36 44/143/36 43/142/36 48/141/36
o cube
v 0.6107096823465099 0.12107096440925713 1.4860370906658447
v 0.5370871651274016 0.0036280620674166153 0.6020888726418296
v 0.6173868462299508 -0.10925666731392175 1.5160826922119162
v 0.543764329010842 -0.22669956965576227 0.6321344741879009
v 0.3055964221583318 -0.0004962567915245408 0.6219173001785268
v 0.37921893937744033 0.11694664555031598 1.5058655182025418
v 0.31227358604177247 -0.23082388851470342 0.6519629017245983
v 0.385896103260881 -0.11338098617286291 1.5359111197486133
vt 0.3723958333333334 0.9091874999999998
vt 0.4014427083333334 0.9091874999999998
vt 0.4014427083333334 0.9479166666666665
vt 0.3723958333333334 0.9479166666666665
vt 0.3597760416666669 0.29858333333333453
vt 0.3597760416666669 0.44770833333333304
vt 0.3307291666666669 0.44770833333333304
vt 0.3307291666666669 0.29858333333333453
vt 0.37239583333333315 0.8258541666666663
vt 0.4014427083333332 0.8258541666666663
vt 0.4014427083333332 0.8645833333333329
vt 0.37239583333333315 0.8645833333333329
vt 0.4248802083333333 0.39233333333333453
vt 0.4248802083333333 0.5414583333333332
vt 0.39583333333333326 0.5414583333333332
vt 0.39583333333333326 0.39233333333333453
vt 0.38281249999999994 0.6425416666666681
vt 0.4118593749999999 0.6425416666666681
vt 0.4118593749999999 0.7916666666666666
vt 0.38281249999999994 0.7916666666666666
vt 0.3645833333333335 0.5279583333333349
vt 0.3936302083333335 0.5279583333333349
vt 0.3936302083333335 0.6770833333333334
vt 0.3645833333333335 0.6770833333333334
vn -0.0822827797922428 -0.1312577841205272 -0.9879275976798252
vn 0.9961946980917455 0.01774854807505607 -0.0853294353381266
vn 0.0822827797922428 0.1312577841205272 0.9879275976798252
vn -0.9961946980917455 -0.01774854807505607 0.0853294353381266
vn -0.02873443306483333 0.9911893780448804 -0.12929790875124816
vn 0.02873443306483333 -0.9911893780448804 0.12929790875124816
usemtl m_3722afce-2475-6df4-1e92-dcadf5eef328
f 52/148/37 55/147/37 53/146/37 50/145/37
f 51/152/38 52/151/38 50/150/38 49/149/38
f 56/156/39 51/155/39 49/154/39 54/153/39
f 55/160/40 56/159/40 54/158/40 53/157/40
f 54/164/41 49/163/41 50/162/41 53/161/41
f 55/168/42 52/167/42 51/166/42 56/165/42
o cube
v 0.5412028148603703 -0.03365437457608744 0.7400587482535603
v 0.3536876344882902 0.27918211019692796 0.1932965024603004
v 0.5257417546891161 -0.21717499249058336 0.6403577138013783
v 0.33822657431703607 0.09566149228243204 0.09359546800811824
v 0.16336099652647695 0.26436207539443424 0.25009063280509514
v 0.350876176898557 -0.04847440937858116 0.7968528785983549
v 0.1478999363552227 0.0808414574799382 0.150389598352913
v 0.33541511672730273 -0.2319950272930772 0.6971518441461728
vt 0.3723958333333334 0.9130123697916666
vt 0.3972923177083335 0.9130123697916666
vt 0.3972923177083335 0.9479166666666665
vt 0.3723958333333334 0.9479166666666665
vt 0.3569073893229169 0.3381666666666665
vt 0.3569073893229169 0.44770833333333304
vt 0.3307291666666669 0.44770833333333304
vt 0.3307291666666669 0.3381666666666665
vt 0.37239583333333315 0.829679036458333
vt 0.3972923177083332 0.829679036458333
vt 0.3972923177083332 0.8645833333333329
vt 0.37239583333333315 0.8645833333333329
vt 0.4298240559895832 0.4319166666666665
vt 0.4298240559895832 0.5414583333333332
vt 0.40364583333333326 0.5414583333333332
vt 0.40364583333333326 0.4319166666666665
vt 0.38281249999999994 0.5883750000000001
vt 0.407708984375 0.5883750000000001
vt 0.407708984375 0.6979166666666667
vt 0.38281249999999994 0.6979166666666667
vt 0.35416666666666674 0.5571250000000001
vt 0.37906315104166677 0.5571250000000001
vt 0.37906315104166677 0.6666666666666667
vt 0.35416666666666674 0.6666666666666667
vn -0.2853026707829289 0.47597791521189114 -0.8318938695979611
vn 0.9555899293603218 0.0744082707585785 -0.285151356559728
vn 0.2853026707829289 -0.47597791521189114 0.8318938695979611
vn -0.9555899293603218 -0.0744082707585785 0.285151356559728
vn 0.0738259639236953 0.8763038476882661 0.47606858075016606
vn -0.0738259639236953 -0.8763038476882661 -0.47606858075016606
usemtl m_3722afce-2475-6df4-1e92-dcadf5eef328
f 60/172/43 63/171/43 61/170/43 58/169/43
f 59/176/44 60/175/44 58/174/44 57/173/44
f 64/180/45 59/179/45 57/178/45 62/177/45
f 63/184/46 64/183/46 62/182/46 61/181/46
f 62/188/47 57/187/47 58/186/47 61/185/47
f 63/192/48 60/191/48 59/190/48 64/189/48
o cube
v 0.2267071635539909 0.2176074333145469 0.16108235473541754
v -0.31000348697923175 0.5331161949095355 0.2940177516247433
v 0.17017236416457515 0.09896853466636135 0.2144073772448517
v -0.3665382863686475 0.41447729626135 0.34734277413417747
v -0.26032457359632066 0.5652815195692662 0.41824922462799974
v 0.276386076936902 0.24977275797427756 0.285313827738674
v -0.3168593729857363 0.44664262092108065 0.4715742471374339
v 0.21985127754748635 0.131133859326092 0.33863885024810814
vt 0.37239583333333326 0.9138621479166665
vt 0.38959687864583326 0.9138621479166665
vt 0.38959687864583326 0.9374999999999998
vt 0.37239583333333326 0.9374999999999998
vt 0.34845755572916687 0.1959811916666664
vt 0.34845755572916687 0.3020833333333329
vt 0.3307291666666669 0.3020833333333329
vt 0.3307291666666669 0.1959811916666664
vt 0.37239583333333315 0.8409454812499997
vt 0.38959687864583314 0.8409454812499997
vt 0.38959687864583314 0.8645833333333329
vt 0.37239583333333315 0.8645833333333329
vt 0.4213742223958332 0.35223119166666583
vt 0.4213742223958332 0.45833333333333226
vt 0.40364583333333326 0.45833333333333226
vt 0.40364583333333326 0.35223119166666583
vt 0.33072916666666674 0.5501478583333337
vt 0.3479302119791668 0.5501478583333337
vt 0.3479302119791668 0.65625
vt 0.33072916666666674 0.65625
vt 0.3645833333333335 0.4043145250000003
vt 0.3817843786458335 0.4043145250000003
vt 0.3817843786458335 0.5104166666666667
vt 0.3645833333333335 0.5104166666666667
vn -0.8430722856650217 0.49560539281447 0.20881670373025948
vn -0.361016674280322 -0.2337454212474231 -0.9027901411388144
vn 0.8430722856650217 -0.49560539281447 -0.20881670373025948
vn 0.361016674280322 0.2337454212474231 0.9027901411388144
vn 0.39861771415120517 0.8365036596806256 -0.37598609722407106
vn -0.39861771415120517 -0.8365036596806256 0.37598609722407106
usemtl m_3722afce-2475-6df4-1e92-dcadf5eef328
f 68/196/49 71/195/49 69/194/49 66/193/49
f 67/200/50 68/199/50 66/198/50 65/197/50
f 72/204/51 67/203/51 65/202/51 70/201/51
f 71/208/52 72/207/52 70/206/52 69/205/52
f 70/212/53 65/211/53 66/210/53 69/209/53
f 71/216/54 68/215/54 67/214/54 72/213/54
o cube
v 0.9623273263121808 -0.06209957211885231 0.46297979809828804
v 1.320073298121001 0.1123494886090659 0.41412956917650623
v 1.0097829837382961 -0.17686274332433083 0.40068209333023586
v 1.3675289555471164 -0.002413682596412614 0.35183186440845404
v 1.277789810129364 0.16360237749862405 0.2875031579356615
v 0.9200438383205438 -0.010846683229294163 0.3363533868574433
v 1.3252454675554795 0.04883920629314553 0.22520545316760932
v 0.9674994957466592 -0.12560985443477268 0.27405568208939113
vt 0.3723958333333334 0.9247604166666664
vt 0.39027083333333334 0.9247604166666664
vt 0.39027083333333334 0.9479166666666665
vt 0.3723958333333334 0.9479166666666665
vt 0.348096354166667 0.38087499999999963
vt 0.348096354166667 0.44770833333333304
vt 0.3307291666666669 0.44770833333333304
vt 0.3307291666666669 0.38087499999999963
vt 0.37239583333333315 0.8414270833333328
vt 0.3902708333333331 0.8414270833333328
vt 0.3902708333333331 0.8645833333333329
vt 0.37239583333333315 0.8645833333333329
vt 0.42101302083333336 0.47462499999999974
vt 0.42101302083333336 0.5414583333333332
vt 0.40364583333333326 0.5414583333333332
vt 0.40364583333333326 0.47462499999999974
vt 0.38281249999999994 0.6310833333333332
vt 0.40068749999999986 0.6310833333333332
vt 0.40068749999999986 0.6979166666666667
vt 0.38281249999999994 0.6979166666666667
vt 0.36458333333333337 0.2144166666666668
vt 0.38245833333333334 0.2144166666666668
vt 0.38245833333333334 0.28125000000000033
vt 0.36458333333333337 0.28125000000000033
vn 0.8921345930394504 0.43503506415939625 -0.12182101975506664
vn 0.29568872721424544 -0.3584118104164922 0.8854993793066104
vn -0.8921345930394504 -0.43503506415939625 0.12182101975506664
vn -0.29568872721424544 0.3584118104164922 -0.8854993793066104
vn -0.34156118705256 0.8260057306737058 0.4483865390413094
vn 0.34156118705256 -0.8260057306737058 -0.4483865390413094
usemtl m_3722afce-2475-6df4-1e92-dcadf5eef328
f 76/220/55 79/219/55 77/218/55 74/217/55
f 75/224/56 76/223/56 74/222/56 73/221/56
f 80/228/57 75/227/57 73/226/57 78/225/57
f 79/232/58 80/231/58 78/230/58 77/229/58
f 78/236/59 73/235/59 74/234/59 77/233/59
f 79/240/60 76/239/60 75/238/60 80/237/60
o cube
v 0.023126413929114076 1.0819876594145652 -0.6984390992854985
v -0.004387967592732245 1.219902323657446 -1.1231167310342438
v 0.08984104683461958 0.9859977115283887 -0.7339343365415639
v 0.06232666531277331 1.1239123757712695 -1.1586119682903093
v -0.10727012640262568 1.1538631103324581 -1.1378974411400373
v -0.07975574488077936 1.0159484460895771 -0.713219809391292
v -0.04055549349712012 1.0578731624462814 -1.1733926783961026
v -0.0130411119752738 0.9199584982034006 -0.7487150466473573
vt 0.36695547003159973 0.9483888003745332
vt 0.35156249999999983 0.9483888003745332
vt 0.35156249999999983 0.9687499999999999
vt 0.36695547003159973 0.9687499999999999
vt 0.41891673305243327 0.45833333333333226
vt 0.41891673305243327 0.3837737772144001
vt 0.40364583333333326 0.3837737772144001
vt 0.40364583333333326 0.45833333333333226
vt 0.38778880336493304 0.8442221337078664
vt 0.37239583333333315 0.8442221337078664
vt 0.37239583333333315 0.8645833333333329
vt 0.38778880336493304 0.8645833333333329
vt 0.3333333333333334 0.1337737772144011
vt 0.3333333333333334 0.20833333333333337
vt 0.3486042330524334 0.20833333333333337
vt 0.3486042330524334 0.1337737772144011
vt 0.38778880336493304 0.5504404438810677
vt 0.37239583333333315 0.5504404438810677
vt 0.37239583333333315 0.625
vt 0.38778880336493304 0.625
vt 0.36955963669826675 0.6129404438810679
vt 0.35416666666666685 0.6129404438810679
vt 0.35416666666666685 0.6875
vt 0.36955963669826675 0.6875
vn -0.06150425904261303 0.3082874760835238 -0.9493029327931469
vn 0.8354638399760472 0.5362773817318675 0.12002808810978674
vn 0.06150425904261303 -0.3082874760835238 0.9493029327931469
vn -0.8354638399760472 -0.5362773817318675 -0.12002808810978674
vn -0.5460928476111887 0.7857260349083921 0.29054638158999563
vn 0.5460928476111887 -0.7857260349083921 -0.29054638158999563
usemtl m_3722afce-2475-6df4-1e92-dcadf5eef328
f 84/244/61 87/243/61 85/242/61 82/241/61
f 83/248/62 84/247/62 82/246/62 81/245/62
f 88/252/63 83/251/63 81/250/63 86/249/63
f 87/256/64 88/255/64 86/254/64 85/253/64
f 86/260/65 81/259/65 82/258/65 85/257/65
f 87/264/66 84/263/66 83/262/66 88/261/66