# Made in Blockbench 4.8.1
mtllib oak_twig_branch.mtl

o cube
v 0.38624371716125316 0.6171650351206104 0.05700876116206466
v 0.5085073996045202 0.32610370219050233 -0.6312952813426709
v 0.40820018948971193 0.45068476349990283 0.13130797454272525
v 0.5304638719329788 0.15962343056979478 -0.5569960679620103
v 0.32066736010137753 0.29273628056393963 -0.650551377350248
v 0.1984036776581105 0.5837976134940477 0.0377526651544875
v 0.3426238324298363 0.12625600894323208 -0.5762521639695876
v 0.22036014998656928 0.41731734187334013 0.11205187853514798
vt 0.38802083333333337 0.9374999999999998
vt 0.41198958333333335 0.9374999999999998
vt 0.41198958333333335 0.9068958333333332
vt 0.38802083333333337 0.9068958333333332
vt 0.3463541666666669 0.31108333333333305
vt 0.3463541666666669 0.4372916666666664
vt 0.36930729166666687 0.4372916666666664
vt 0.36930729166666687 0.31108333333333305
vt 0.38802083333333315 0.8541666666666663
vt 0.41198958333333313 0.8541666666666663
vt 0.41198958333333313 0.8235624999999996
vt 0.38802083333333315 0.8235624999999996
vt 0.38802083333333326 0.4256666666666665
vt 0.38802083333333326 0.5518749999999999
vt 0.4109739583333332 0.5518749999999999
vt 0.4109739583333332 0.4256666666666665
vt 0.3671875 0.7708333333333334
vt 0.39115625 0.7708333333333334
vt 0.39115625 0.644625
vt 0.3671875 0.644625
vt 0.37760416666666663 0.7395833333333333
vt 0.4015729166666666 0.7395833333333333
vt 0.4015729166666666 0.613375
vt 0.37760416666666663 0.613375
vn 0.16145748754475675 -0.38436623694963096 -0.9089521855460359
vn 0.9796090717243421 0.1740152366443946 0.10042292572400127
vn -0.16145748754475675 0.38436623694963096 0.9089521855460359
vn -0.9796090717243421 -0.1740152366443946 -0.10042292572400127
vn -0.11957234760222643 0.9066318400038549 -0.40462471548351664
vn 0.11957234760222643 -0.9066318400038549 0.40462471548351664
usemtl m_3722afce-2475-6df4-1e92-dcadf5eef328
f 4/4/1 7/3/1 5/2/1 2/1/1
f 3/8/2 4/7/2 2/6/2 1/5/2
f 8/12/3 3/11/3 1/10/3 6/9/3
f 7/16/4 8/15/4 6/14/4 5/13/4
f 6/20/5 1/19/5 2/18/5 5/17/5
f 7/24/6 4/23/6 3/22/6 8/21/6
o cube
v 0.5195499289300165 1.044987425904366 0.9724853895150476
v 1.0917550024786515 0.7734874389200845 0.7835914497089145
v 0.480936854534608 0.8763617921835811 1.0978851789966826
v 1.053141928083243 0.6048618051992996 0.9089912391905495
v 0.9920475329553473 0.675955402370968 0.6217378015205555
v 0.4198424594067123 0.9474553893552495 0.8106317413266888
v 0.9534344585599388 0.507329768650183 0.7471375910021902
v 0.38122938501130377 0.7788297556344645 0.9360315308083236
vt 0.4147283583333333 0.9374999999999998
vt 0.38802083333333337 0.9374999999999998
vt 0.38802083333333337 0.9018899666666665
vt 0.4147283583333333 0.9018899666666665
vt 0.38020833333333326 0.45833333333333226
vt 0.38020833333333326 0.3481804333333339
vt 0.40691585833333327 0.3481804333333339
vt 0.40691585833333327 0.45833333333333226
vt 0.4147283583333331 0.8541666666666663
vt 0.38802083333333315 0.8541666666666663
vt 0.38802083333333315 0.818556633333333
vt 0.4147283583333331 0.818556633333333
vt 0.3463541666666669 0.2916666666666664
vt 0.3463541666666669 0.18151376666666807
vt 0.3730616916666669 0.18151376666666807
vt 0.3730616916666669 0.2916666666666664
vt 0.39389502499999995 0.7708333333333334
vt 0.3671875 0.7708333333333334
vt 0.3671875 0.6606804333333349
vt 0.39389502499999995 0.6606804333333349
vt 0.4043116916666666 0.6354166666666667
vt 0.37760416666666663 0.6354166666666667
vt 0.37760416666666663 0.5252637666666684
vt 0.4043116916666666 0.5252637666666684
vn 0.8657739583624877 -0.4107926149081349 -0.28580566921999034
vn 0.46666374703058533 0.45648200530148625 0.7575283004900264
vn -0.8657739583624877 0.4107926149081349 0.28580566921999034
vn -0.46666374703058533 -0.45648200530148625 -0.7575283004900264
vn 0.18072188641313872 0.7892234198076429 -0.5869122535766365
vn -0.18072188641313872 -0.7892234198076429 0.5869122535766365
usemtl m_3722afce-2475-6df4-1e92-dcadf5eef328
f 12/28/7 15/27/7 13/26/7 10/25/7
f 11/32/8 12/31/8 10/30/8 9/29/8
f 16/36/9 11/35/9 9/34/9 14/33/9
f 15/40/10 16/39/10 14/38/10 13/37/10
f 14/44/11 9/43/11 10/42/11 13/41/11
f 15/48/12 12/47/12 11/46/12 16/45/12
o cube
v 0.5624529071288469 1.0482094428455906 1.3118209330682846
v 0.1066008746339816 1.084077937690496 0.9362479218531288
v 0.5161581379366589 0.8847188342863177 1.3523973379876217
v 0.06030610544179349 0.9205873291312232 0.9768243267724659
v -0.00295344891429683 1.1496562078575931 1.0754825136421324
v 0.45289858358056845 1.1137877130126874 1.4510555248572885
v -0.04924821810648505 0.98616559929832 1.1160589185614695
v 0.4066038143883802 0.9502971044534143 1.4916319297766254
vt 0.41163522608333336 0.9374999999999998
vt 0.38802083333333337 0.9374999999999998
vt 0.38802083333333337 0.9083839346666667
vt 0.41163522608333336 0.9083839346666667
vt 0.36458333333333326 0.45833333333333226
vt 0.36458333333333326 0.35971190349999904
vt 0.3864203823333332 0.35971190349999904
vt 0.3864203823333332 0.45833333333333226
vt 0.41163522608333314 0.8541666666666663
vt 0.38802083333333315 0.8541666666666663
vt 0.38802083333333315 0.8250506013333331
vt 0.41163522608333314 0.8250506013333331
vt 0.3463541666666669 0.2916666666666664
vt 0.3463541666666669 0.19304523683333308
vt 0.3681912156666668 0.19304523683333308
vt 0.3681912156666668 0.2916666666666664
vt 0.39080189275 0.7708333333333334
vt 0.3671875 0.7708333333333334
vt 0.3671875 0.6722119035
vt 0.39080189275 0.6722119035
vt 0.40121855941666673 0.6666666666666667
vt 0.37760416666666674 0.6666666666666667
vt 0.37760416666666674 0.5680452368333335
vt 0.40121855941666673 0.5680452368333335
vn -0.7703735271080524 0.060616465247499196 -0.634704870685579
vn 0.5799128772233542 -0.34713083066203804 -0.7370218729687842
vn 0.7703735271080524 -0.060616465247499196 0.634704870685579
vn -0.5799128772233542 0.34713083066203804 0.7370218729687842
vn 0.2650012897357856 0.9358556675816962 -0.23226813361627557
vn -0.2650012897357856 -0.9358556675816962 0.23226813361627557
usemtl m_3722afce-2475-6df4-1e92-dcadf5eef328
f 20/52/13 23/51/13 21/50/13 18/49/13
f 19/56/14 20/55/14 18/54/14 17/53/14
f 24/60/15 19/59/15 17/58/15 22/57/15
f 23/64/16 24/63/16 22/62/16 21/61/16
f 22/68/17 17/67/17 18/66/17 21/65/17
f 23/72/18 20/71/18 19/70/18 24/69/18
o cube
v 1.0693615355489599 0.777322126853496 0.7990132862270567
v 1.5021997001247809 0.35930089880754057 0.40105741215035695
v 1.0374240830767212 0.6429546919742095 0.9054187813753749
v 1.470262247652542 0.22493346392825408 0.5074629072986752
v 1.3664246009441166 0.3130778165170438 0.30193482678122263
v 0.9335864363682953 0.7310990445629995 0.6998907008579223
v 1.3344871484718777 0.17871038163775732 0.40834032192954095
v 0.9016489838960566 0.596731609683713 0.8062961960062407
vt 0.40981415865333337 0.9374999999999998
vt 0.38802083333333337 0.9374999999999998
vt 0.38802083333333337 0.9084422329066665
vt 0.40981415865333337 0.9084422329066665
vt 0.38802083333333326 0.45833333333333226
vt 0.38802083333333326 0.3380952013800007
vt 0.40981415865333326 0.3380952013800007
vt 0.40981415865333326 0.45833333333333226
vt 0.40981415865333315 0.8541666666666663
vt 0.38802083333333315 0.8541666666666663
vt 0.38802083333333315 0.825108899573333
vt 0.40981415865333315 0.825108899573333
vt 0.3785641586533335 0.23392853471333475
vt 0.3785641586533335 0.3541666666666664
vt 0.3567708333333335 0.3541666666666664
vt 0.3567708333333335 0.23392853471333475
vt 0.38898082532 0.7708333333333334
vt 0.3671875 0.7708333333333334
vt 0.3671875 0.6505952013800018
vt 0.38898082532 0.6505952013800018
vt 0.3889808253199998 0.6666666666666667
vt 0.3671874999999998 0.6666666666666667
vt 0.3671874999999998 0.5464285347133351
vt 0.3889808253199998 0.5464285347133351
vn 0.5999735102668591 -0.579435188675147 -0.5516218352304956
vn 0.7787653856572195 0.2651217839165487 0.5685375218884582
vn -0.5999735102668591 0.579435188675147 0.5516218352304956
vn -0.7787653856572195 -0.2651217839165487 -0.5685375218884582
vn 0.1831836812607098 0.7706914439760596 -0.610310115516588
vn -0.1831836812607098 -0.7706914439760596 0.610310115516588
usemtl m_3722afce-2475-6df4-1e92-dcadf5eef328
f 28/76/19 31/75/19 29/74/19 26/73/19
f 27/80/20 28/79/20 26/78/20 25/77/20
f 32/84/21 27/83/21 25/82/21 30/81/21
f 31/88/22 32/87/22 30/86/22 29/85/22
f 30/92/23 25/91/23 26/90/23 29/89/23
f 31/96/24 28/95/24 27/94/24 32/93/24
o cube
v 0.1043133876670298 1.0632300029288975 0.9328763799171444
v -0.34840893331875034 0.8517652175035448 0.8538661534544376
v 0.146170654078279 0.9347078121451637 1.037017312870189
v -0.30655166690750113 0.7232430267198111 0.9580070864074823
v -0.4120139885220071 0.9384251460501503 0.9863794430841619
v 0.040708332463773145 1.149889931475503 1.0653896695468688
v -0.37015672211075784 0.8099029552664163 1.0905203760372064
v 0.08256559887502224 1.021367740691769 1.1695306024999133
vt 0.40934984753333337 0.9374999999999998
vt 0.38802083333333337 0.9374999999999998
vt 0.38802083333333337 0.9090613143999998
vt 0.40934984753333337 0.9090613143999998
vt 0.38020833333333326 0.44791666666666563
vt 0.38020833333333326 0.3636028561333322
vt 0.40153734753333326 0.3636028561333322
vt 0.40153734753333326 0.44791666666666563
vt 0.40934984753333314 0.8541666666666663
vt 0.38802083333333315 0.8541666666666663
vt 0.38802083333333315 0.8257279810666663
vt 0.40934984753333314 0.8257279810666663
vt 0.37760416666666674 0.22916666666666652
vt 0.37760416666666674 0.14485285613333299
vt 0.39893318086666674 0.14485285613333299
vt 0.39893318086666674 0.22916666666666652
vt 0.3885165142 0.7708333333333334
vt 0.3671875 0.7708333333333334
vt 0.3671875 0.6865195227999998
vt 0.3885165142 0.6865195227999998
vt 0.3572665142 0.6770833333333333
vt 0.3359375 0.6770833333333333
vt 0.3359375 0.5927695227999998
vt 0.3572665142 0.5927695227999998
vn -0.8949153132447514 -0.41801136351549073 -0.15618284826436246
vn 0.3727613393593736 -0.5078758430535283 -0.7766022868377828
vn 0.8949153132447514 0.41801136351549073 0.15618284826436246
vn -0.3727613393593736 0.5078758430535283 0.7766022868377828
vn -0.2453070850975455 0.7532122064960103 -0.6103243449071627
vn 0.2453070850975455 -0.7532122064960103 0.6103243449071627
usemtl m_3722afce-2475-6df4-1e92-dcadf5eef328
f 36/100/25 39/99/25 37/98/25 34/97/25
f 35/104/26 36/103/26 34/102/26 33/101/26
f 40/108/27 35/107/27 33/106/27 38/105/27
f 39/112/28 40/111/28 38/110/28 37/109/28
f 38/116/29 33/115/29 34/114/29 37/113/29
f 39/120/30 36/119/30 35/118/30 40/117/30
o cube
v -0.06959514345665951 0.32331197498540665 0.051479774808800616
v 0.24631190014809023 0.5915604126285778 0.02201872745518474
v 0.024987942360085946 0.22549041867297193 0.17499824049911283
v 0.3408949859648357 0.4937388563161432 0.14553719314549685
v 0.319123622585192 0.49093700232811077 -0.11342576576524865
v 0.003216578980442253 0.22268856468493947 -0.08396471841163272
v 0.41370670840193746 0.39311544601567605 0.010092699925063453
v 0.09779966479718771 0.12486700837250464 0.03955374727867944
vt 0.38802083333333337 0.9374999999999998
vt 0.41099222463333335 0.9374999999999998
vt 0.41099222463333335 0.9068714782666667
vt 0.38802083333333337 0.9068714782666667
vt 0.3463541666666669 0.22242023919999976
vt 0.3463541666666669 0.2916666666666664
vt 0.3693255579666668 0.2916666666666664
vt 0.3693255579666668 0.22242023919999976
vt 0.38802083333333315 0.8541666666666663
vt 0.4109922246333331 0.8541666666666663
vt 0.4109922246333331 0.8235381449333331
vt 0.38802083333333315 0.8235381449333331
vt 0.33333333333333326 0.3890869058666656
vt 0.33333333333333326 0.45833333333333226
vt 0.3563047246333332 0.45833333333333226
vt 0.3563047246333332 0.3890869058666656
vt 0.3671875 0.7708333333333334
vt 0.3901588913 0.7708333333333334
vt 0.3901588913 0.7015869058666666
vt 0.3671875 0.7015869058666666
vt 0.3359375 0.71875
vt 0.35890889130000003 0.71875
vt 0.35890889130000003 0.6495035725333334
vt 0.3359375 0.6495035725333334
vn 0.760344986165096 0.6456372491136789 -0.07090870588666266
vn -0.39620870959773874 0.5475474307713531 0.7370281334485035
vn -0.760344986165096 -0.6456372491136789 0.07090870588666266
vn 0.39620870959773874 -0.5475474307713531 -0.7370281334485035
vn -0.514678696326645 0.5323009990715886 -0.6721320450141429
vn 0.514678696326645 -0.5323009990715886 0.6721320450141429
usemtl m_3722afce-2475-6df4-1e92-dcadf5eef328
f 44/124/31 47/123/31 45/122/31 42/121/31
f 43/128/32 44/127/32 42/126/32 41/125/32
f 48/132/33 43/131/33 41/130/33 46/129/33
f 47/136/34 48/135/34 46/134/34 45/133/34
f 46/140/35 41/139/35 42/138/35 45/137/35
f 47/144/36 44/143/36 43/142/36 48/141/36
o cube
v 1.23080007960593 0.5436277655465138 0.5880162139562044
v 1.0377457739746951 0.023397343100884038 0.2795779209082112
v 1.2197310168524598 0.4661533584492632 0.725617396148531
v 1.026676711221225 -0.05407706399636658 0.41717910310053785
v 0.8873491580748492 0.07061838280515154 0.2940666952234807
v 1.080403463706084 0.5908488052507812 0.6025049882714741
v 0.876280095321379 -0.006856024292099083 0.43166787741580737
v 1.0693344009526138 0.5133743981535308 0.7401061704638006
vt 0.4078083346149334 0.9374999999999998
vt 0.38802083333333337 0.9374999999999998
vt 0.38802083333333337 0.9111166649578665
vt 0.4078083346149334 0.9111166649578665
vt 0.36458333333333326 0.45833333333333226
vt 0.36458333333333326 0.3525237772144001
vt 0.38437083461493327 0.3525237772144001
vt 0.38437083461493327 0.45833333333333226
vt 0.40780833461493315 0.8541666666666663
vt 0.38802083333333315 0.8541666666666663
vt 0.38802083333333315 0.827783331624533
vt 0.40780833461493315 0.827783331624533
vt 0.34530833461493343 0.09210711054773446
vt 0.34530833461493343 0.19791666666666663
vt 0.3255208333333334 0.19791666666666663
vt 0.3255208333333334 0.09210711054773446
vt 0.3869750012816 0.7708333333333334
vt 0.3671875 0.7708333333333334
vt 0.3671875 0.6650237772144012
vt 0.3869750012816 0.6650237772144012
vt 0.3869750012815998 0.6666666666666667
vt 0.3671874999999998 0.6666666666666667
vt 0.3671874999999998 0.5608571105477345
vt 0.3869750012815998 0.5608571105477345
vn -0.3040908476077493 -0.8194446096167972 -0.4858387470871126
vn 0.9500733174916876 -0.29830092637932865 -0.09152731128779744
vn 0.3040908476077493 0.8194446096167972 0.4858387470871126
vn -0.9500733174916876 0.29830092637932865 0.09152731128779744
vn 0.06992458645955388 0.48941504787982293 -0.8692430403041783
vn -0.06992458645955388 -0.48941504787982293 0.8692430403041783
usemtl m_3722afce-2475-6df4-1e92-dcadf5eef328
f 52/148/37 55/147/37 53/146/37 50/145/37
f 51/152/38 52/151/38 50/150/38 49/149/38
f 56/156/39 51/155/39 49/154/39 54/153/39
f 55/160/40 56/159/40 54/158/40 53/157/40
f 54/164/41 49/163/41 50/162/41 53/161/41
f 55/168/42 52/167/42 51/166/42 56/165/42
o cube
v 0.6243953845909584 1.1247941838683608 1.4709066267376283
v 0.5301608578378159 0.9516683994075601 0.40675796267680875
v 0.6235119691767859 0.895448757803992 1.508296942937938
v 0.5292774424236435 0.7223229733431913 0.4441482788771186
v 0.2986701148687466 0.9557927182665014 0.42658639021350586
v 0.3929046416218891 1.128918502727302 1.4907350542743254
v 0.29778669945457403 0.7264472922021326 0.4639767064138157
v 0.3920212262077165 0.8995730766629331 1.5281253704746351
vt 0.38802083333333337 0.9374999999999998
vt 0.4170677083333334 0.9374999999999998
vt 0.4170677083333334 0.8987708333333332
vt 0.38802083333333337 0.8987708333333332
vt 0.3463541666666669 0.2569166666666677
vt 0.3463541666666669 0.4372916666666664
vt 0.3754010416666669 0.4372916666666664
vt 0.3754010416666669 0.2569166666666677
vt 0.38802083333333315 0.8541666666666663
vt 0.4170677083333332 0.8541666666666663
vt 0.4170677083333332 0.8154374999999996
vt 0.38802083333333315 0.8154374999999996
vt 0.38802083333333326 0.34025000000000116
vt 0.38802083333333326 0.5206249999999999
vt 0.4170677083333333 0.5206249999999999
vt 0.4170677083333333 0.34025000000000116
vt 0.3671875 0.7708333333333334
vt 0.396234375 0.7708333333333334
vt 0.396234375 0.5904583333333346
vt 0.3671875 0.5904583333333346
vt 0.33854166666666663 0.6875
vt 0.36758854166666666 0.6875
vt 0.36758854166666666 0.5071250000000014
vt 0.33854166666666663 0.5071250000000014
vn -0.0870727897926941 -0.15996838481016576 -0.9832743488665532
vn 0.9961946980917455 -0.017748548075056124 -0.08532943533812612
vn 0.0870727897926941 0.15996838481016576 0.9832743488665532
vn -0.9961946980917455 0.017748548075056124 0.08532943533812612
vn 0.00380168010402401 0.9869625650967996 -0.16090507240585214
vn -0.00380168010402401 -0.9869625650967996 0.16090507240585214
usemtl m_3722afce-2475-6df4-1e92-dcadf5eef328
f 60/172/43 63/171/43 61/170/43 58/169/43
f 59/176/44 60/175/44 58/174/44 57/173/44
f 64/180/45 59/179/45 57/178/45 62/177/45
f 63/184/46 64/183/46 62/182/46 61/181/46
f 62/188/47 57/187/47 58/186/47 61/185/47
f 63/192/48 60/191/48 59/190/48 64/189/48
o cube
v 1.4806637221718488 0.3713746008608396 0.45242224165060785
v 1.9323348512826604 0.1553473132471479 -0.2760388149376015
v 1.4675336913088848 0.20264673541217704 0.49431791606802555
v 1.9192048204196959 -0.013380552201514684 -0.2341431405201838
v 1.783044219182118 0.1447600911754543 -0.36546451437596084
v 1.3313730900713066 0.36078737878914613 0.36299654221224853
v 1.7699141883191536 -0.023967774273208176 -0.32356883995854313
v 1.3182430592083425 0.19205951334048355 0.40489221662966624
vt 0.4098141586533334 0.9374999999999998
vt 0.38802083333333337 0.9374999999999998
vt 0.38802083333333337 0.9084422329066665
vt 0.4098141586533334 0.9084422329066665
vt 0.39583333333333326 0.44791666666666563
vt 0.39583333333333326 0.3005952013799994
vt 0.41762665865333326 0.3005952013799994
vt 0.41762665865333326 0.44791666666666563
vt 0.4098141586533332 0.8541666666666663
vt 0.38802083333333315 0.8541666666666663
vt 0.38802083333333315 0.825108899573333
vt 0.4098141586533332 0.825108899573333
vt 0.3785641586533335 0.20684520138000018
vt 0.3785641586533335 0.3541666666666664
vt 0.3567708333333335 0.3541666666666664
vt 0.3567708333333335 0.20684520138000018
vt 0.3889808253200002 0.6145833333333333
vt 0.36718750000000017 0.6145833333333333
vt 0.36718750000000017 0.46726186804666703
vt 0.3889808253200002 0.46726186804666703
vt 0.3889808253199998 0.6666666666666667
vt 0.3671874999999998 0.6666666666666667
vt 0.3671874999999998 0.5193452013800004
vt 0.3889808253199998 0.5193452013800004
vn 0.5109813520520412 -0.24439444629169058 -0.8241173535831207
vn 0.8562864426862868 0.060725141277416225 0.512919082593446
vn -0.5109813520520412 0.24439444629169058 0.8241173535831207
vn -0.8562864426862868 -0.060725141277416225 -0.512919082593446
vn 0.07530993245736178 0.9677726033726187 -0.2403010658208818
vn -0.07530993245736178 -0.9677726033726187 0.2403010658208818
usemtl m_3722afce-2475-6df4-1e92-dcadf5eef328
f 68/196/49 71/195/49 69/194/49 66/193/49
f 67/200/50 68/199/50 66/198/50 65/197/50
f 72/204/51 67/203/51 65/202/51 70/201/51
f 71/208/52 72/207/52 70/206/52 69/205/52
f 70/212/53 65/211/53 66/210/53 69/209/53
f 71/216/54 68/215/54 67/214/54 72/213/54
o cube
v 0.5241506752281171 0.9292024453177801 0.3924104619635663
v 0.40388997097611856 0.5566555186529873 -0.05533244746709132
v 0.5412789774334925 0.7488195374675686 0.5378984973618888
v 0.4210182731814941 0.37627261080277563 0.09015558793123102
v 0.17696052427320208 0.5731791298075892 -0.00812930013007862
v 0.2972212285252006 0.9457260564723822 0.439613609300579
v 0.19408882647857773 0.3927962219573776 0.13735873526824371
v 0.31434953073057614 0.7653431486221705 0.5851016446989012
vt 0.38802083333333337 0.9374999999999998
vt 0.4170677083333334 0.9374999999999998
vt 0.4170677083333334 0.8987708333333332
vt 0.38802083333333337 0.8987708333333332
vt 0.3463541666666669 0.3381666666666665
vt 0.3463541666666669 0.4372916666666664
vt 0.37540104166666693 0.4372916666666664
vt 0.37540104166666693 0.3381666666666665
vt 0.38802083333333315 0.8541666666666663
vt 0.4170677083333332 0.8541666666666663
vt 0.4170677083333332 0.8154374999999996
vt 0.38802083333333315 0.8154374999999996
vt 0.36458333333333326 0.15066666666666662
vt 0.36458333333333326 0.24979166666666652
vt 0.3936302083333333 0.24979166666666652
vt 0.3936302083333333 0.15066666666666662
vt 0.3671875 0.7708333333333334
vt 0.396234375 0.7708333333333334
vt 0.396234375 0.6717083333333334
vt 0.3671875 0.6717083333333334
vt 0.37760416666666663 0.7395833333333333
vt 0.40665104166666666 0.7395833333333333
vt 0.40665104166666666 0.6404583333333334
vt 0.37760416666666663 0.6404583333333334
vn -0.20220379025136384 -0.6263924786293286 -0.7528254046753394
vn 0.9765656662847398 -0.07110752514083672 -0.20313350118133475
vn 0.20220379025136384 0.6263924786293286 0.7528254046753394
vn -0.9765656662847398 0.07110752514083672 0.20313350118133475
vn -0.07370974590801763 0.7762578067787475 -0.6260915993472714
vn 0.07370974590801763 -0.7762578067787475 0.6260915993472714
usemtl m_3722afce-2475-6df4-1e92-dcadf5eef328
f 76/220/55 79/219/55 77/218/55 74/217/55
f 75/224/56 76/223/56 74/222/56 73/221/56
f 80/228/57 75/227/57 73/226/57 78/225/57
f 79/232/58 80/231/58 78/230/58 77/229/58
f 78/236/59 73/235/59 74/234/59 77/233/59
f 79/240/60 76/239/60 75/238/60 80/237/60
o cube
v 0.4821130053792936 0.3189370770202642 -0.5883146237822608
v 0.6555036195583401 0.12732966362889164 -0.875876425545298
v 0.47967144347923174 0.19131229921535353 -0.5047482060761921
v 0.6530620576582782 -0.0002951141760191289 -0.7923100078392292
v 0.5264214952983228 0.0935664698786024 -0.9312118368728712
v 0.35303088111927616 0.28517388326997506 -0.6436500351098341
v 0.5239799333982609 -0.03405830792630832 -0.8476454191668025
v 0.3505893192192143 0.1575491054650643 -0.5600836174037653
vt 0.38802083333333337 0.9374999999999998
vt 0.4060763708333333 0.9374999999999998
vt 0.4060763708333333 0.9120717833333333
vt 0.38802083333333337 0.9120717833333333
vt 0.3463541666666669 0.22723119166666617
vt 0.3463541666666669 0.2916666666666664
vt 0.3654253291666668 0.2916666666666664
vt 0.3654253291666668 0.22723119166666617
vt 0.38802083333333315 0.8541666666666663
vt 0.4060763708333331 0.8541666666666663
vt 0.4060763708333331 0.8287384499999997
vt 0.38802083333333315 0.8287384499999997
vt 0.37239583333333326 0.3834811916666654
vt 0.37239583333333326 0.44791666666666563
vt 0.3914669958333332 0.44791666666666563
vt 0.3914669958333332 0.3834811916666654
vt 0.3671875 0.6041666666666667
vt 0.38524303749999994 0.6041666666666667
vt 0.38524303749999994 0.5397311916666665
vt 0.3671875 0.5397311916666665
vt 0.32552083333333337 0.6979166666666667
vt 0.34357637083333337 0.6979166666666667
vt 0.34357637083333337 0.6334811916666665
vt 0.32552083333333337 0.6334811916666665
vn 0.44848642299149094 -0.49560539281447036 -0.743797837456867
vn 0.8936463692926466 0.2337454212474242 0.3830916922825854
vn -0.44848642299149094 0.49560539281447036 0.743797837456867
vn -0.8936463692926466 -0.2337454212474242 -0.3830916922825854
vn 0.01600296979839233 0.8365036596806249 -0.5477276077564038
vn -0.01600296979839233 -0.8365036596806249 0.5477276077564038
usemtl m_3722afce-2475-6df4-1e92-dcadf5eef328
f 84/244/61 87/243/61 85/242/61 82/241/61
f 83/248/62 84/247/62 82/246/62 81/245/62
f 88/252/63 83/251/63 81/250/63 86/249/63
f 87/256/64 88/255/64 86/254/64 85/253/64
f 86/260/65 81/259/65 82/258/65 85/257/65
f 87/264/66 84/263/66 83/262/66 88/261/66
o cube
v 0.37939136390128037 0.5081202674262033 -0.15686086482116496
v -0.0238535811420999 0.4443883672314194 -0.8892637656855195
v 0.3727513295998639 0.3702273341646074 -0.1412059037148894
v -0.03049361544351631 0.30649543396982326 -0.8736088045792438
v -0.1490451076126832 0.4581066104007301 -0.8215297896888831
v 0.2541998374306971 0.5218385105955141 -0.08912688882452868
v -0.15568514191409966 0.32021367713913396 -0.8058748285826076
v 0.2475598031292806 0.383945577333918 -0.07347192771825306
vt 0.38802083333333337 0.9374999999999998
vt 0.40589583333333334 0.9374999999999998
vt 0.40589583333333334 0.9143437499999998
vt 0.38802083333333337 0.9143437499999998
vt 0.3463541666666669 0.2975416666666666
vt 0.3463541666666669 0.4372916666666664
vt 0.3637213541666669 0.4372916666666664
vt 0.3637213541666669 0.2975416666666666
vt 0.38802083333333315 0.8541666666666663
vt 0.4058958333333331 0.8541666666666663
vt 0.4058958333333331 0.8310104166666663
vt 0.38802083333333315 0.8310104166666663
vt 0.37239583333333326 0.4121250000000001
vt 0.37239583333333326 0.5518749999999999
vt 0.38976302083333325 0.5518749999999999
vt 0.38976302083333325 0.4121250000000001
vt 0.40885416666666663 0.3333333333333335
vt 0.4267291666666666 0.3333333333333335
vt 0.4267291666666666 0.19358333333333366
vt 0.40885416666666663 0.19358333333333366
vt 0.37760416666666663 0.7395833333333333
vt 0.3954791666666666 0.7395833333333333
vt 0.3954791666666666 0.5998333333333334
vt 0.37760416666666663 0.5998333333333334
vn -0.48091227792889774 -0.07600703660677899 -0.8734679795639302
vn 0.8754652200740092 -0.09593177041475992 -0.4736641678086453
vn 0.48091227792889774 0.07600703660677899 0.8734679795639302
vn -0.8754652200740092 0.09593177041475992 0.4736641678086453
vn 0.04779151993821994 0.9924817508706876 -0.11267628326604126
vn -0.04779151993821994 -0.9924817508706876 0.11267628326604126
usemtl m_3722afce-2475-6df4-1e92-dcadf5eef328
f 92/268/67 95/267/67 93/266/67 90/265/67
f 91/272/68 92/271/68 90/270/68 89/269/68
f 96/276/69 91/275/69 89/274/69 94/273/69
f 95/280/70 96/279/70 94/278/70 93/277/70
f 94/284/71 89/283/71 90/282/71 93/281/71
f 95/288/72 92/287/72 91/286/72 96/285/72
o cube
v -0.023957184085897976 0.44844348998079286 -0.8902765420599859
v -0.3366707506641532 0.1442247861216095 -1.40664579511456
v -0.0045221127900997304 0.32508825542556485 -0.8293717555666247
v -0.31723567936835495 0.020869551566381483 -1.3457410086211987
v -0.46186227713473665 0.1579430292909203 -1.338911819117924
v -0.14914871055648138 0.46216173315010356 -0.8225425660633499
v -0.44242720583893835 0.03458779473569218 -1.2780070326245625
v -0.12971363926068313 0.33880649859487555 -0.7616377795699886
vt 0.38802083333333337 0.9374999999999998
vt 0.40589583333333334 0.9374999999999998
vt 0.40589583333333334 0.9143437499999998
vt 0.38802083333333337 0.9143437499999998
vt 0.39843750000000033 0.24129166666666746
vt 0.39843750000000033 0.35395833333333315
vt 0.4158046875000003 0.35395833333333315
vt 0.4158046875000003 0.24129166666666746
vt 0.38802083333333315 0.8541666666666663
vt 0.4058958333333331 0.8541666666666663
vt 0.4058958333333331 0.8310104166666663
vt 0.38802083333333315 0.8310104166666663
vt 0.38020833333333326 0.4183750000000007
vt 0.38020833333333326 0.5310416666666666
vt 0.39757552083333325 0.5310416666666666
vt 0.39757552083333325 0.4183750000000007
vt 0.3671875 0.7708333333333334
vt 0.3850625 0.7708333333333334
vt 0.3850625 0.6581666666666675
vt 0.3671875 0.6581666666666675
vt 0.37760416666666663 0.7395833333333333
vt 0.3954791666666666 0.7395833333333333
vt 0.3954791666666666 0.6269166666666675
vt 0.37760416666666663 0.6269166666666675
vn -0.46259403339978944 -0.450027668430748 -0.7638598417967128
vn 0.87546522007401 -0.09593177041475995 -0.47366416780864384
vn 0.46259403339978944 0.450027668430748 0.7638598417967128
vn -0.87546522007401 0.09593177041475995 0.47366416780864384
vn -0.13988355408581749 0.8878469423678131 -0.4383610363894649
vn 0.13988355408581749 -0.8878469423678131 0.4383610363894649
usemtl m_3722afce-2475-6df4-1e92-dcadf5eef328
f 100/292/73 103/291/73 101/290/73 98/289/73
f 99/296/74 100/295/74 98/294/74 97/293/74
f 104/300/75 99/299/75 97/298/75 102/297/75
f 103/304/76 104/303/76 102/302/76 101/301/76
f 102/308/77 97/307/77 98/306/77 101/305/77
f 103/312/78 100/311/78 99/310/78 104/309/78