# Made in Blockbench 4.8.1
mtllib pine_twig_branch_down_9.mtl

o cube
v 0.7412186029190355 0.361702650426444 0.08832773491060908
v 0.7226919160591652 0.3797205718852874 0.047742397591581054
v 0.717790748338587 0.3186815599091055 0.07992297282317606
v 0.6992640614787167 0.3366994813679488 0.03933763550414804
v 0.5321313572229953 0.4595733282794633 0.17018160403011595
v 0.5506580440828659 0.44155540682062 0.21076694134914398
v 0.5087035026425468 0.4165522377621247 0.16177684194268305
v 0.5272301895024174 0.3985343163032814 0.20236217926171096
vt 0.34996278750000004 0.5180093333333338
vt 0.34996278750000004 0.5580375
vt 0.34375 0.5580375
vt 0.34375 0.5180093333333338
vt 0.34996278750000004 0.5500183333333333
vt 0.34996278750000004 0.5580375
vt 0.34375 0.5580375
vt 0.34375 0.5500183333333333
vt 0.34996278750000004 0.5180093333333338
vt 0.34996278750000004 0.5580375
vt 0.34375 0.5580375
vt 0.34375 0.5180093333333338
vt 0.34996278750000004 0.5500183333333333
vt 0.34996278750000004 0.5580375
vt 0.34375 0.5580375
vt 0.34375 0.5500183333333333
vt 0.349764375 0.5180093333333338
vt 0.349764375 0.5580375
vt 0.34375 0.5580375
vt 0.34375 0.5180093333333338
vt 0.349764375 0.5180093333333338
vt 0.349764375 0.5580375
vt 0.34375 0.5580375
vt 0.34375 0.5180093333333338
vn -0.38505012698473057 0.3744761812084222 -0.8435069587244672
vn 0.7934436119406386 -0.33248569296693825 -0.509804372914639
vn 0.38505012698473057 -0.3744761812084222 0.8435069587244672
vn -0.7934436119406386 0.33248569296693825 0.509804372914639
vn 0.47136359042636744 0.8655754465555571 0.16910207550622197
vn -0.47136359042636744 -0.8655754465555571 -0.16910207550622197
usemtl m_890a103a-2c95-a057-8483-4c3958a0f191
f 4/4/1 7/3/1 5/2/1 2/1/1
f 3/8/2 4/7/2 2/6/2 1/5/2
f 8/12/3 3/11/3 1/10/3 6/9/3
f 7/16/4 8/15/4 6/14/4 5/13/4
f 6/20/5 1/19/5 2/18/5 5/17/5
f 7/24/6 4/23/6 3/22/6 8/21/6
o cube
v 0.59782065838424 0.4212807321278208 0.21101650243579928
v 0.5802724522720695 0.4435380891132429 0.14646481367192354
v 0.5415541996298392 0.3755076500691281 0.21052987826096026
v 0.5240059935176689 0.3977650070545502 0.14597818949708463
v 0.38683924513474555 0.6798900100754435 0.2805430234378836
v 0.4043874512469159 0.6576326530900212 0.34509471220175925
v 0.3305727863803448 0.6341169280167507 0.2800563992630446
v 0.34812099249251516 0.6118595710313286 0.3446080880269202
vt 0.39969187500000003 0.48161250000000055
vt 0.39969187500000003 0.5372041666666667
vt 0.390625 0.5372041666666667
vt 0.390625 0.48161250000000055
vt 0.35281687500000003 0.5462875
vt 0.35281687500000003 0.5580375
vt 0.34375 0.5580375
vt 0.34375 0.5462875
vt 0.35281687500000003 0.5024458333333339
vt 0.35281687500000003 0.5580375
vt 0.34375 0.5580375
vt 0.34375 0.5024458333333339
vt 0.35281687500000003 0.5462875
vt 0.35281687500000003 0.5580375
vt 0.34375 0.5580375
vt 0.34375 0.5462875
vt 0.3525625 0.3774458333333338
vt 0.3525625 0.4330375000000001
vt 0.34375 0.4330375000000001
vt 0.34375 0.3774458333333338
vt 0.3681875 0.3357791666666672
vt 0.3681875 0.39137083333333333
vt 0.359375 0.39137083333333333
vt 0.359375 0.3357791666666672
vn -0.24891072499532477 0.31570719128258307 -0.9156267909769593
vn 0.5799226716753885 -0.7085951760221936 -0.401973346622579
vn 0.24891072499532477 -0.31570719128258307 0.9156267909769593
vn -0.5799226716753885 0.7085951760221936 0.401973346622579
vn 0.7757146033556295 0.6310482120175438 0.006708818843854519
vn -0.7757146033556295 -0.6310482120175438 -0.006708818843854519
usemtl m_890a103a-2c95-a057-8483-4c3958a0f191
f 12/28/7 15/27/7 13/26/7 10/25/7
f 11/32/8 12/31/8 10/30/8 9/29/8
f 16/36/9 11/35/9 9/34/9 14/33/9
f 15/40/10 16/39/10 14/38/10 13/37/10
f 14/44/11 9/43/11 10/42/11 13/41/11
f 15/48/12 12/47/12 11/46/12 16/45/12
o cube
v 0.43777296753619854 0.6714679755551716 0.3503666401227892
v 0.3932214060411132 0.719256220767847 0.2611079138667931
v 0.3783060740694866 0.595019318005066 0.3391183927626277
v 0.33375451257440125 0.6428075632177412 0.2498596665066315
v 0.01601831481026117 0.9655657389700509 0.581252369964169
v 0.060569876305346604 0.9177774937573755 0.670511096220165
v -0.04344857865645074 0.8891170814199452 0.5700041226040073
v 0.0011029828386346363 0.8413288362072697 0.6592628488600036
vt 0.38718812929687507 0.5580375
vt 0.38718812929687507 0.4659260000000005
vt 0.375 0.4659260000000005
vt 0.375 0.5580375
vt 0.35593812929687507 0.5580375
vt 0.35593812929687507 0.5396016666666668
vt 0.34375 0.5396016666666668
vt 0.34375 0.5580375
vt 0.35593812929687507 0.5580375
vt 0.35593812929687507 0.4659260000000005
vt 0.34375 0.4659260000000005
vt 0.34375 0.5580375
vt 0.35593812929687507 0.5580375
vt 0.35593812929687507 0.5396016666666668
vt 0.34375 0.5396016666666668
vt 0.34375 0.5580375
vt 0.34375 0.4659260000000005
vt 0.34375 0.5580375
vt 0.357576875 0.5580375
vt 0.357576875 0.4659260000000005
vt 0.34375 0.4659260000000005
vt 0.34375 0.5580375
vt 0.357576875 0.5580375
vt 0.357576875 0.4659260000000005
vn -0.4027623875160272 0.43202319045947946 -0.806931485386214
vn 0.6825117588119722 -0.44567275928667105 -0.5792697909551242
vn 0.4027623875160272 -0.43202319045947946 0.806931485386214
vn -0.6825117588119722 0.44567275928667105 0.5792697909551242
vn 0.6098853648725946 0.7840483113526983 0.11536068298690369
vn -0.6098853648725946 -0.7840483113526983 -0.11536068298690369
usemtl m_890a103a-2c95-a057-8483-4c3958a0f191
f 20/52/13 23/51/13 21/50/13 18/49/13
f 19/56/14 20/55/14 18/54/14 17/53/14
f 24/60/15 19/59/15 17/58/15 22/57/15
f 23/64/16 24/63/16 22/62/16 21/61/16
f 22/68/17 17/67/17 18/66/17 21/65/17
f 23/72/18 20/71/18 19/70/18 24/69/18
o cube
v 1.5162383974962759 0.07296623604442276 1.2254956988658083
v 1.5304052080646722 0.09927151048114768 1.1782175932419805
v 1.497637120472296 0.02122385514907854 1.191132682921029
v 1.511803931040692 0.047529129585803576 1.1438545772972009
v 1.193037016388696 0.2368534523871848 1.1536755666825387
v 1.1788702058202998 0.21054817795045988 1.2009536723063665
v 1.1744357393647162 0.1851110714918407 1.1193125507377593
v 1.16026892879632 0.15880579705511566 1.166590656361587
vt 0.39091737734375004 0.5476208333333334
vt 0.39091737734375004 0.48675933333333365
vt 0.3828125 0.48675933333333365
vt 0.3828125 0.5476208333333334
vt 0.35185487734375004 0.5580375
vt 0.35185487734375004 0.54871625
vt 0.34375 0.54871625
vt 0.34375 0.5580375
vt 0.35185487734375004 0.5580375
vt 0.35185487734375004 0.4971760000000004
vt 0.34375 0.4971760000000004
vt 0.34375 0.5580375
vt 0.35185487734375004 0.5580375
vt 0.35185487734375004 0.54871625
vt 0.34375 0.54871625
vt 0.34375 0.5580375
vt 0.34375 0.4971760000000004
vt 0.34375 0.5580375
vt 0.35074093750000007 0.5580375
vt 0.35074093750000007 0.4971760000000004
vt 0.390625 0.382592666666667
vt 0.390625 0.4434541666666667
vt 0.39761593750000007 0.4434541666666667
vt 0.39761593750000007 0.382592666666667
vn 0.2533067018621621 0.47034597356800695 -0.8453463076988492
vn 0.9238686517091478 -0.3767623809962999 0.0672073110243255
vn -0.2533067018621621 -0.47034597356800695 0.8453463076988492
vn -0.9238686517091478 0.3767623809962999 -0.0672073110243255
vn 0.286883999520425 0.7980130158176386 0.5299743365530091
vn -0.286883999520425 -0.7980130158176386 -0.5299743365530091
usemtl m_890a103a-2c95-a057-8483-4c3958a0f191
f 28/76/19 31/75/19 29/74/19 26/73/19
f 27/80/20 28/79/20 26/78/20 25/77/20
f 32/84/21 27/83/21 25/82/21 30/81/21
f 31/88/22 32/87/22 30/86/22 29/85/22
f 30/92/23 25/91/23 26/90/23 29/89/23
f 31/96/24 28/95/24 27/94/24 32/93/24
o cube
v 1.1960137806295095 0.20465123605534064 1.2188889224329846
v 1.2352655176831386 0.23246221509116893 1.1557648081157004
v 1.156391659093194 0.15252404392281216 1.1712851599700245
v 1.1956433961468231 0.18033502295864046 1.1081610456527402
v 0.8832174757501579 0.5658375427292086 1.0837320679597024
v 0.8439657386965287 0.5380265636933803 1.1468561822769867
v 0.8435953542138421 0.5137103505966802 1.0361283054967423
v 0.804343617160213 0.48589937156085183 1.0992524198140265
vt 0.39293153750000004 0.5476208333333334
vt 0.39293153750000004 0.4659260000000004
vt 0.3828125 0.4659260000000004
vt 0.3828125 0.5476208333333334
vt 0.35386903750000004 0.5580375
vt 0.35386903750000004 0.54481
vt 0.34375 0.54481
vt 0.34375 0.5580375
vt 0.35386903750000004 0.5580375
vt 0.35386903750000004 0.47634266666666714
vt 0.34375 0.47634266666666714
vt 0.34375 0.5580375
vt 0.35386903750000004 0.5580375
vt 0.35386903750000004 0.54481
vt 0.34375 0.54481
vt 0.34375 0.5580375
vt 0.34375 0.47634266666666714
vt 0.34375 0.5580375
vt 0.35367062500000007 0.5580375
vt 0.35367062500000007 0.47634266666666714
vt 0.390625 0.36175933333333377
vt 0.390625 0.4434541666666667
vt 0.40054562500000007 0.4434541666666667
vt 0.40054562500000007 0.36175933333333377
vn 0.4945723814481044 0.35041868627012024 -0.7953646357624118
vn 0.7182176798879214 -0.680123238389293 0.14695490770733804
vn -0.4945723814481044 -0.35041868627012024 0.7953646357624118
vn -0.7182176798879214 0.680123238389293 -0.14695490770733804
vn 0.4894502260752998 0.6439247820324857 0.5880470655306885
vn -0.4894502260752998 -0.6439247820324857 -0.5880470655306885
usemtl m_890a103a-2c95-a057-8483-4c3958a0f191
f 36/100/25 39/99/25 37/98/25 34/97/25
f 35/104/26 36/103/26 34/102/26 33/101/26
f 40/108/27 35/107/27 33/106/27 38/105/27
f 39/112/28 40/111/28 38/110/28 37/109/28
f 38/116/29 33/115/29 34/114/29 37/113/29
f 39/120/30 36/119/30 35/118/30 40/117/30
o cube
v 0.8434383477668916 0.5379925143785149 1.1572778390028557
v 0.9165415158607788 0.5673494415317504 1.0928793907082228
v 0.8428175799396262 0.4438265466197765 1.113646297792798
v 0.9159207480335132 0.47318347377301173 1.049247849498165
v 0.554128340853983 0.726701064183672 0.7541215812931634
v 0.4810251727600958 0.6973441370304365 0.8185200295877963
v 0.5535075730267174 0.6325350964249332 0.7104900400831053
v 0.4804044049328302 0.6031781692716982 0.7748884883777385
vt 0.4114106250000001 0.5580375
vt 0.4114106250000001 0.4711958333333339
vt 0.3984375 0.4711958333333339
vt 0.3984375 0.5580375
vt 0.3567231250000001 0.5580375
vt 0.3567231250000001 0.5410791666666668
vt 0.34375 0.5410791666666668
vt 0.34375 0.5580375
vt 0.3567231250000001 0.5580375
vt 0.3567231250000001 0.4711958333333339
vt 0.34375 0.4711958333333339
vt 0.34375 0.5580375
vt 0.3567231250000001 0.5580375
vt 0.3567231250000001 0.5410791666666668
vt 0.34375 0.5410791666666668
vt 0.34375 0.5580375
vt 0.40625 0.12744583333333404
vt 0.40625 0.21428750000000008
vt 0.41896875 0.21428750000000008
vt 0.41896875 0.12744583333333404
vt 0.3828125 0.2420291666666673
vt 0.3828125 0.32887083333333333
vt 0.39553125 0.32887083333333333
vt 0.39553125 0.2420291666666673
vn 0.7184586544853775 0.288520168582165 -0.6329085827482357
vn 0.6955439497299649 -0.3058278910889984 0.6501445339507946
vn -0.7184586544853775 -0.288520168582165 0.6329085827482357
vn -0.6955439497299649 0.3058278910889984 -0.6501445339507946
vn 0.005981286575763356 0.9073177025460128 0.42040315276829665
vn -0.005981286575763356 -0.9073177025460128 -0.42040315276829665
usemtl m_890a103a-2c95-a057-8483-4c3958a0f191
f 44/124/31 47/123/31 45/122/31 42/121/31
f 43/128/32 44/127/32 42/126/32 41/125/32
f 48/132/33 43/131/33 41/130/33 46/129/33
f 47/136/34 48/135/34 46/134/34 45/133/34
f 46/140/35 41/139/35 42/138/35 45/137/35
f 47/144/36 44/143/36 43/142/36 48/141/36
o cube
v 1.2750447218406211 0.15960964346628836 0.5502026377590217
v 1.2663498966840052 0.15648654545899054 0.4845644765003485
v 1.2256066572507716 0.10834366996160338 0.5591907625948151
v 1.2169118320941557 0.10522057195430545 0.49355260133614187
v 0.9846805253178987 0.432353207733595 0.508750213613189
v 0.9933753504745146 0.4354763057408928 0.5743883748718621
v 0.9352424607280492 0.38108723422891 0.5177383384489822
v 0.9439372858846653 0.3842103322362078 0.5833764997076556
vt 0.3839731445312501 0.8255375000000001
vt 0.3839731445312501 0.8913708333333333
vt 0.375 0.8913708333333333
vt 0.375 0.8255375000000001
vt 0.3839731445312501 0.8803233072916667
vt 0.3839731445312501 0.8913708333333333
vt 0.375 0.8913708333333333
vt 0.375 0.8803233072916667
vt 0.3449106445312501 0.8255375000000001
vt 0.3449106445312501 0.8913708333333333
vt 0.3359375 0.8913708333333333
vt 0.3359375 0.8255375000000001
vt 0.3839731445312501 0.8803233072916667
vt 0.3839731445312501 0.8913708333333333
vt 0.375 0.8913708333333333
vt 0.375 0.8803233072916667
vt 0.41453564453125 0.8255375000000001
vt 0.41453564453125 0.8913708333333333
vt 0.40625 0.8913708333333333
vt 0.40625 0.8255375000000001
vt 0.38328564453125 0.8255375000000001
vt 0.38328564453125 0.8913708333333333
vt 0.375 0.8913708333333333
vt 0.375 0.8255375000000001
vn -0.1311730355409092 -0.047116099349888384 -0.9902392175272775
vn 0.7130870161167259 -0.6983966133534297 -0.06122971420972245
vn 0.1311730355409092 0.047116099349888384 0.9902392175272775
vn -0.7130870161167259 0.6983966133534297 0.06122971420972245
vn 0.6886948106329304 0.7141584163464794 -0.12520868248153122
vn -0.6886948106329304 -0.7141584163464794 0.12520868248153122
usemtl m_890a103a-2c95-a057-8483-4c3958a0f191
f 52/148/37 55/147/37 53/146/37 50/145/37
f 51/152/38 52/151/38 50/150/38 49/149/38
f 56/156/39 51/155/39 49/154/39 54/153/39
f 55/160/40 56/159/40 54/158/40 53/157/40
f 54/164/41 49/163/41 50/162/41 53/161/41
f 55/168/42 52/167/42 51/166/42 56/165/42
o cube
v 1.0175803194490136 0.42410088132328405 0.6007430365637538
v 0.9873830970973887 0.44486288238117955 0.508775286377515
v 0.9629928319061847 0.33501848684223434 0.598555984373168
v 0.93279560955456 0.35578048790012984 0.506588234186929
v 0.6230761419917612 0.663950149668922 0.6778535575245046
v 0.6532733643433861 0.6431881486110265 0.7698213077107439
v 0.5684886544489325 0.5748677551878723 0.6756665053339188
v 0.5986858768005572 0.5541057541299768 0.7676342555201581
vt 0.38806250000000014 0.8151208333333335
vt 0.38806250000000014 0.8913708333333333
vt 0.375 0.8913708333333333
vt 0.375 0.8151208333333335
vt 0.38806250000000014 0.8748708333333334
vt 0.38806250000000014 0.8913708333333333
vt 0.375 0.8913708333333333
vt 0.375 0.8748708333333334
vt 0.34900000000000014 0.8151208333333335
vt 0.34900000000000014 0.8913708333333333
vt 0.3359375 0.8913708333333333
vt 0.3359375 0.8151208333333335
vt 0.38806250000000014 0.8748708333333334
vt 0.38806250000000014 0.8913708333333333
vt 0.375 0.8913708333333333
vt 0.375 0.8748708333333334
vt 0.418625 0.8151208333333335
vt 0.418625 0.8913708333333333
vt 0.40625 0.8913708333333333
vt 0.40625 0.8151208333333335
vt 0.3795625 0.5651208333333335
vt 0.3795625 0.6413708333333334
vt 0.3671875 0.6413708333333334
vt 0.3671875 0.5651208333333335
vn -0.3050224479962099 0.20971718240298443 -0.9289671735983747
vn 0.796299355422138 -0.4788792727600934 -0.36956999157812037
vn 0.3050224479962099 -0.20971718240298443 0.9289671735983747
vn -0.796299355422138 0.4788792727600934 0.36956999157812037
vn 0.5223683018452471 0.852463105081808 0.020928729096514942
vn -0.5223683018452471 -0.852463105081808 -0.020928729096514942
usemtl m_890a103a-2c95-a057-8483-4c3958a0f191
f 60/172/43 63/171/43 61/170/43 58/169/43
f 59/176/44 60/175/44 58/174/44 57/173/44
f 64/180/45 59/179/45 57/178/45 62/177/45
f 63/184/46 64/183/46 62/182/46 61/181/46
f 62/188/47 57/187/47 58/186/47 61/185/47
f 63/192/48 60/191/48 59/190/48 64/189/48
o cube
v 0.6333324657759258 0.6458862594742087 0.8440115962917694
v 0.6708431653075946 0.6647462554159063 0.7130784149597478
v 0.5558414325412253 0.5353774184132034 0.8058933812814613
v 0.5933521320728943 0.5542374143549011 0.6749601999494395
v 0.3509000556639176 0.9085975184462374 0.6565438074092667
v 0.31338935613224883 0.8897375225045396 0.7874769887412882
v 0.27340902242921716 0.7980886773852323 0.6184255923989586
v 0.2358983228975483 0.7792286814435345 0.7493587737309801
vt 0.36128125 0.4903324218750008
vt 0.36128125 0.5580375
vt 0.34375 0.5580375
vt 0.34375 0.4903324218750008
vt 0.36128125 0.5351208333333333
vt 0.36128125 0.5580375
vt 0.34375 0.5580375
vt 0.34375 0.5351208333333333
vt 0.37690625 0.8028324218750009
vt 0.37690625 0.8705375000000001
vt 0.359375 0.8705375000000001
vt 0.359375 0.8028324218750009
vt 0.36128125 0.5351208333333333
vt 0.36128125 0.5580375
vt 0.34375 0.5580375
vt 0.34375 0.5351208333333333
vt 0.384375 0.4278324218750008
vt 0.384375 0.4955375000000001
vt 0.3671875 0.4955375000000001
vt 0.3671875 0.4278324218750008
vt 0.3609375 0.2924157552083342
vt 0.3609375 0.36012083333333333
vt 0.34375 0.36012083333333333
vt 0.34375 0.2924157552083342
vn 0.27280508750304544 0.13716360684871076 -0.9522413187783378
vn 0.787590134802465 -0.6002781223690133 0.13916880170126777
vn -0.27280508750304544 -0.13716360684871076 0.9522413187783378
vn -0.787590134802465 0.6002781223690133 -0.13916880170126777
vn 0.5525207360762948 0.7879418257469166 0.271787629307011
vn -0.5525207360762948 -0.7879418257469166 -0.271787629307011
usemtl m_890a103a-2c95-a057-8483-4c3958a0f191
f 68/196/49 71/195/49 69/194/49 66/193/49
f 67/200/50 68/199/50 66/198/50 65/197/50
f 72/204/51 67/203/51 65/202/51 70/201/51
f 71/208/52 72/207/52 70/206/52 69/205/52
f 70/212/53 65/211/53 66/210/53 69/209/53
f 71/216/54 68/215/54 67/214/54 72/213/54
o cube
v -0.4863610572026885 1.0481670895747617 0.5933759272285433
v -0.5626245816469346 0.912859108979919 0.5520371049383153
v -0.4425138315959257 1.070213177131519 0.44032474679635886
v 0.3182514095961984 0.9059416107626286 0.7907489437990451
v 0.24095269709824968 0.743332295377231 0.7582566119665557
v 0.28502026052213186 0.7654891672935702 0.6044363301251644
v 0.3623189730200806 0.928098482678968 0.6369286619576539
v -0.5187773560401718 0.9349051965366766 0.39898592450613085
vt 0.37655625 0.46875
vt 0.375 0.43832812500000007
vt 0.3951921875 0.43832812500000007
vt 0.3967484375 0.46875
vt 0.3515625 0.33333333333333337
vt 0.35156250000000006 0.1932356192277389
vt 0.3717526148091518 0.1928498731317917
vt 0.3716510627343553 0.3329495274599533
vt 0.359375 0.035712499999999925
vt 0.37946562500000003 0.035712499999999925
vt 0.37946562500000003 0.0625
vt 0.359375 0.0625
vt 0.4141731866479985 0.8850547469683184
vt 0.39554537122936395 0.8950895815805116
vt 0.392118012540416 0.7540370297317198
vt 0.4138984219401892 0.744973079366806
vt 0.4004312972714556 0.5666181819336209
vt 0.4040983636175972 0.7066329028581091
vt 0.3820298653718557 0.698634465885478
vt 0.3815823936790532 0.5575211060345582
vt 0.35607890625 0.7916666666666666
vt 0.33598828125 0.7916666666666666
vt 0.3359375 0.6505395833333334
vt 0.3561296875 0.6505395833333334
vn 0.8727284808260752 -0.45181940677180416 0.18494383585128196
vn 0.12892371397914176 0.9756448280214541 0.17747068921039238
vn -0.8369208751153521 0.5219940619418968 -0.1645771797472318
vn -0.27323016536155464 -0.13689933861571632 0.9521574700768131
vn 0.24904588337412928 0.0745605095922263 -0.9656173560907794
vn -0.15723989230457958 -0.9701182594417359 -0.18478684738308976
usemtl m_890a103a-2c95-a057-8483-4c3958a0f191
f 76/217/55 77/218/55 78/219/55 79/220/55
f 73/221/56 76/222/56 79/223/56 75/224/56
f 80/225/57 74/226/57 73/227/57 75/228/57
f 73/229/58 74/230/58 77/231/58 76/232/58
f 75/233/59 79/234/59 78/235/59 80/236/59
f 74/237/60 80/238/60 78/239/60 77/240/60