# Made in Blockbench 4.12.3
mtllib pine_twig_branch_down.mtl

o cube
v 1.101256183841841 0.3595329200259998 0.5157649246210279
v 0.18000777546204805 0.60429314082488 0.4252107730200564
v 0.21600175201852467 0.7398455464486733 0.4254144424936175
v 1.1372501603983178 0.49508532564979313 0.5159685940945891
v 1.0886368388625218 0.3626781346181909 0.6526484873941454
v 1.1246308154189986 0.4982305402419841 0.6528521568677064
v 0.16738843048272878 0.607438355417071 0.5620943357931738
v 0.2033824070392054 0.7429907610408644 0.5622980052667348
vt 0.10416666666666667 0.8699166351101745
vt 0.4233340602213764 0.8699166351101743
vt 0.4233331350983745 0.9166666666666666
vt 0.10416775562741558 0.916666133990008
vt 0.4583333333333333 0.8333333333333334
vt 0.4583333333333334 0.7874996952661646
vt 0.5050839236372601 0.787498451524434
vt 0.5050839236372601 0.8333320895916027
vt 0.4233340602213764 0.9791666666666665
vt 0.10416666666666667 0.9791666666666666
vt 0.10416775562741543 0.9324171677868331
vt 0.42333313509837445 0.9324166351101741
vt 0.4583345770750639 0.8699160763627399
vt 0.5041682151422328 0.8699160763627399
vt 0.504166971400502 0.9166666666666665
vt 0.4583333333333333 0.9166666666666666
vt 0.4233329326789945 0.7708333333333334
vt 0.1041667615183152 0.7708333333333333
vt 0.10416666666666667 0.7249988120420086
vt 0.42333265213569565 0.7250008870833067
vt 0.42333265214244103 0.8333333333333334
vt 0.10416666666666667 0.8333333333333331
vt 0.10416705950910658 0.787498812043594
vt 0.42333323066304046 0.7875008870860994
vn 0.09177705439504963 -0.02287428794320697 -0.9955168201681274
vn 0.9621393299005722 -0.2556242514870833 0.09457352647621077
vn -0.0917770543950495 0.022874287943207814 0.9955168201681274
vn -0.9621393299005725 0.25562425148708234 -0.09457352647621084
vn 0.2566415440746995 0.9665055659450494 0.0014521887597938653
vn -0.25664154407469947 -0.9665055659450494 -0.001452188759792809
usemtl m_7cb6b0c2-82b4-2ad9-9092-9fac445eace3
f 1/1/1 2/2/1 3/3/1 4/4/1
f 5/5/2 1/6/2 4/7/2 6/8/2
f 7/9/3 5/10/3 6/11/3 8/12/3
f 2/13/4 7/14/4 8/15/4 3/16/4
f 8/17/5 6/18/5 4/19/5 3/20/5
f 2/21/6 1/22/6 5/23/6 7/24/6
o cube
v 1.6698884260802322 0.04127538495383232 0.5427851562499999
v 1.0650382775791234 0.40830746510240046 0.5427851562499999
v 1.1139306307027135 0.4888795694138317 0.5427851562499999
v 1.718780779203822 0.12184748926526356 0.5427851562499999
v 1.6698884260802322 0.04127538495383232 0.6320195312500001
v 1.718780779203822 0.12184748926526356 0.6320195312500001
v 1.0650382775791234 0.40830746510240046 0.6320195312500001
v 1.1139306307027135 0.4888795694138317 0.6320195312500001
vt 0.10416666666666667 0.8852502353430346
vt 0.33999981412868113 0.8852502353430344
vt 0.33999988870176706 0.9166666666666666
vt 0.1041667412397526 0.9166666666666666
vt 0.375 0.8435854166666666
vt 0.40474374999999996 0.8435854166666666
vt 0.40474374999999996 0.875
vt 0.375 0.875
vt 0.33999981412868113 0.7916666666666665
vt 0.10416666666666667 0.7916666666666666
vt 0.10416674123975252 0.7602502353430345
vt 0.339999888701767 0.7602502353430344
vt 0.375 0.8852520833333334
vt 0.40474374999999996 0.8852520833333334
vt 0.40474374999999996 0.9166666666666666
vt 0.375 0.9166666666666666
vt 0.34 0.875
vt 0.10416666666666667 0.875
vt 0.10416666666666667 0.84525625
vt 0.34 0.84525625
vt 0.3399999999999999 0.8333333333333334
vt 0.10416666666666667 0.8333333333333334
vt 0.10416666666666667 0.8035895833333334
vt 0.3399999999999999 0.8035895833333334
vn 0 0 -1
vn 0.8549118706729473 -0.5187732581605207 0
vn 0 0 1
vn -0.8549118706729463 0.5187732581605223 0
vn 0.5187732581605213 0.8549118706729467 0
vn -0.5187732581605212 -0.8549118706729468 0
usemtl m_7cb6b0c2-82b4-2ad9-9092-9fac445eace3
f 9/25/7 10/26/7 11/27/7 12/28/7
f 13/29/8 9/30/8 12/31/8 14/32/8
f 15/33/9 13/34/9 14/35/9 16/36/9
f 10/37/10 15/38/10 16/39/10 11/40/10
f 16/41/11 14/42/11 12/43/11 11/44/11
f 10/45/12 9/46/12 13/47/12 15/48/12
o cube
v 0.5000858695373647 0.4406353291076692 0.8549870724715363
v 0.12205538422590956 0.6863571344192247 0.484522028142639
v 0.15950774184460847 0.780131078554609 0.5085031568711822
v 0.5375382271560636 0.5344092732430537 0.8789682012000792
v 0.43182104921752174 0.44871500303359824 0.9300050414919663
v 0.46927340683622054 0.5424889471689824 0.9539861702205092
v 0.053790563906066624 0.6944368083451538 0.5595399971630692
v 0.09124292152476554 0.7882107524805382 0.5835211258916124
vt 0.10416666666666667 0.8820727427777175
vt 0.29868330897853856 0.8820727427777174
vt 0.2986838363273751 0.9166666666666664
vt 0.10416719401550319 0.9166666666666666
vt 0.4166666666666667 0.8541655086398364
vt 0.4166666666666667 0.8202499096343231
vt 0.45126203855515756 0.8202489923245299
vt 0.45126185619376596 0.8541666666666666
vt 0.5278499756452053 0.9166666666666666
vt 0.3333333333333333 0.9166666666666666
vt 0.33333386068216986 0.8820727427777175
vt 0.5278505029940418 0.8820727427777175
vt 0.3541675839764599 0.8195712947781758
vt 0.38808318298197325 0.8195712947781758
vt 0.38808434100880346 0.8541664843052751
vt 0.3541666666666667 0.8541666666666666
vt 0.2986839193093011 0.7916666666666666
vt 0.10416700964152592 0.7916666666666666
vt 0.10416666666666667 0.7577500068480698
vt 0.29868357633444176 0.7577500068480697
vt 0.29868357633444176 0.8541666666666666
vt 0.10416666666666667 0.8541666666666666
vt 0.10416700964152592 0.8202500068480697
vt 0.2986839193093011 0.8202500068480698
vn 0.6709073250107418 -0.07940711475114451 -0.7372773368101243
vn 0.6478116447801511 -0.42108097902760117 0.6348471327716559
vn -0.6709073250107414 0.0794071147511455 0.7372773368101246
vn -0.6478116447801515 0.4210809790276025 -0.6348471327716545
vn 0.3608648419203029 0.9035404358566668 0.23106545963812916
vn -0.36086484192030394 -0.9035404358566667 -0.231065459638127
usemtl m_7cb6b0c2-82b4-2ad9-9092-9fac445eace3
f 17/49/13 18/50/13 19/51/13 20/52/13
f 21/53/14 17/54/14 20/55/14 22/56/14
f 23/57/15 21/58/15 22/59/15 24/60/15
f 18/61/16 23/62/16 24/63/16 19/64/16
f 24/65/17 22/66/17 20/67/17 19/68/17
f 18/69/18 17/70/18 21/71/18 23/72/18
o cube
v 0.6736126382018708 0.18006663139852253 1.039096225583576
v 0.455374593635237 0.49471135352911344 0.8486451077079038
v 0.4992984768702897 0.5398800520643323 0.8729360137641411
v 0.7175365214369234 0.2252353299337413 1.0633871316398131
v 0.6356955263429984 0.18721841458484623 1.0943609428427556
v 0.6796194095780512 0.232387113120065 1.1186518488989927
v 0.41745748177636466 0.5018631367154374 0.9039098249670836
v 0.46138136501141735 0.547031835250656 0.9282007310233207
vt 0.5000002507542106 0.8941581941120335
vt 0.6425562927464985 0.8941581941120335
vt 0.6425574434878952 0.9166651252102644
vt 0.5 0.9166666666666666
vt 0.10416666666666667 0.9166666363369228
vt 0.10416666666666667 0.8941994630419118
vt 0.12667597126000021 0.894199819851064
vt 0.12667391366699535 0.9166666666666666
vt 0.4550562927464985 0.8541666666666666
vt 0.31250025075421056 0.8541666666666666
vt 0.3125 0.8316581941120333
vt 0.4550574434878953 0.8316597355684356
vt 0.18750000000000186 0.894157362073332
vt 0.20996717329501288 0.894157362073332
vt 0.2099672036247567 0.9166646090736607
vt 0.18750035680915408 0.9166666666666655
vt 0.4342242332857249 0.9166666666666666
vt 0.2916666666666667 0.9166666666666666
vt 0.291667011861037 0.8942012756555221
vt 0.43422281384209 0.8941989162894491
vt 0.24672318567448062 0.8541666666666666
vt 0.10416738367390337 0.8541666666666666
vt 0.10416666666666667 0.831701275664312
vt 0.2467242332662003 0.8316989162690339
vn 0.5625508194100549 -0.10610622208473978 -0.8199256339546777
vn 0.5102966185686488 -0.7357201998054393 0.445323644864774
vn -0.5625508194100524 0.10610622208474177 0.8199256339546791
vn -0.510296618568647 0.7357201998054407 -0.4453236448647741
vn 0.650487460800347 0.6689224598061774 0.3597343549181397
vn -0.6504874608003457 -0.6689224598061777 -0.3597343549181416
usemtl m_7cb6b0c2-82b4-2ad9-9092-9fac445eace3
f 25/73/19 26/74/19 27/75/19 28/76/19
f 29/77/20 25/78/20 28/79/20 30/80/20
f 31/81/21 29/82/21 30/83/21 32/84/21
f 26/85/22 31/86/22 32/87/22 27/88/22
f 32/89/23 30/90/23 28/91/23 27/92/23
f 26/93/24 25/94/24 29/95/24 31/96/24
o cube
v 0.9256998872375446 0.4834112832862385 0.14562070465422083
v 0.5134291100004935 0.5334940714216725 0.46029136275397886
v 0.5233766360773728 0.6367452682069719 0.4568908756780976
v 0.9356474133144239 0.5866624800715379 0.14222021757833958
v 0.9871527753834577 0.4801594160586419 0.22665175054442244
v 0.997100301460337 0.5834106128439411 0.22325126346854107
v 0.5748819981464066 0.5302422041940758 0.5413224086441806
v 0.5848295242232859 0.6334934009793751 0.5379219215682993
vt 0.10416689809437367 0.8820708951842973
vt 0.27785099597047375 0.8820708951842972
vt 0.2778507645427668 0.9166666666666666
vt 0.10416666666666667 0.9166666666666666
vt 0.4166666666666667 0.7987384245149539
vt 0.4505841723509041 0.7987384245149539
vt 0.4505851007421475 0.8333333333333334
vt 0.4166675950579101 0.8333333333333333
vt 0.48618432930380706 0.9166666666666666
vt 0.31250023142770694 0.9166666666666666
vt 0.3125 0.8820708951842972
vt 0.4861840978761001 0.8820708951842972
vt 0.3333333333333333 0.8541657382754232
vt 0.3333333333333334 0.8202482325911857
vt 0.36792824215171266 0.8202491609824292
vt 0.3679282421517127 0.8541666666666666
vt 0.27785086328872555 0.7916666666666666
vt 0.10416666666666667 0.7916666666666666
vt 0.10416776315507519 0.757750571211621
vt 0.2778499828593621 0.7577512285349058
vt 0.27784985450066607 0.8541666666666666
vt 0.10416763479513531 0.8541666666666666
vt 0.10416666666666667 0.820250571207714
vt 0.27785086328748165 0.8202512285384809
vn -0.6039595886576231 0.031959383072202634 -0.7963739153828177
vn 0.7912307403071765 -0.09611896772945848 -0.6039164343148652
vn 0.6039595886576233 -0.03195938307220215 0.7963739153828175
vn -0.7912307403071768 0.09611896772945848 0.6039164343148647
vn 0.09584743534113176 0.9948566438820559 -0.032764725884098685
vn -0.0958474353411311 -0.9948566438820559 0.03276472588409952
usemtl m_7cb6b0c2-82b4-2ad9-9092-9fac445eace3
f 33/97/25 34/98/25 35/99/25 36/100/25
f 37/101/26 33/102/26 36/103/26 38/104/26
f 39/105/27 37/106/27 38/107/27 40/108/27
f 34/109/28 39/110/28 40/111/28 35/112/28
f 40/113/29 38/114/29 36/115/29 35/116/29
f 34/117/30 33/118/30 37/119/30 39/120/30
o cube
v 1.239335472125478 0.5646756752435853 0.19651277450833993
v 0.9494127951462634 0.48458397231997086 0.1627683815370593
v 0.9285315100266152 0.5625865293531549 0.15703707249576104
v 1.2184541870058296 0.6426782322767692 0.19078146546704167
v 1.2293226598428322 0.567775580631156 0.27518257431602133
v 1.208441374723184 0.6457781376643399 0.2694512652747231
v 0.9393999828636179 0.4876838777075415 0.2414381813447407
v 0.9185186977439694 0.5656864347407256 0.23570687230344234
vt 0.392558028360603 0.8541666666666666
vt 0.29166824068210456 0.8541666666666666
vt 0.2916666666666667 0.8271819213916561
vt 0.392558463292714 0.8271824731230434
vt 0.1041666666666683 0.9166640247754687
vt 0.1041666666666683 0.8902089258097736
vt 0.1311512573607653 0.8902116521929259
vt 0.1311491757414708 0.9166666666666651
vt 0.5000015740154379 0.8896819213916562
vt 0.6008913616939363 0.8896819213916561
vt 0.6008917966260473 0.9166661149352795
vt 0.5 0.9166666666666666
vt 0.1875 0.8896820759725697
vt 0.2139550989656951 0.8896820759725697
vt 0.21395774085689143 0.9166645850473721
vt 0.18750272638315227 0.9166666666666666
vt 0.2916666666666667 0.8902102785531126
vt 0.3925565795117519 0.8902102785531126
vt 0.3925573122273329 0.9166646056674854
vt 0.2916677036192481 0.9166666666666666
vt 0.10416716316126624 0.8068769452041165
vt 0.20505677179040238 0.8068769452041165
vt 0.20505657949070044 0.8333312723279375
vt 0.10416666666666667 0.8333333333333334
vn 0.12616156092289582 -0.03905884694223601 -0.9912404688172499
vn 0.9578869226092415 0.2646181238369814 0.11148942564742657
vn -0.1261615609228959 0.03905884694223603 0.99124046881725
vn -0.9578869226092414 -0.26461812383698363 -0.11148942564742376
vn -0.25794554471766856 0.9635619622071743 -0.07079859424992657
vn 0.2579455447176688 -0.9635619622071739 0.07079859424992668
usemtl m_7cb6b0c2-82b4-2ad9-9092-9fac445eace3
f 41/121/31 42/122/31 43/123/31 44/124/31
f 45/125/32 41/126/32 44/127/32 46/128/32
f 47/129/33 45/130/33 46/131/33 48/132/33
f 42/133/34 47/134/34 48/135/34 43/136/34
f 48/137/35 46/138/35 44/139/35 43/140/35
f 42/141/36 41/142/36 45/143/36 47/144/36
o cube
v 1.4157248480184192 0.580921797834721 0.18685854268932134
v 1.1764307787885864 0.5784252307859181 0.2071874419560622
v 1.1760783735827793 0.6280879810009716 0.20913825638551564
v 1.415372442812612 0.6305845480497745 0.18880935711877478
v 1.419813891402697 0.579069041129602 0.23476365976248137
v 1.41946148619689 0.6287317913446555 0.2367144741919348
v 1.1805198221728643 0.5765724740807991 0.2550925590292221
v 1.180167416967057 0.6262352242958527 0.2570433734586757
vt 0.20505728960468686 0.9166666666666666
vt 0.12500089059393046 0.9166666666666666
vt 0.125 0.9000990976287874
vt 0.20505639901075634 0.9000990976287874
vt 0.10416666666666792 0.9000981477981406
vt 0.12020568944662902 0.9000981477981407
vt 0.12020520533004338 0.916664665254555
vt 0.10416834470297154 0.9166666666666664
vt 0.31250089059393044 0.8375990976287874
vt 0.3925572896046869 0.8375990976287873
vt 0.3925563990107564 0.8541666666666666
vt 0.3125 0.8541666666666666
vt 0.10416666666666725 0.9166666666666655
vt 0.10416666666666718 0.9006276438867044
vt 0.12073518553519295 0.900629321923008
vt 0.12073318412308165 0.9166661825500799
vt 0.2916666666666667 0.9006272289556988
vt 0.37172296266837973 0.9006272289556988
vt 0.3717240958228018 0.9166666666666666
vt 0.2916677998210888 0.9166666666666666
vt 0.12500113315442216 0.8172938956223655
vt 0.20505742915613512 0.8172938956223655
vt 0.20505629600171296 0.8333333333333334
vt 0.125 0.8333333333333334
vn -0.08498479443578309 0.03850684204757158 -0.9956378899129097
vn 0.996357020389126 0.010395042860666835 -0.08464414336047159
vn 0.08498479443578269 -0.03850684204757161 0.9956378899129097
vn -0.9963570203891254 -0.010395042860667203 0.08464414336047632
vn -0.007090319880712292 0.9992042665038257 0.03924998298777897
vn 0.007090319880712294 -0.9992042665038257 -0.039249982987778924
usemtl m_7cb6b0c2-82b4-2ad9-9092-9fac445eace3
f 49/145/37 50/146/37 51/147/37 52/148/37
f 53/149/38 49/150/38 52/151/38 54/152/38
f 55/153/39 53/154/39 54/155/39 56/156/39
f 50/157/40 55/158/40 56/159/40 51/160/40
f 56/161/41 54/162/41 52/163/41 51/164/41
f 50/165/42 49/166/42 53/167/42 55/168/42
o cube
v 0.31418573307802244 0.7109086086049912 0.5807674673280803
v 0.17102424904746472 0.5876902832017927 0.580767473646602
v 0.17102424225022328 0.5876902828158173 0.4192324736466021
v 0.314185726280781 0.7109086082190158 0.4192324673280804
v -0.4559743324692574 1.0936228922121987 0.580363661321228
v -0.45597433923251257 1.093622891828153 0.41963633632122804
v -0.5758861454227019 0.9865975128852971 0.41963634162273333
v -0.5758861386594467 0.9865975132693425 0.5803636666227332
vt 0.10416666666666667 0.9166666666666666
vt 0.10416666666666667 0.8537041666666666
vt 0.15801249999999997 0.8537041666666666
vt 0.15801249999999997 0.9166666666666666
vt 0.39083749999999995 0.9165312500000001
vt 0.10416666666666667 0.9166666666666666
vt 0.10416666666666667 0.8628208333333334
vt 0.39083749999999995 0.86295625
vt 0.5416666666666666 0.8005916666666667
vt 0.5952416666666668 0.8005916666666667
vt 0.5952416666666668 0.8541666666666666
vt 0.5416666666666666 0.8541666666666666
vt 0.08241907973508789 0.35416666666666663
vt 0.0625 0.3044313331011992
vt 0.34463032810332644 0.2961485245537089
vt 0.3690875888513207 0.3541666666666665
vt 0.7865460054030816 0.9082552187568296
vt 0.5 0.9166666666666666
vt 0.5227421434892549 0.8579567144048602
vt 0.8049968482650222 0.8579567144048602
vt 0.3864208333333334 0.80045625
vt 0.3864208333333334 0.85403125
vt 0.10416666666666667 0.8541666666666666
vt 0.10416666666666667 0.8003208333333334
vn 0.6523418744701293 -0.7579248503729096 -2.563893166019455e-8
vn 0.4450115698787478 0.8955248196862287 -2.0865457019481406e-8
vn -0.6658816660008267 0.746057375061706 2.6237030176659665e-8
vn -0.0003382232507027856 0.00037899667156045675 0.9999998709832696
vn -0.0003324685107046317 0.00038622799578952647 -0.999999870146304
vn -0.47109846846620834 -0.8820806272721291 2.1931045131050824e-8
usemtl m_7cb6b0c2-82b4-2ad9-9092-9fac445eace3
f 57/169/43 58/170/43 59/171/43 60/172/43
f 61/173/44 57/174/44 60/175/44 62/176/44
f 63/177/45 64/178/45 61/179/45 62/180/45
f 61/181/46 64/182/46 58/183/46 57/184/46
f 62/185/47 60/186/47 59/187/47 63/188/47
f 64/189/48 63/190/48 59/191/48 58/192/48