# Made in Blockbench 4.12.3
mtllib pine_twig_branch_up_2.mtl

o cube
v 0.6997793948810767 0.6167090910898771 0.07682104828937131
v 0.04996712541370485 0.1295952534279291 0.25990674846255235
v -0.02708745699307824 0.24319706810993624 0.2886692506324132
v 0.6227248124742937 0.7303109057718844 0.10558355045923218
v 0.7407727183159474 0.6113123594887941 0.20795713303262553
v 0.6637181359091644 0.7249141741708014 0.2367196352024864
v 0.09096044884857546 0.12419852182684621 0.3910428332058067
v 0.01390586644179237 0.23780033650885335 0.41980533537566744
vt 0.8191671702088423 0.8333333333333334
vt 0.5416667899147461 0.8333333333333333
vt 0.5416666666666666 0.7916677539455131
vt 0.8191653581649042 0.7916666666666666
vt 0.43750154660884794 0.8074160543192973
vt 0.48333434831031014 0.8074160543192973
vt 0.48333290246020605 0.8541666666666662
vt 0.4374999999999994 0.8541645857713173
vt 0.541666789914746 0.8750000000000001
vt 0.8191671702088423 0.875
vt 0.8191653581649042 0.9166666666666666
vt 0.5416666666666666 0.9166655793878202
vt 0.6041666666666666 0.7916666666666666
vt 0.6041666666666666 0.7458338649652045
vt 0.6509151981186866 0.7458323183563558
vt 0.6509172790140355 0.7916652208165625
vt 0.04166765035588963 0.7916666666666666
vt 0.3191669701905165 0.791666666666667
vt 0.3191680651631703 0.8333333333333334
vt 0.041666666666666664 0.8333332065748514
vt 0.041666666666666664 0.875
vt 0.31916806516320534 0.875
vt 0.31916694716020594 0.9166666666666666
vt 0.041667627325614166 0.9166665399091346
vn -0.29813326134451396 0.03924895709878479 -0.9537169799509398
vn 0.7805552786394914 0.5851217269212621 -0.21992276297078958
vn 0.2981332613445143 -0.039248957098785016 0.9537169799509397
vn -0.7805552786394909 -0.5851217269212627 0.219922762970789
vn -0.5494087872141383 0.8099951135971976 0.20508022937512219
vn 0.5494087872141383 -0.8099951135971976 -0.20508022937512219
usemtl m_5df9f13a-4e0e-924f-56e3-95b69c15c680
f 1/1/1 2/2/1 3/3/1 4/4/1
f 5/5/2 1/6/2 4/7/2 6/8/2
f 7/9/3 5/10/3 6/11/3 8/12/3
f 2/13/4 7/14/4 8/15/4 3/16/4
f 8/17/5 6/18/5 4/19/5 3/20/5
f 2/21/6 1/22/6 5/23/6 7/24/6
o cube
v 1.283149505345002 1.251723186606708 -0.34038206555526945
v 0.9521463813464639 1.0865361208349311 -0.07120477229872624
v 0.9400993443380612 1.1302272406268945 -0.059206728351786087
v 1.2711024683365992 1.2954143063986714 -0.3283840216083293
v 1.3140438819041234 1.2500852349368428 -0.3033969001113662
v 1.3019968448957207 1.2937763547288061 -0.29139885616442607
v 0.9830407579055853 1.0848981691650657 -0.03421960685482295
v 0.9709937208971826 1.128589288957029 -0.022221562907882908
vt 0.6524997091441899 0.7916666666666666
vt 0.5 0.7916666666666666
vt 0.500000256574943 0.7760383163335202
vt 0.6524999657191328 0.7760383163335203
vt 0.47916666666666635 0.8177063133305956
vt 0.495239831225135 0.8177063133305956
vt 0.49524024869547323 0.8333333333333344
vt 0.47916708413700465 0.8333333333333344
vt 0.3125 0.8593716496668535
vt 0.4649997091441899 0.8593716496668535
vt 0.46499996571913277 0.8749999999999999
vt 0.3125002565749429 0.875
vt 0.4791666666666658 0.8333329158629942
vt 0.4791666666666658 0.8172597513045257
vt 0.4947936866694045 0.8172601687748638
vt 0.4947936866694045 0.8333333333333325
vt 0.6041666666666666 0.8380917750786393
vt 0.756666401027205 0.8380917750786393
vt 0.7566668370480008 0.8541666666666666
vt 0.6041672978437679 0.85416459249411
vt 0.5000008497862652 0.9005917750860566
vt 0.6525003890046038 0.9005917750860566
vt 0.6524997343464326 0.9166666666666666
vt 0.5 0.9166645924914558
vn -0.640712929288324 0.033969185635576785 -0.7670287065488689
vn 0.7235040961716654 0.3610646246377665 -0.5883656683203146
vn 0.6407129292883242 -0.03396918563557678 0.7670287065488688
vn -0.7235040961716673 -0.3610646246377652 0.5883656683203131
vn -0.25696062940768694 0.9319219019115532 0.25591561826500375
vn 0.2569606294076863 -0.9319219019115533 -0.2559156182650035
usemtl m_5df9f13a-4e0e-924f-56e3-95b69c15c680
f 9/25/7 10/26/7 11/27/7 12/28/7
f 13/29/8 9/30/8 12/31/8 14/32/8
f 15/33/9 13/34/9 14/35/9 16/36/9
f 10/37/10 15/38/10 16/39/10 11/40/10
f 16/41/11 14/42/11 12/43/11 11/44/11
f 10/45/12 9/46/12 13/47/12 15/48/12
o cube
v 1.2130774754250826 0.7864723946216032 0.1925348476406239
v 0.7269433282703774 0.6112625791212913 0.1256901468595566
v 0.7009614110173146 0.6767060881640907 0.1431089104500085
v 1.1870955581720197 0.8519159036644028 0.2099536112310758
v 1.210610328418169 0.7674371491507403 0.2603715826409927
v 1.1846284111651064 0.8328806581935397 0.2777903462314447
v 0.7244761812634639 0.5922273336504282 0.1935268818599255
v 0.6984942640104013 0.6576708426932278 0.21094564545037742
vt 0.4028504743270321 0.875
vt 0.22916666666666666 0.875
vt 0.2291668995191638 0.8541666666666667
vt 0.4028507071795291 0.8541666666666666
vt 0.4375006505131727 0.8091534029840775
vt 0.46099972629287095 0.8091534029840775
vt 0.4610010716472002 0.8333327360137428
vt 0.4375000000000004 0.8333333333333338
vt 0.5833333333333334 0.7916666666666667
vt 0.7570171409936988 0.7916666666666666
vt 0.7570173738461957 0.8124999999999999
vt 0.5833335661858304 0.8125
vt 0.4374999999999997 0.8333319879790032
vt 0.4374999999999997 0.809832912199305
vt 0.4616799303492561 0.8098322616861326
vt 0.46167933302966513 0.8333333333333325
vt 0.5000012671366403 0.9166666666666666
vt 0.6736827139570133 0.9166666666666667
vt 0.6736843756588019 0.9374997162309663
vt 0.5 0.9375
vt 0.5208333333333334 0.875
vt 0.69451770899243 0.875
vt 0.6945160906003979 0.8958330495690846
vt 0.5208346437803196 0.8958333333333334
vn 0.03499499300586479 0.27000348185621237 -0.9622231914945938
vn 0.9329894389304451 0.3362629603690879 0.1282884575013301
vn -0.03499499300586396 -0.2700034818562136 0.9622231914945933
vn -0.9329894389304462 -0.33626296036908515 -0.12828845750133028
vn -0.3581983491150853 0.902233529231395 0.24014287710004878
vn 0.3581983491150852 -0.9022335292313959 -0.24014287710004556
usemtl m_5df9f13a-4e0e-924f-56e3-95b69c15c680
f 17/49/13 18/50/13 19/51/13 20/52/13
f 21/53/14 17/54/14 20/55/14 22/56/14
f 23/57/15 21/58/15 22/59/15 24/60/15
f 18/61/16 23/62/16 24/63/16 19/64/16
f 24/65/17 22/66/17 20/67/17 19/68/17
f 18/69/18 17/70/18 21/71/18 23/72/18
o cube
v 0.5202510779148333 0.46178421061650865 -0.07600612751044894
v 0.37845788254093504 0.440922868756626 0.1905797268075604
v 0.3696748688286373 0.5213808967928109 0.1922043098150248
v 0.5114680642025355 0.5422422386526935 -0.07438154450298456
v 0.5898374264078297 0.4686223037868229 -0.03845903960465574
v 0.5810544126955319 0.5490803318230078 -0.03683445659719137
v 0.44804423103393143 0.44776096192694037 0.22812681471335372
v 0.4392612173216338 0.5282189899631251 0.2297513977208181
vt 0.8092229358536199 0.8541666666666666
vt 0.7083333333333334 0.8541666666666666
vt 0.7083334212663567 0.8333333333333334
vt 0.8092230237866431 0.8333333333333334
vt 0.4374999999999997 0.8541666666666673
vt 0.4374999999999998 0.8333351012819242
vt 0.45833333333333304 0.833333333333334
vt 0.45833333333333304 0.8541648987180771
vt 0.5625 0.8333333333333334
vt 0.6633896025202866 0.8333333333333334
vt 0.6633896904533098 0.8541666666666666
vt 0.5625000879330234 0.8541666666666666
vt 0.47916843461525677 0.8958333333333331
vt 0.49999999999999983 0.8958333333333331
vt 0.4999982320514096 0.9166666666666665
vt 0.4791666666666665 0.9166666666666665
vt 0.5625009601960637 0.8958333333333334
vt 0.6633918132805288 0.8958333333333334
vt 0.663390853084465 0.9166666666666666
vt 0.5625 0.9166666666666666
vt 0.75 0.8958333333333334
vt 0.850890853084465 0.8958333333333334
vt 0.8508918132805289 0.9166666666666665
vt 0.7500009601960639 0.9166666666666666
vn -0.8767888678006225 -0.08616006010602055 -0.4730937807067744
vn 0.4684761087983895 0.06892460694647552 -0.8807834773895306
vn 0.8767888678006226 0.08616006010602052 0.4730937807067742
vn -0.4684761087983905 -0.06892460694647509 0.8807834773895299
vn -0.10849616023630762 0.9938942814000898 0.02006839839589991
vn 0.1084961602363076 -0.99389428140009 -0.02006839839589987
usemtl m_5df9f13a-4e0e-924f-56e3-95b69c15c680
f 25/73/19 26/74/19 27/75/19 28/76/19
f 29/77/20 25/78/20 28/79/20 30/80/20
f 31/81/21 29/82/21 30/83/21 32/84/21
f 26/85/22 31/86/22 32/87/22 27/88/22
f 32/89/23 30/90/23 28/91/23 27/92/23
f 26/93/24 25/94/24 29/95/24 31/96/24
o cube
v 0.28191677564838125 0.35580155424338444 0.5728919877588567
v -0.04847422161616427 0.13166142165847927 0.3473457787653179
v -0.11119665867792394 0.21369815829149563 0.3576993267870766
v 0.21919433858662152 0.4378382908764008 0.5832455357806152
v 0.24731830921335474 0.31824171204204865 0.6608991856130952
v 0.184595872151595 0.4002784486750651 0.6712527336348539
v -0.08307268805119078 0.09410157945714359 0.4353529766195565
v -0.14579512511295045 0.17613831609015995 0.4457065246413152
vt 0.7778507825967909 0.8333333333333333
vt 0.625 0.8333333333333334
vt 0.6250008629683127 0.7987396841547428
vt 0.7778516455651033 0.7987396841547427
vt 0.4375000000000011 0.7987373990734051
vt 0.4714155418655636 0.7987373990734051
vt 0.4714170141963326 0.8333305641229455
vt 0.4375004663340578 0.833333333333333
vt 0.4166666666666667 0.8820730174880761
vt 0.5695174492634575 0.8820730174880761
vt 0.5695183122317701 0.9166666666666666
vt 0.41666752963497933 0.9166666666666666
vt 0.43749999999999994 0.8541651943358967
vt 0.43749999999999994 0.8202496524703341
vt 0.47209593425992785 0.8202501188043908
vt 0.47209316504954035 0.8541666666666656
vt 0.5625007624825102 0.9244160661865931
vt 0.7153503522355535 0.9244160661865931
vt 0.7153495897530432 0.9583333333333334
vt 0.5625 0.9583333333333333
vt 0.75 0.8827493995199264
vt 0.9028495897530432 0.8827493995199264
vt 0.9028503522355535 0.9166666666666666
vt 0.7500007624825104 0.9166666666666666
vn 0.3400340681575088 0.3691384982932261 -0.8649356054470627
vn 0.7205124790416474 0.48880194653779807 0.4918683000622417
vn -0.34003406815750886 -0.3691384982932257 0.8649356054470626
vn -0.7205124790416486 -0.48880194653779746 -0.4918683000622406
vn -0.6043497332153895 0.7904488763599344 0.09975958011040664
vn 0.6043497332153899 -0.7904488763599341 -0.09975958011040781
usemtl m_5df9f13a-4e0e-924f-56e3-95b69c15c680
f 33/97/25 34/98/25 35/99/25 36/100/25
f 37/101/26 33/102/26 36/103/26 38/104/26
f 39/105/27 37/106/27 38/107/27 40/108/27
f 34/109/28 39/110/28 40/111/28 35/112/28
f 40/113/29 38/114/29 36/115/29 35/116/29
f 34/117/30 33/118/30 37/119/30 39/120/30
o cube
v 0.6465087506562337 0.6124064297877587 0.7072337841946352
v 0.2546407061226392 0.35095336430576296 0.5717812877817541
v 0.20799343547473204 0.4165993658060796 0.5800220100444793
v 0.5998614800083264 0.6780524312880751 0.7154745064573604
v 0.6330333009016564 0.5933098449349214 0.7830792581919037
v 0.5863860302537491 0.6589558464352381 0.7913199804546287
v 0.24116525636806196 0.3318567794529259 0.6476267617790226
v 0.19451798572015466 0.39750278095324243 0.6558674840417478
vt 0.9133894903726555 0.8333333333333334
vt 0.75 0.8333333333333333
vt 0.7500006551743987 0.8125
vt 0.9133890006653883 0.8125013437392553
vt 0.4375 0.8124999999999994
vt 0.45833271320759916 0.8124999999999994
vt 0.4583333333333333 0.8333333333333327
vt 0.4375001534811192 0.8333317913838563
vt 0.6041666666666666 0.8333333333333334
vt 0.7675561570393222 0.8333333333333334
vt 0.767555667332055 0.8541653229274113
vt 0.6041673218410654 0.8541666666666666
vt 0.6041666666666675 0.8749993798742667
vt 0.6041666666666675 0.8541666666666675
vt 0.6249984580505245 0.8541668201477868
vt 0.6250000000000009 0.8750000000000009
vt 0.5208333333333334 0.8958333333333334
vt 0.6842232324058392 0.8958333333333335
vt 0.6842242579063417 0.9166666666666666
vt 0.5208343588338359 0.9166666666666666
vt 0.7708343588338359 0.875
vt 0.9342242579063417 0.875
vt 0.9342232324058392 0.8958333333333334
vt 0.7708333333333334 0.8958333333333334
vn 0.1697908366985101 0.24061720976295783 -0.9556539280195049
vn 0.799454972741231 0.533393718252271 0.27633835761315284
vn -0.16979083669851158 -0.2406172097629559 0.9556539280195049
vn -0.7994549727412318 -0.5333937182522709 -0.2763383576131514
vn -0.5762315665880662 0.8109220059259135 0.101797259160333
vn 0.5762315665880666 -0.8109220059259128 -0.10179725916033473
usemtl m_5df9f13a-4e0e-924f-56e3-95b69c15c680
f 41/121/31 42/122/31 43/123/31 44/124/31
f 45/125/32 41/126/32 44/127/32 46/128/32
f 47/129/33 45/130/33 46/131/33 48/132/33
f 42/133/34 47/134/34 48/135/34 43/136/34
f 48/137/35 46/138/35 44/139/35 43/140/35
f 42/141/36 41/142/36 45/143/36 47/144/36
o cube
v 1.4643927903314866 0.7344776129312804 0.19836868598833968
v 1.1668606916648367 0.7893061557809196 0.2071439189198866
v 1.1759717030214798 0.8378241745612942 0.2129153962850292
v 1.4735038016881294 0.7829956317116553 0.20414016335348228
v 1.4647424267827265 0.7287295616306013 0.24613782755061564
v 1.4738534381393695 0.7772475804109762 0.25190930491575825
v 1.1672103281160768 0.7835581044802402 0.25491306048216256
v 1.1763213394727199 0.8320761232606151 0.2606845378473053
vt 0.4791666666666667 0.8792656373454741
vt 0.580056111539783 0.8792656373454741
vt 0.5800561446652887 0.8958333333333334
vt 0.4791666997921724 0.8958333333333334
vt 0.4375000855201192 0.8167648213219769
vt 0.4535375722590936 0.8167648213219769
vt 0.45353748673897437 0.8333333333333334
vt 0.4375 0.8333333333333334
vt 0.49672277820644956 0.875
vt 0.3958333333333333 0.875
vt 0.395833366458839 0.8584323040121409
vt 0.49672281133195534 0.8584323040121409
vt 0.43749999999999956 0.8333333333333323
vt 0.43749999999999956 0.8172958465943579
vt 0.45406851201135606 0.8172957610742387
vt 0.45406851201135606 0.833333247813213
vt 0.49672242023525137 0.9375
vt 0.3958333333333333 0.9374999999999999
vt 0.395833593175885 0.9214631879661118
vt 0.4967226800778031 0.9214631879661118
vt 0.7467226800778031 0.8958333333333334
vt 0.645833593175885 0.8958333333333333
vt 0.6458333333333334 0.8797965212994452
vt 0.7467224202352515 0.8797965212994451
vn -0.0072666829728772605 0.11946485089222078 -0.9928118375200164
vn 0.9830279898722767 -0.18115017675955894 -0.028992836833458276
vn 0.007266682972877446 -0.11946485089222027 0.9928118375200163
vn -0.983027989872276 0.18115017675956255 0.028992836833464118
vn 0.18331166478498673 0.9761725067124561 0.1161209313279757
vn -0.18331166478498723 -0.9761725067124559 -0.11612093132797667
usemtl m_5df9f13a-4e0e-924f-56e3-95b69c15c680
f 49/145/37 50/146/37 51/147/37 52/148/37
f 53/149/38 49/150/38 52/151/38 54/152/38
f 55/153/39 53/154/39 54/155/39 56/156/39
f 50/157/40 55/158/40 56/159/40 51/160/40
f 56/161/41 54/162/41 52/163/41 51/164/41
f 50/165/42 49/166/42 53/167/42 55/168/42
o cube
v 0.06715146433039543 0.1262966989369425 0.24057577672531105
v -0.5271456710718444 -0.049659252174515334 0.4191126584084722
v -0.5725804261637449 0.12552466770726278 0.44052508819537284
v 0.02171670923849489 0.3014806188187207 0.26198820651221166
v 0.11600572336712345 0.11986508272485652 0.3968586959008653
v 0.07057096827522291 0.2950490026066347 0.41827112568776603
v -0.4782914120351164 -0.05609086838660138 0.5753955775840267
v -0.5237261671270169 0.1190930514951768 0.5968080073709272
vt 0.4649995644986153 0.8125
vt 0.2500004682270973 0.8125
vt 0.25 0.7517524819769456
vt 0.4650011004587214 0.7517530507575987
vt 0.4791666666666667 0.8559182261502697
vt 0.5337892554848598 0.8559182261502697
vt 0.5337913386717786 0.9166666666666666
vt 0.47916874985358565 0.9166666666666666
vt 0.22916713489376397 0.8559191486436123
vt 0.4441662311652819 0.8559191486436123
vt 0.444167767125388 0.9166660978860136
vt 0.22916666666666666 0.9166666666666666
vt 0.5625 0.9166645834797478
vt 0.5625 0.8620419946615547
vt 0.6232484405163969 0.8620440778484736
vt 0.6232484405163969 0.9166666666666666
vt 0.6041666666666666 0.7787098962530343
vt 0.8191664215215818 0.7787098962530341
vt 0.8191665040475158 0.8333333333333334
vt 0.6041670458862529 0.8333312712347292
vt 0.7083342364363845 0.8620432295896714
vt 0.9233336946075363 0.8620432295896714
vt 0.9233330881783596 0.9166666666666666
vt 0.7083333333333334 0.9166646045652167
vn -0.29813326134451434 0.039248957098784454 -0.9537169799509398
vn 0.9213909076003796 0.27279992420381277 -0.27680136695064
vn 0.29813326134451473 -0.039248957098784905 0.9537169799509396
vn -0.9213909076003798 -0.2727999242038126 0.2768013669506395
vn -0.2493097548661753 0.9612698480245034 0.11749436330103663
vn 0.2493097548661751 -0.9612698480245033 -0.11749436330103656
usemtl m_5df9f13a-4e0e-924f-56e3-95b69c15c680
f 57/169/43 58/170/43 59/171/43 60/172/43
f 61/173/44 57/174/44 60/175/44 62/176/44
f 63/177/45 61/178/45 62/179/45 64/180/45
f 58/181/46 63/182/46 64/183/46 59/184/46
f 64/185/47 62/186/47 60/187/47 59/188/47
f 58/189/48 57/190/48 61/191/48 63/192/48
o cube
v 0.6072556390787827 0.6592468176639743 -0.47465626293808183
v 0.5264410975252265 0.4599030251218297 -0.054129807500225724
v 0.5003351909532652 0.5205964814096198 -0.030375946694856992
v 0.5811497325068211 0.7199402739517644 -0.4509024021327131
v 0.6660802680543414 0.6768573668088997 -0.45500366089331384
v 0.6399743614823798 0.7375508230966896 -0.4312498000879451
v 0.5852657265007852 0.477513574266755 -0.03447720545545774
v 0.5591598199288239 0.538207030554545 -0.010723344650089006
vt 0.5949496764878032 0.8749999999999999
vt 0.43750105540381273 0.875
vt 0.4375 0.8541666666666666
vt 0.5949504932224885 0.8541674802538934
vt 0.4375000000000009 0.8333333333333326
vt 0.4375000000000009 0.8125003845243318
vt 0.4583333333333342 0.8124999999999992
vt 0.4583333333333342 0.833332948809
vt 0.4166677220704793 0.9166666666666667
vt 0.5741163431544699 0.9166666666666666
vt 0.5741171598891551 0.9374991864127731
vt 0.4166666666666667 0.9375
vt 0.39583371785766636 0.8333333333333333
vt 0.41666666666666713 0.8333333333333333
vt 0.41666628214233453 0.8541666666666666
vt 0.39583333333333376 0.8541666666666665
vt 0.6875000162641022 0.8958333333333334
vt 0.8449488479545737 0.8958333333333334
vt 0.8449488316904715 0.9166666666666666
vt 0.6875 0.9166666666666666
vt 0.6666666666666666 0.8125
vt 0.8241154983571383 0.8125
vt 0.8241155146212403 0.8333333333333334
vt 0.6666666829307689 0.8333333333333334
vn -0.9123998643886626 -0.273148559225351 -0.3048218365810839
vn 0.17109156404031953 0.4220285185329241 -0.890291865771637
vn 0.9123998643886613 0.2731485592253542 0.30482183658108525
vn -0.1710915640403202 -0.42202851853292456 0.8902918657716369
vn -0.37182544853437133 0.8644546223706717 0.33832534886436294
vn 0.3718254485343741 -0.8644546223706712 -0.3383253488643619
usemtl m_5df9f13a-4e0e-924f-56e3-95b69c15c680
f 65/193/49 66/194/49 67/195/49 68/196/49
f 69/197/50 65/198/50 68/199/50 70/200/50
f 71/201/51 69/202/51 70/203/51 72/204/51
f 66/205/52 71/206/52 72/207/52 67/208/52
f 72/209/53 70/210/53 68/211/53 67/212/53
f 66/213/54 65/214/54 69/215/54 71/216/54
o cube
v 0.9811543280896746 1.0926371170955287 -0.10595073638510505
v 0.6420535090484663 0.5882631342124238 0.11001805746300719
v 0.5893635428502941 0.6403045291349723 0.1488251220832726
v 0.9284643618915023 1.1446785120180771 -0.06714367176483954
v 1.0290284541870722 1.0898713114235525 -0.03724101826587345
v 0.9763384879888997 1.141912706346101 0.0015660463543920589
v 0.6899276351458639 0.5854973285404479 0.17872777558223873
v 0.6372376689476913 0.6375387234629961 0.21753484020250424
vt 0.5275011605366773 0.7916666666666666
vt 0.3125 0.7916666666666665
vt 0.3125003629260126 0.7637980266216525
vt 0.5275002260092605 0.763796396623991
vt 0.43750100904596906 0.8262962477477135
vt 0.46542978976648613 0.8262962477477135
vt 0.4654287807205169 0.8541666666666665
vt 0.43749999999999983 0.8541666666666665
vt 0.2916666666666667 0.8679630632906575
vt 0.5066678272033439 0.8679630632906578
vt 0.5066668926759271 0.8958333333333334
vt 0.29166702959267915 0.8958317033356716
vt 0.35416666666666696 0.8333333333333329
vt 0.35416666666666696 0.8054045526128158
vt 0.38203708558562005 0.8054035435668466
vt 0.38203708558562005 0.8333323242873636
vt 0.6041666666666666 0.7845709300289405
vt 0.8191683400391114 0.7845709300289404
vt 0.8191676515956647 0.8124999121453866
vt 0.6041680597033051 0.8125
vt 0.5625013816240697 0.8887375966950403
vt 0.7775009735164472 0.8887375966950403
vt 0.7775016733724268 0.9166665788112027
vt 0.5625 0.9166666666666666
vn -0.571364861581993 0.033009149278597466 -0.8200320670640223
vn 0.5257377039398616 0.7819751672606339 -0.3348353392994032
vn 0.5713648615819914 -0.03300914927859619 0.8200320670640235
vn -0.5257377039398582 -0.7819751672606361 0.33483533929940346
vn -0.6301920831027895 0.6224349233868604 0.46414728755316476
vn 0.6301920831027883 -0.6224349233868606 -0.46414728755316614
usemtl m_5df9f13a-4e0e-924f-56e3-95b69c15c680
f 73/217/55 74/218/55 75/219/55 76/220/55
f 77/221/56 73/222/56 76/223/56 78/224/56
f 79/225/57 77/226/57 78/227/57 80/228/57
f 74/229/58 79/230/58 80/231/58 75/232/58
f 80/233/59 78/234/59 76/235/59 75/236/59
f 74/237/60 73/238/60 77/239/60 79/240/60