# Made in Blockbench 4.12.3
mtllib pine_twig_branch_down_3.mtl

o cube
v 0.6992640614787167 0.3366994813679488 0.03933763550414804
v 0.5087035026425468 0.4165522377621247 0.16177684194268305
v 0.5321313572229953 0.4595733282794633 0.17018160403011595
v 0.7226919160591652 0.3797205718852874 0.047742397591581054
v 0.717790748338587 0.3186815599091055 0.07992297282317606
v 0.7412186029190355 0.361702650426444 0.08832773491060908
v 0.5272301895024174 0.3985343163032814 0.20236217926171096
v 0.5506580440828659 0.44155540682062 0.21076694134914398
vt 0.6249999999999994 0.8167673444547147
vt 0.705056979084734 0.8167673444547147
vt 0.7050575453589291 0.8333333333333344
vt 0.6250005662741945 0.8333333333333345
vt 0.6666666666666656 0.8167656520872189
vt 0.6827061152416721 0.8167656520872189
vt 0.6827049132356432 0.833332248497186
vt 0.6666682039463258 0.8333333333333343
vt 0.4342236457514012 0.8958333333333334
vt 0.3541666666666667 0.8958333333333334
vt 0.3541672329408618 0.8792673444547136
vt 0.4342242120255962 0.8792673444547136
vt 0.6666666666666655 0.8333333333333336
vt 0.6666666666666655 0.8172938847583272
vt 0.6832343479127809 0.8172954220379874
vt 0.6832332630766328 0.8333321313273047
vt 0.4967239070665917 0.9375
vt 0.4166666666666667 0.9375
vt 0.416667135352587 0.9214616656668122
vt 0.49672281783942873 0.921460282487647
vt 0.7050564282904602 0.8333333333333325
vt 0.6250007457916693 0.8333333333333325
vt 0.6249999999999997 0.8172949990106364
vt 0.7050572403879753 0.8172936158045542
vn -0.3850501269847316 0.37447618120842074 -0.8435069587244672
vn 0.7934436119406408 -0.3324856929669367 -0.5098043729146369
vn 0.3850501269847303 -0.37447618120842285 0.843506958724467
vn -0.7934436119406388 0.33248569296693486 0.5098043729146409
vn 0.4713635904263682 0.8655754465555564 0.1691020755062231
vn -0.4713635904263668 -0.8655754465555573 -0.16910207550622192
usemtl m_887ce9a5-8d96-4c6d-4392-ed1ee2510bb6
f 1/1/1 2/2/1 3/3/1 4/4/1
f 5/5/2 1/6/2 4/7/2 6/8/2
f 7/9/3 5/10/3 6/11/3 8/12/3
f 2/13/4 7/14/4 8/15/4 3/16/4
f 8/17/5 6/18/5 4/19/5 3/20/5
f 2/21/6 1/22/6 5/23/6 7/24/6
o cube
v 0.5240059935176689 0.3977650070545502 0.14597818949708463
v 0.3305727863803448 0.6341169280167507 0.2800563992630446
v 0.38683924513474555 0.6798900100754435 0.2805430234378836
v 0.5802724522720695 0.4435380891132429 0.14646481367192354
v 0.5415541996298392 0.3755076500691281 0.21052987826096026
v 0.59782065838424 0.4212807321278208 0.21101650243579928
v 0.34812099249251516 0.6118595710313286 0.3446080880269202
v 0.4043874512469159 0.6576326530900212 0.34509471220175925
vt 0.416667629291444 0.8091541115660152
vt 0.5278500050594749 0.8091541115660154
vt 0.5278505982337112 0.8333333333333334
vt 0.4166666666666667 0.8333319477766917
vt 0.666666666666666 0.8299863859293326
vt 0.6901668100800876 0.8299863859293326
vt 0.6901660397316566 0.8541648034983688
vt 0.6666668284564587 0.8541666666666674
vt 0.44451667172614157 0.9166666666666666
vt 0.3333342959581107 0.9166666666666666
vt 0.3333333333333333 0.8924888304559903
vt 0.44451726490037785 0.8924874448993486
vt 0.5833333333333325 0.8541666666666659
vt 0.5833333333333325 0.8306665232532441
vt 0.6075136140706673 0.8306666850430369
vt 0.6075117509023688 0.8541658963182347
vt 0.6111848943584827 0.9166666666666666
vt 0.5 0.9166666666666666
vt 0.5000009953936971 0.8931675264478611
vt 0.6111831388835794 0.8931664713282002
vt 0.7778500285623299 0.9166666666666666
vt 0.666667885067441 0.9166666666666666
vt 0.6666666666666666 0.8931675264583657
vt 0.7778515610201427 0.8931664713125987
vn -0.24891072499532493 0.315707191282583 -0.9156267909769593
vn 0.5799226716753892 -0.7085951760221935 -0.4019733466225784
vn 0.24891072499532407 -0.31570719128258373 0.9156267909769593
vn -0.5799226716753881 0.7085951760221944 0.4019733466225784
vn 0.7757146033556286 0.6310482120175449 0.006708818843852675
vn -0.7757146033556295 -0.6310482120175437 -0.006708818843854754
usemtl m_887ce9a5-8d96-4c6d-4392-ed1ee2510bb6
f 9/25/7 10/26/7 11/27/7 12/28/7
f 13/29/8 9/30/8 12/31/8 14/32/8
f 15/33/9 13/34/9 14/35/9 16/36/9
f 10/37/10 15/38/10 16/39/10 11/40/10
f 16/41/11 14/42/11 12/43/11 11/44/11
f 10/45/12 9/46/12 13/47/12 15/48/12
o cube
v 0.33375451257440125 0.6428075632177412 0.2498596665066315
v -0.04344857865645074 0.8891170814199452 0.5700041226040073
v 0.01601831481026117 0.9655657389700509 0.581252369964169
v 0.3932214060411132 0.719256220767847 0.2611079138667931
v 0.3783060740694866 0.595019318005066 0.3391183927626277
v 0.43777296753619854 0.6714679755551716 0.3503666401227892
v 0.0011029828386346363 0.8413288362072697 0.6592628488600036
v 0.060569876305346604 0.9177774937573755 0.670511096220165
vt 0.3958340466360099 0.75916405800515
vt 0.5800563330736516 0.7591640580051501
vt 0.580057430946271 0.7916656371416185
vt 0.3958333333333333 0.7916666666666666
vt 0.6458336635204884 0.7591646143159444
vt 0.6827051135614756 0.7591646143159444
vt 0.6827047833743212 0.7916666666666657
vt 0.645833333333334 0.7916666666666657
vt 0.6008896664069849 0.8541666666666666
vt 0.4166673799693433 0.8541666666666666
vt 0.4166666666666667 0.82166405800515
vt 0.6008907642796043 0.8216650875301982
vt 0.6666666666666664 0.854166666666667
vt 0.6666666666666664 0.8172952166256798
vt 0.6991687190173878 0.8172948864385255
vt 0.6991687190173878 0.8541663364795126
vt 0.5800554600811997 0.9375
vt 0.3958333333333333 0.9375
vt 0.3958337732461066 0.9006272938004262
vt 0.5800573500427869 0.9006287896734874
vt 0.7883903839802988 0.9374999999999999
vt 0.6041668071775455 0.9375
vt 0.6041666666666666 0.9006272937980697
vt 0.78838879340846 0.9006287896593564
vn -0.4027623875160269 0.4320231904594797 -0.8069314853862142
vn 0.6825117588119728 -0.4456727592866714 -0.5792697909551232
vn 0.40276238751602694 -0.4320231904594802 0.8069314853862138
vn -0.6825117588119717 0.4456727592866723 0.579269790955124
vn 0.609885364872595 0.7840483113526978 0.11536068298690431
vn -0.6098853648725941 -0.7840483113526985 -0.11536068298690291
usemtl m_887ce9a5-8d96-4c6d-4392-ed1ee2510bb6
f 17/49/13 18/50/13 19/51/13 20/52/13
f 21/53/14 17/54/14 20/55/14 22/56/14
f 23/57/15 21/58/15 22/59/15 24/60/15
f 18/61/16 23/62/16 24/63/16 19/64/16
f 24/65/17 22/66/17 20/67/17 19/68/17
f 18/69/18 17/70/18 21/71/18 23/72/18
o cube
v 1.511803931040692 0.047529129585803576 1.1438545772972009
v 1.1744357393647162 0.1851110714918407 1.1193125507377593
v 1.193037016388696 0.2368534523871848 1.1536755666825387
v 1.5304052080646722 0.09927151048114768 1.1782175932419805
v 1.497637120472296 0.02122385514907854 1.191132682921029
v 1.5162383974962759 0.07296623604442276 1.2254956988658083
v 1.16026892879632 0.15880579705511566 1.166590656361587
v 1.1788702058202998 0.21054817795045988 1.2009536723063665
vt 0.2916666666666667 0.8125
vt 0.41339093688452194 0.8125
vt 0.4133910377927967 0.8333333333333334
vt 0.2916667675749414 0.8333333333333334
vt 0.6666690463761169 0.8117188461249788
vt 0.6853108091999637 0.8117188461249787
vt 0.6853094872167663 0.8333333333333336
vt 0.6666666666666664 0.8333315384815427
vt 0.3925576035511886 0.9375
vt 0.2708333333333333 0.9375
vt 0.2708334342416081 0.9166666666666666
vt 0.3925577044594634 0.9166666666666666
vt 0.6666666666666677 0.8333333333333331
vt 0.6666666666666677 0.8146915705094863
vt 0.6882793590232318 0.8146891908000359
vt 0.6882811538750225 0.8333320113501358
vt 0.6008900229002826 0.875
vt 0.4791678443185609 0.875
vt 0.4791666666666667 0.8563567528934567
vt 0.6008888452483885 0.8563567528934567
vt 0.6217221785817219 0.9583333333333334
vt 0.5 0.9583333333333334
vt 0.5000011776518942 0.93969008622679
vt 0.6217233562336159 0.93969008622679
vn 0.2533067018621615 0.4703459735680064 -0.8453463076988499
vn 0.9238686517091479 -0.37676238099630077 0.06720731102432174
vn -0.25330670186216164 -0.4703459735680056 0.8453463076988501
vn -0.923868651709148 0.37676238099629933 -0.06720731102432723
vn 0.2868839995204249 0.7980130158176388 0.5299743365530091
vn -0.28688399952042576 -0.7980130158176392 -0.5299743365530079
usemtl m_887ce9a5-8d96-4c6d-4392-ed1ee2510bb6
f 25/73/19 26/74/19 27/75/19 28/76/19
f 29/77/20 25/78/20 28/79/20 30/80/20
f 31/81/21 29/82/21 30/83/21 32/84/21
f 26/85/22 31/86/22 32/87/22 27/88/22
f 32/89/23 30/90/23 28/91/23 27/92/23
f 26/93/24 25/94/24 29/95/24 31/96/24
o cube
v 1.1956433961468231 0.18033502295864046 1.1081610456527402
v 0.8435953542138421 0.5137103505966802 1.0361283054967423
v 0.8832174757501579 0.5658375427292086 1.0837320679597024
v 1.2352655176831386 0.23246221509116893 1.1557648081157004
v 1.156391659093194 0.15252404392281216 1.1712851599700245
v 1.1960137806295095 0.20465123605534064 1.2188889224329846
v 0.804343617160213 0.48589937156085183 1.0992524198140265
v 0.8439657386965287 0.5380265636933803 1.1468561822769867
vt 0.25 0.8958333333333334
vt 0.4133894302184755 0.8958333333333334
vt 0.4133902551636767 0.9166666666666666
vt 0.2500008249452013 0.9166666666666666
vt 0.6666666666666659 0.8271825044922533
vt 0.6931222616693198 0.8271825044922533
vt 0.6931229139678011 0.8541666666666671
vt 0.6666673189651472 0.8541666666666671
vt 0.30922276355180883 0.875
vt 0.14583333333333334 0.875
vt 0.14583415827853466 0.8541666666666666
vt 0.30922358849701004 0.8541666666666666
vt 0.6666666666666659 0.8333326810348526
vt 0.6666666666666659 0.8068770860321988
vt 0.6936508288410795 0.8068777383306801
vt 0.6936508288410796 0.833333333333334
vt 0.6008908262449437 0.8333333333333334
vt 0.4375005576287491 0.8333333333333334
vt 0.4375 0.8125
vt 0.6008912227903881 0.8125014583541355
vt 0.6217245561342172 0.9375
vt 0.4583333333333333 0.9375
vt 0.4583341908365979 0.9166666666666666
vt 0.6217244594422968 0.9166681250122859
vn 0.49457238144810484 0.3504186862701207 -0.7953646357624115
vn 0.7182176798879213 -0.680123238389293 0.14695490770733874
vn -0.49457238144810495 -0.3504186862701212 0.7953646357624108
vn -0.7182176798879208 0.680123238389294 -0.14695490770733682
vn 0.4894502260752993 0.6439247820324854 0.5880470655306892
vn -0.4894502260752994 -0.6439247820324856 -0.588047065530689
usemtl m_887ce9a5-8d96-4c6d-4392-ed1ee2510bb6
f 33/97/25 34/98/25 35/99/25 36/100/25
f 37/101/26 33/102/26 36/103/26 38/104/26
f 39/105/27 37/106/27 38/107/27 40/108/27
f 34/109/28 39/110/28 40/111/28 35/112/28
f 40/113/29 38/114/29 36/115/29 35/116/29
f 34/117/30 33/118/30 37/119/30 39/120/30
o cube
v 0.9159207480335132 0.47318347377301173 1.049247849498165
v 0.5535075730267174 0.6325350964249332 0.7104900400831053
v 0.554128340853983 0.726701064183672 0.7541215812931634
v 0.9165415158607788 0.5673494415317504 1.0928793907082228
v 0.8428175799396262 0.4438265466197765 1.113646297792798
v 0.8434383477668916 0.5379925143785149 1.1572778390028557
v 0.4804044049328302 0.6031781692716982 0.7748884883777385
v 0.4810251727600958 0.6973441370304365 0.8185200295877963
vt 0.2916666666666667 0.7154044880895705
vt 0.46535047752569253 0.7154044880895702
vt 0.46535079339342283 0.75
vt 0.2916669825343969 0.75
vt 0.6458341977446534 0.8195713092672553
vt 0.6797515883235373 0.8195713092672553
vt 0.6797507239122164 0.8541666666666676
vt 0.6458333333333327 0.8541666666666677
vt 0.5278504775256925 0.8333333333333334
vt 0.3541666666666667 0.8333333333333334
vt 0.3541669825343969 0.7987378214229038
vt 0.5278507933934228 0.7987378214229037
vt 0.6666666666666662 0.8541666666666657
vt 0.6666666666666662 0.820249276087782
vt 0.7012620240660786 0.8202484116764612
vt 0.7012620240660784 0.854165802255345
vt 0.4653509230177783 0.9375
vt 0.29166787534084687 0.9374999999999999
vt 0.2916666666666667 0.9035842416261431
vt 0.465349714343598 0.9035842416261434
vt 0.8820163810102647 0.9166666666666666
vt 0.7083333333333334 0.9166666666666666
vt 0.7083345420075137 0.88275090829281
vt 0.882017589684445 0.88275090829281
vn 0.7184586544853776 0.2885201685821651 -0.6329085827482354
vn 0.6955439497299654 -0.3058278910889974 0.6501445339507944
vn -0.7184586544853772 -0.2885201685821664 0.6329085827482351
vn -0.6955439497299648 0.3058278910889985 -0.6501445339507945
vn 0.005981286575762184 0.9073177025460122 0.4204031527682978
vn -0.005981286575763111 -0.9073177025460131 -0.42040315276829626
usemtl m_887ce9a5-8d96-4c6d-4392-ed1ee2510bb6
f 41/121/31 42/122/31 43/123/31 44/124/31
f 45/125/32 41/126/32 44/127/32 46/128/32
f 47/129/33 45/130/33 46/131/33 48/132/33
f 42/133/34 47/134/34 48/135/34 43/136/34
f 48/137/35 46/138/35 44/139/35 43/140/35
f 42/141/36 41/142/36 45/143/36 47/144/36
o cube
v 1.2169118320941557 0.10522057195430545 0.49355260133614187
v 0.9352424607280492 0.38108723422891 0.5177383384489822
v 0.9846805253178987 0.432353207733595 0.508750213613189
v 1.2663498966840052 0.15648654545899054 0.4845644765003485
v 1.2256066572507716 0.10834366996160338 0.5591907625948151
v 1.2750447218406211 0.15960964346628836 0.5502026377590217
v 0.9439372858846653 0.3842103322362078 0.5833764997076556
v 0.9933753504745146 0.4354763057408928 0.5743883748718621
vt 0.20833333333333334 0.7916666666666666
vt 0.3400003884652762 0.7916666666666666
vt 0.3400015852576312 0.8124999999999999
vt 0.2083345301256884 0.8125
vt 0.45833333333333215 0.7291647432378243
vt 0.45833333333333215 0.707068786743416
vt 0.4822623059243217 0.7070708474758483
vt 0.4822602271204584 0.7291666666666656
vt 0.5900003884652761 0.8333333333333334
vt 0.4583333333333333 0.8333333333333334
vt 0.4583345301256883 0.8125
vt 0.5900015852576311 0.8125000000000001
vt 0.4375000000000006 0.7052376940756762
vt 0.45959595649440876 0.7052376940756762
vt 0.45959787992325013 0.7291645878628024
vt 0.43750206073243275 0.7291666666666656
vt 0.5691656195901657 0.8958333333333333
vt 0.43750034316026903 0.8958333333333334
vt 0.4375 0.875
vt 0.5691673550383421 0.8750001322301562
vt 0.7775006883717502 0.8958333333333333
vt 0.6458333333333334 0.8958333333333334
vt 0.6458337000244542 0.875
vt 0.7774989764542762 0.8750001322280687
vn -0.13117303554090737 -0.04711609934988658 -0.9902392175272778
vn 0.7130870161167261 -0.6983966133534297 -0.061229714209721224
vn 0.1311730355409097 0.04711609934988858 0.9902392175272775
vn -0.7130870161167263 0.6983966133534291 0.0612297142097248
vn 0.6886948106329303 0.7141584163464797 -0.12520868248153055
vn -0.6886948106329305 -0.7141584163464795 0.12520868248153086
usemtl m_887ce9a5-8d96-4c6d-4392-ed1ee2510bb6
f 49/145/37 50/146/37 51/147/37 52/148/37
f 53/149/38 49/150/38 52/151/38 54/152/38
f 55/153/39 53/154/39 54/155/39 56/156/39
f 50/157/40 55/158/40 56/159/40 51/160/40
f 56/161/41 54/162/41 52/163/41 51/164/41
f 50/165/42 49/166/42 53/167/42 55/168/42
o cube
v 0.93279560955456 0.35578048790012984 0.506588234186929
v 0.5684886544489325 0.5748677551878723 0.6756665053339188
v 0.6230761419917612 0.663950149668922 0.6778535575245046
v 0.9873830970973887 0.44486288238117955 0.508775286377515
v 0.9629928319061847 0.33501848684223434 0.598555984373168
v 1.0175803194490136 0.42410088132328405 0.6007430365637538
v 0.5986858768005572 0.5541057541299768 0.7676342555201581
v 0.6532733643433861 0.6431881486110265 0.7698213077107439
vt 0.4583333333333333 0.8193331447865555
vt 0.6108350168395237 0.8193331447865554
vt 0.6108348069147008 0.8541658706827397
vt 0.4583359601258288 0.8541666666666666
vt 0.4583333333333341 0.6734999170226509
vt 0.4913325584531297 0.673499917022651
vt 0.4913332568596805 0.7083333333333337
vt 0.458334031739885 0.7083333333333337
vt 0.7566683501728569 0.9166666666666666
vt 0.6041666666666666 0.9166666666666666
vt 0.6041692934591621 0.8818331447865555
vt 0.7566681402480341 0.8818339407704824
vt 0.4375000000000003 0.7291659682601158
vt 0.4375000000000003 0.6961667431403202
vt 0.472333416310683 0.6961674415468713
vt 0.472333416310683 0.7291666666666667
vt 0.7774996470852017 0.8541666666666666
vt 0.625 0.8541666666666666
vt 0.6250012471568023 0.8211653169572078
vt 0.777501729967982 0.8211672253177263
vt 0.5483346503409707 0.9166666666666666
vt 0.3958341675178507 0.9166666666666666
vt 0.3958333333333333 0.8836653169441852
vt 0.5483329804065948 0.8836672252942454
vn -0.30502244799621037 0.20971718240298395 -0.9289671735983748
vn 0.7962993554221386 -0.4788792727600923 -0.36956999157812
vn 0.3050224479962104 -0.2097171824029847 0.9289671735983747
vn -0.7962993554221376 0.4788792727600946 0.36956999157811926
vn 0.5223683018452472 0.852463105081808 0.0209287290965145
vn -0.5223683018452474 -0.8524631050818078 -0.020928729096515702
usemtl m_887ce9a5-8d96-4c6d-4392-ed1ee2510bb6
f 57/169/43 58/170/43 59/171/43 60/172/43
f 61/173/44 57/174/44 60/175/44 62/176/44
f 63/177/45 61/178/45 62/179/45 64/180/45
f 58/181/46 63/182/46 64/183/46 59/184/46
f 64/185/47 62/186/47 60/187/47 59/188/47
f 58/189/48 57/190/48 61/191/48 63/192/48
o cube
v 0.5933521320728943 0.5542374143549011 0.6749601999494395
v 0.27340902242921716 0.7980886773852323 0.6184255923989586
v 0.3509000556639176 0.9085975184462374 0.6565438074092667
v 0.6708431653075946 0.6647462554159063 0.7130784149597478
v 0.5558414325412253 0.5353774184132034 0.8058933812814613
v 0.6333324657759258 0.6458862594742087 0.8440115962917694
v 0.2358983228975483 0.7792286814435345 0.7493587737309801
v 0.31338935613224883 0.8897375225045396 0.7874769887412882
vt 0.5833333333333334 0.807414930510439
vt 0.7187434313310711 0.807414930510439
vt 0.7187433720974287 0.8541650094708962
vt 0.5833345366288811 0.8541666666666666
vt 0.4375 0.7657512555472344
vt 0.48333322940329126 0.7657512555472344
vt 0.48333400203761906 0.8125
vt 0.4375007726343277 0.8125
vt 0.5104100979977377 0.8749999999999999
vt 0.375 0.875
vt 0.37500120329554787 0.8282482638437724
vt 0.5104100387640953 0.8282499210395426
vt 0.3333333333333333 0.791665894032339
vt 0.3333333333333333 0.7458326646290476
vt 0.38008207778609887 0.7458334372633755
vt 0.3800820777860989 0.7916666666666666
vt 0.5520775309173539 0.9375
vt 0.4166666666666667 0.9375
vt 0.41666717473330844 0.8916669692272995
vt 0.5520780389839958 0.8916669692272995
vt 0.7812447056506624 0.9166666666666666
vt 0.645833841399975 0.9166666666666666
vt 0.6458333333333334 0.8708336358939661
vt 0.7812441975840206 0.8708336358939661
vn 0.2728050875030443 0.13716360684870993 -0.9522413187783383
vn 0.7875901348024652 -0.600278122369013 0.13916880170126872
vn -0.2728050875030445 -0.13716360684870924 0.9522413187783384
vn -0.7875901348024646 0.6002781223690138 -0.13916880170126805
vn 0.552520736076295 0.787941825746917 0.2717876293070092
vn -0.5525207360762948 -0.7879418257469164 -0.2717876293070112
usemtl m_887ce9a5-8d96-4c6d-4392-ed1ee2510bb6
f 65/193/49 66/194/49 67/195/49 68/196/49
f 69/197/50 65/198/50 68/199/50 70/200/50
f 71/201/51 69/202/51 70/203/51 72/204/51
f 66/205/52 71/206/52 72/207/52 67/208/52
f 72/209/53 70/210/53 68/211/53 67/212/53
f 66/213/54 65/214/54 69/215/54 71/216/54
o cube
v 0.3182514095961984 0.9059416107626286 0.7907489437990451
v 0.24095269709824968 0.743332295377231 0.7582566119665557
v 0.28502026052213186 0.7654891672935702 0.6044363301251644
v 0.3623189730200806 0.928098482678968 0.6369286619576539
v -0.4863610572026885 1.0481670895747617 0.5933759272285433
v -0.4425138315959257 1.070213177131519 0.44032474679635886
v -0.5187773560401718 0.9349051965366766 0.39898592450613085
v -0.5626245816469346 0.912859108979919 0.5520371049383153
vt 0.31249999999999895 0.8921706697728847
vt 0.31249999999999895 0.8311835030829321
vt 0.36621962060891916 0.8348482422308894
vt 0.36621944112557614 0.8958333333333329
vt 0.7810179275166886 0.8747316319266473
vt 0.5008233411805424 0.875
vt 0.5 0.8211624463090547
vt 0.7802002013689894 0.8211624463090547
vt 0.2708333333333333 0.9583333333333334
vt 0.2708333333333333 0.9047570576754635
vt 0.32440960899120314 0.9047570576754635
vt 0.32440960899120314 0.9583333333333334
vt 0.10178382438894758 0.2833275463154795
vt 0.08333333333333333 0.23302930717423853
vt 0.3655873169805481 0.23302930717423864
vt 0.3818233715646255 0.29166666666666663
vt 0.759234275016211 0.7830670539756394
vt 0.4791666666666667 0.7916666666666666
vt 0.4954090732621353 0.7328828332081574
vt 0.7776396430111759 0.7328828332081574
vt 0.7614210378738265 0.8837926447605637
vt 0.7614204316231032 0.9373689473107114
vt 0.47916697131711067 0.9375
vt 0.4791669713171107 0.8836555625326018
vn 0.8727284808260749 -0.4518194067718047 0.18494383585128174
vn 0.1289237139791416 0.9756448280214541 0.1774706892103929
vn -0.8369208751153524 0.5219940619418963 -0.1645771797472316
vn -0.2732301653615546 -0.13689933861571627 0.9521574700768131
vn 0.24904588337412933 0.07456050959222604 -0.9656173560907796
vn -0.15723989230457946 -0.9701182594417358 -0.18478684738308981
usemtl m_887ce9a5-8d96-4c6d-4392-ed1ee2510bb6
f 73/217/55 74/218/55 75/219/55 76/220/55
f 77/221/56 73/222/56 76/223/56 78/224/56
f 79/225/57 80/226/57 77/227/57 78/228/57
f 77/229/58 80/230/58 74/231/58 73/232/58
f 78/233/59 76/234/59 75/235/59 79/236/59
f 80/237/60 79/238/60 75/239/60 74/240/60