# Made in Blockbench 4.8.1
mtllib pine_twig_branch_down.mtl

o cube
v 1.1246308154189986 0.4982305402419841 0.6528521568677064
v 1.1372501603983178 0.49508532564979313 0.5159685940945891
v 1.0886368388625218 0.3626781346181909 0.6526484873941454
v 1.101256183841841 0.3595329200259998 0.5157649246210279
v 0.21600175201852467 0.7398455464486733 0.4254144424936175
v 0.2033824070392054 0.7429907610408644 0.5622980052667348
v 0.18000777546204805 0.60429314082488 0.4252107730200564
v 0.16738843048272878 0.607438355417071 0.5620943357931738
vt 0.36909375 0.4088708333333342
vt 0.36909375 0.5684541666666667
vt 0.3515625 0.5684541666666667
vt 0.3515625 0.4088708333333342
vt 0.36128125 0.5351208333333333
vt 0.36128125 0.5580375
vt 0.34375 0.5580375
vt 0.34375 0.5351208333333333
vt 0.41596875 0.2942875000000008
vt 0.41596875 0.45387083333333333
vt 0.3984375 0.45387083333333333
vt 0.3984375 0.2942875000000008
vt 0.36128125 0.5351208333333333
vt 0.36128125 0.5580375
vt 0.34375 0.5580375
vt 0.34375 0.5351208333333333
vt 0.415625 0.7109541666666676
vt 0.415625 0.8705375000000001
vt 0.3984375 0.8705375000000001
vt 0.3984375 0.7109541666666676
vt 0.3765625 0.1380375000000008
vt 0.3765625 0.29762083333333333
vt 0.359375 0.29762083333333333
vt 0.359375 0.1380375000000008
vn 0.09177705439504959 -0.02287428794320712 -0.9955168201681274
vn 0.9621393299005725 -0.2556242514870824 0.09457352647621092
vn -0.09177705439504959 0.02287428794320712 0.9955168201681274
vn -0.9621393299005725 0.2556242514870824 -0.09457352647621092
vn 0.2566415440746993 0.9665055659450493 0.0014521887597937662
vn -0.2566415440746993 -0.9665055659450493 -0.0014521887597937662
usemtl m_890a103a-2c95-a057-8483-4c3958a0f191
f 4/4/1 7/3/1 5/2/1 2/1/1
f 3/8/2 4/7/2 2/6/2 1/5/2
f 8/12/3 3/11/3 1/10/3 6/9/3
f 7/16/4 8/15/4 6/14/4 5/13/4
f 6/20/5 1/19/5 2/18/5 5/17/5
f 7/24/6 4/23/6 3/22/6 8/21/6
o cube
v 1.718780779203822 0.12184748926526356 0.6320195312500001
v 1.718780779203822 0.12184748926526356 0.5427851562499999
v 1.6698884260802322 0.04127538495383232 0.6320195312500001
v 1.6698884260802322 0.04127538495383232 0.5427851562499999
v 1.1139306307027135 0.4888795694138317 0.5427851562499999
v 1.1139306307027135 0.4888795694138317 0.6320195312500001
v 1.0650382775791234 0.40830746510240046 0.5427851562499999
v 1.0650382775791234 0.40830746510240046 0.6320195312500001
vt 0.4115000000000001 0.6380375000000003
vt 0.4115000000000001 0.7455375
vt 0.3984375 0.7455375
vt 0.3984375 0.6380375000000003
vt 0.3568125000000001 0.5415375
vt 0.3568125000000001 0.5580375
vt 0.34375 0.5580375
vt 0.34375 0.5415375
vt 0.4115000000000001 0.3776208333333336
vt 0.4115000000000001 0.48512083333333333
vt 0.3984375 0.48512083333333333
vt 0.3984375 0.3776208333333336
vt 0.3568125000000001 0.5415375
vt 0.3568125000000001 0.5580375
vt 0.34375 0.5580375
vt 0.34375 0.5415375
vt 0.37175 0.2109541666666669
vt 0.37175 0.3184541666666667
vt 0.359375 0.3184541666666667
vt 0.359375 0.2109541666666669
vt 0.387375 0.7838708333333335
vt 0.387375 0.8913708333333333
vt 0.375 0.8913708333333333
vt 0.375 0.7838708333333335
vn 1.8277142623190128e-18 -2.0091520390451227e-18 -1
vn 0.8549118706729468 -0.5187732581605212 2.6048289684900658e-18
vn -1.8277142623190128e-18 2.0091520390451227e-18 1
vn -0.8549118706729468 0.5187732581605212 -2.6048289684900658e-18
vn 0.5187732581605212 0.8549118706729468 -7.694786453167441e-19
vn -0.5187732581605212 -0.8549118706729468 7.694786453167441e-19
usemtl m_890a103a-2c95-a057-8483-4c3958a0f191
f 12/28/7 15/27/7 13/26/7 10/25/7
f 11/32/8 12/31/8 10/30/8 9/29/8
f 16/36/9 11/35/9 9/34/9 14/33/9
f 15/40/10 16/39/10 14/38/10 13/37/10
f 14/44/11 9/43/11 10/42/11 13/41/11
f 15/48/12 12/47/12 11/46/12 16/45/12
o cube
v 0.46927340683622054 0.5424889471689824 0.9539861702205092
v 0.5375382271560636 0.5344092732430537 0.8789682012000792
v 0.43182104921752174 0.44871500303359824 0.9300050414919663
v 0.5000858695373647 0.4406353291076692 0.8549870724715363
v 0.15950774184460847 0.780131078554609 0.5085031568711822
v 0.09124292152476554 0.7882107524805382 0.5835211258916124
v 0.12205538422590956 0.6863571344192247 0.484522028142639
v 0.053790563906066624 0.6944368083451538 0.5595399971630692
vt 0.40359812500000003 0.47119583333333404
vt 0.40359812500000003 0.5892875
vt 0.390625 0.5892875
vt 0.390625 0.47119583333333404
vt 0.35672312500000003 0.5410791666666668
vt 0.35672312500000003 0.5580375
vt 0.34375 0.5580375
vt 0.34375 0.5410791666666668
vt 0.35672312500000003 0.43994583333333404
vt 0.35672312500000003 0.5580375
vt 0.34375 0.5580375
vt 0.34375 0.43994583333333404
vt 0.35672312500000003 0.5410791666666668
vt 0.35672312500000003 0.5580375
vt 0.34375 0.5580375
vt 0.34375 0.5410791666666668
vt 0.37990625 0.25
vt 0.37990625 0.36809166666666604
vt 0.3671875 0.36809166666666604
vt 0.3671875 0.25
vt 0.39553125 0.6482791666666674
vt 0.39553125 0.7663708333333333
vt 0.3828125 0.7663708333333333
vt 0.3828125 0.6482791666666674
vn 0.6709073250107416 -0.07940711475114486 -0.7372773368101245
vn 0.6478116447801514 -0.4210809790276018 0.6348471327716549
vn -0.6709073250107416 0.07940711475114486 0.7372773368101245
vn -0.6478116447801514 0.4210809790276018 -0.6348471327716549
vn 0.3608648419203043 0.9035404358566665 0.23106545963812705
vn -0.3608648419203043 -0.9035404358566665 -0.23106545963812705
usemtl m_890a103a-2c95-a057-8483-4c3958a0f191
f 20/52/13 23/51/13 21/50/13 18/49/13
f 19/56/14 20/55/14 18/54/14 17/53/14
f 24/60/15 19/59/15 17/58/15 22/57/15
f 23/64/16 24/63/16 22/62/16 21/61/16
f 22/68/17 17/67/17 18/66/17 21/65/17
f 23/72/18 20/71/18 19/70/18 24/69/18
o cube
v 0.6796194095780512 0.232387113120065 1.1186518488989927
v 0.7175365214369234 0.2252353299337413 1.0633871316398131
v 0.6356955263429984 0.18721841458484623 1.0943609428427556
v 0.6736126382018708 0.18006663139852253 1.039096225583576
v 0.4992984768702897 0.5398800520643323 0.8729360137641411
v 0.46138136501141735 0.547031835250656 0.9282007310233207
v 0.455374593635237 0.49471135352911344 0.8486451077079038
v 0.41745748177636466 0.5018631367154374 0.9039098249670836
vt 0.37730653750000004 0.601342666666667
vt 0.37730653750000004 0.6726208333333334
vt 0.3671875 0.6726208333333334
vt 0.3671875 0.601342666666667
vt 0.35386903750000004 0.54481
vt 0.35386903750000004 0.5580375
vt 0.34375 0.5580375
vt 0.34375 0.54481
vt 0.35386903750000004 0.48675933333333377
vt 0.35386903750000004 0.5580375
vt 0.34375 0.5580375
vt 0.34375 0.48675933333333377
vt 0.35386903750000004 0.54481
vt 0.35386903750000004 0.5580375
vt 0.34375 0.5580375
vt 0.34375 0.54481
vt 0.369295625 0.3409260000000004
vt 0.369295625 0.4122041666666667
vt 0.359375 0.4122041666666667
vt 0.359375 0.3409260000000004
vt 0.361483125 0.7575926666666671
vt 0.361483125 0.8288708333333333
vt 0.3515625 0.8288708333333333
vt 0.3515625 0.7575926666666671
vn 0.5625508194100536 -0.10610622208474058 -0.8199256339546783
vn 0.5102966185686476 -0.7357201998054401 0.4453236448647743
vn -0.5625508194100536 0.10610622208474058 0.8199256339546783
vn -0.5102966185686476 0.7357201998054401 -0.4453236448647743
vn 0.6504874608003459 0.6689224598061775 0.3597343549181416
vn -0.6504874608003459 -0.6689224598061775 -0.3597343549181416
usemtl m_890a103a-2c95-a057-8483-4c3958a0f191
f 28/76/19 31/75/19 29/74/19 26/73/19
f 27/80/20 28/79/20 26/78/20 25/77/20
f 32/84/21 27/83/21 25/82/21 30/81/21
f 31/88/22 32/87/22 30/86/22 29/85/22
f 30/92/23 25/91/23 26/90/23 29/89/23
f 31/96/24 28/95/24 27/94/24 32/93/24
o cube
v 0.997100301460337 0.5834106128439411 0.22325126346854107
v 0.9356474133144239 0.5866624800715379 0.14222021757833958
v 0.9871527753834577 0.4801594160586419 0.22665175054442244
v 0.9256998872375446 0.4834112832862385 0.14562070465422083
v 0.5233766360773728 0.6367452682069719 0.4568908756780976
v 0.5848295242232859 0.6334934009793751 0.5379219215682993
v 0.5134291100004935 0.5334940714216725 0.46029136275397886
v 0.5748819981464066 0.5302422041940758 0.5413224086441806
vt 0.35672312500000003 0.8184541666666667
vt 0.35672312500000003 0.7316125000000007
vt 0.34375 0.7316125000000007
vt 0.34375 0.8184541666666667
vt 0.35672312500000003 0.5580375
vt 0.35672312500000003 0.5410791666666668
vt 0.34375 0.5410791666666668
vt 0.34375 0.5580375
vt 0.35672312500000003 0.5580375
vt 0.35672312500000003 0.47119583333333404
vt 0.34375 0.47119583333333404
vt 0.34375 0.5580375
vt 0.35672312500000003 0.5580375
vt 0.35672312500000003 0.5410791666666668
vt 0.34375 0.5410791666666668
vt 0.34375 0.5580375
vt 0.3984375 0.6274458333333339
vt 0.3984375 0.7142875
vt 0.41115625 0.7142875
vt 0.41115625 0.6274458333333339
vt 0.3984375 0.2732791666666673
vt 0.3984375 0.36012083333333333
vt 0.41115625 0.36012083333333333
vt 0.41115625 0.2732791666666673
vn -0.6039595886576231 0.031959383072202356 -0.7963739153828174
vn 0.7912307403071765 -0.0961189677294585 -0.6039164343148652
vn 0.6039595886576231 -0.031959383072202356 0.7963739153828174
vn -0.7912307403071765 0.0961189677294585 0.6039164343148652
vn 0.09584743534113085 0.9948566438820559 -0.03276472588409981
vn -0.09584743534113085 -0.9948566438820559 0.03276472588409981
usemtl m_890a103a-2c95-a057-8483-4c3958a0f191
f 36/100/25 39/99/25 37/98/25 34/97/25
f 35/104/26 36/103/26 34/102/26 33/101/26
f 40/108/27 35/107/27 33/106/27 38/105/27
f 39/112/28 40/111/28 38/110/28 37/109/28
f 38/116/29 33/115/29 34/114/29 37/113/29
f 39/120/30 36/119/30 35/118/30 40/117/30
o cube
v 1.208441374723184 0.6457781376643399 0.2694512652747231
v 1.2184541870058296 0.6426782322767692 0.19078146546704167
v 1.2293226598428322 0.567775580631156 0.27518257431602133
v 1.239335472125478 0.5646756752435853 0.19651277450833993
v 0.9285315100266152 0.5625865293531549 0.15703707249576104
v 0.9185186977439694 0.5656864347407256 0.23570687230344234
v 0.9494127951462634 0.48458397231997086 0.1627683815370593
v 0.9393999828636179 0.4876838777075415 0.2414381813447407
vt 0.35386903750000004 0.4122041666666667
vt 0.35386903750000004 0.36175933333333377
vt 0.34375 0.36175933333333377
vt 0.34375 0.4122041666666667
vt 0.35386903750000004 0.5580375
vt 0.35386903750000004 0.54481
vt 0.34375 0.54481
vt 0.34375 0.5580375
vt 0.36168153750000004 0.5580375
vt 0.36168153750000004 0.507592666666667
vt 0.3515625 0.507592666666667
vt 0.3515625 0.5580375
vt 0.35386903750000004 0.5580375
vt 0.35386903750000004 0.54481
vt 0.34375 0.54481
vt 0.34375 0.5580375
vt 0.3984375 0.42425933333333377
vt 0.3984375 0.4747041666666667
vt 0.408358125 0.4747041666666667
vt 0.408358125 0.42425933333333377
vt 0.390625 0.663842666666667
vt 0.390625 0.7142875
vt 0.400545625 0.7142875
vt 0.400545625 0.663842666666667
vn 0.12616156092289613 -0.039058846942236554 -0.99124046881725
vn 0.9578869226092417 0.2646181238369805 0.11148942564742645
vn -0.12616156092289613 0.039058846942236554 0.99124046881725
vn -0.9578869226092417 -0.2646181238369805 -0.11148942564742645
vn -0.25794554471766895 0.9635619622071742 -0.07079859424992606
vn 0.25794554471766895 -0.9635619622071742 0.07079859424992606
usemtl m_890a103a-2c95-a057-8483-4c3958a0f191
f 44/124/31 47/123/31 45/122/31 42/121/31
f 43/128/32 44/127/32 42/126/32 41/125/32
f 48/132/33 43/131/33 41/130/33 46/129/33
f 47/136/34 48/135/34 46/134/34 45/133/34
f 46/140/35 41/139/35 42/138/35 45/137/35
f 47/144/36 44/143/36 43/142/36 48/141/36
o cube
v 1.41946148619689 0.6287317913446555 0.2367144741919348
v 1.415372442812612 0.6305845480497745 0.18880935711877478
v 1.419813891402697 0.579069041129602 0.23476365976248137
v 1.4157248480184192 0.580921797834721 0.18685854268932134
v 1.1760783735827793 0.6280879810009716 0.20913825638551564
v 1.180167416967057 0.6262352242958527 0.2570433734586757
v 1.1764307787885864 0.5784252307859181 0.2071874419560622
v 1.1805198221728643 0.5765724740807991 0.2550925590292221
vt 0.3499627875000001 0.5580375
vt 0.3499627875000001 0.518009333333334
vt 0.34375 0.518009333333334
vt 0.34375 0.5580375
vt 0.3499627875000001 0.5580375
vt 0.3499627875000001 0.5500183333333333
vt 0.34375 0.5500183333333333
vt 0.34375 0.5580375
vt 0.3499627875000001 0.5580375
vt 0.3499627875000001 0.518009333333334
vt 0.34375 0.518009333333334
vt 0.34375 0.5580375
vt 0.3499627875000001 0.5580375
vt 0.3499627875000001 0.5500183333333333
vt 0.34375 0.5500183333333333
vt 0.34375 0.5580375
vt 0.34375 0.518009333333334
vt 0.34375 0.5580375
vt 0.349764375 0.5580375
vt 0.349764375 0.518009333333334
vt 0.34375 0.518009333333334
vt 0.34375 0.5580375
vt 0.349764375 0.5580375
vt 0.349764375 0.518009333333334
vn -0.08498479443578306 0.03850684204757243 -0.9956378899129096
vn 0.9963570203891259 0.010395042860664238 -0.08464414336047167
vn 0.08498479443578306 -0.03850684204757243 0.9956378899129096
vn -0.9963570203891259 -0.010395042860664238 0.08464414336047167
vn -0.007090319880712229 0.9992042665038258 0.03924998298777867
vn 0.007090319880712229 -0.9992042665038258 -0.03924998298777867
usemtl m_890a103a-2c95-a057-8483-4c3958a0f191
f 52/148/37 55/147/37 53/146/37 50/145/37
f 51/152/38 52/151/38 50/150/38 49/149/38
f 56/156/39 51/155/39 49/154/39 54/153/39
f 55/160/40 56/159/40 54/158/40 53/157/40
f 54/164/41 49/163/41 50/162/41 53/161/41
f 55/168/42 52/167/42 51/166/42 56/165/42
o cube
v -0.4559743324692574 1.0936228922121987 0.580363661321228
v -0.5758861386594467 0.9865975132693425 0.5803636666227332
v -0.45597433923251257 1.093622891828153 0.41963633632122804
v 0.31418573307802244 0.7109086086049912 0.5807674673280803
v 0.17102424904746472 0.5876902832017927 0.580767473646602
v 0.17102424225022328 0.5876902828158173 0.4192324736466021
v 0.314185726280781 0.7109086082190158 0.4192324673280804
v -0.5758861454227019 0.9865975128852971 0.41963634162273333
vt 0.375 0.45810208333333335
vt 0.375 0.48958333333333337
vt 0.3951921875 0.48958333333333337
vt 0.3951921875 0.45810208333333335
vt 0.35161328125 0.18999791666666666
vt 0.3515625 0.33333333333333337
vt 0.3717546875 0.33333333333333337
vt 0.37170390625 0.18999791666666666
vt 0.359375 0.07291666666666663
vt 0.37946562500000003 0.07291666666666663
vt 0.37946562500000003 0.046129166666666666
vt 0.359375 0.046129166666666666
vt 0.3846323503762276 0.9051774767806112
vt 0.4035322863409275 0.9142628006974322
vt 0.40294366683175575 0.7731384243157757
vt 0.3808806298798622 0.7619305189397758
vt 0.3826877836910925 0.6175586893946159
vt 0.3792048870007293 0.7608177150063924
vt 0.4012468225404352 0.749536239918043
vt 0.4015710314250214 0.6084094633544199
vt 0.35602812268779205 0.6505267152931486
vt 0.3359375 0.6505395670911704
vt 0.3359375 0.7916666666666666
vt 0.3561296851761033 0.791653749899997
vn 0.6523418744701298 -0.7579248503729091 -2.5638931982677425e-8
vn 0.44501156987874774 0.8955248196862287 -2.08654571252963e-8
vn -0.6658816660008259 0.7460573750617066 2.62370301365468e-8
vn -0.0003382232507026421 0.0003789966715607969 0.9999998709832695
vn -0.0003324685107046982 0.0003862279957893622 -0.999999870146304
vn -0.4710984684662083 -0.8820806272721292 2.193104551453288e-8
usemtl m_890a103a-2c95-a057-8483-4c3958a0f191
f 60/169/43 61/170/43 62/171/43 63/172/43
f 57/173/44 60/174/44 63/175/44 59/176/44
f 64/177/45 58/178/45 57/179/45 59/180/45
f 57/181/46 58/182/46 61/183/46 60/184/46
f 59/185/47 63/186/47 62/187/47 64/188/47
f 58/189/48 64/190/48 62/191/48 61/192/48