# Made in Blockbench 4.8.1
mtllib pine_twig_branch_up_9.mtl

o cube
v -0.4863610572026885 -0.035227636449761714 0.5933759272285433
v -0.5626245816469346 0.10008034414508087 0.5520371049383153
v -0.4425138315959257 -0.05727372400651931 0.44032474679635886
v 0.3334088536422262 0.11239465266759688 0.8073896312970703
v 0.24095269709824968 0.2696071577477689 0.7582566119665557
v 0.28502026052213186 0.2474502858314296 0.6044363301251644
v 0.3774764170661085 0.09023778075125757 0.6535693494556789
v -0.5187773560401718 0.07803425658832328 0.39898592450613085
vt 0.3951921875 0.48958333333333337
vt 0.375 0.48958333333333337
vt 0.375 0.45810208333333335
vt 0.3951921875 0.45810208333333335
vt 0.3717546875 0.33333333333333337
vt 0.3515625 0.33333333333333337
vt 0.35161328125 0.18999791666666666
vt 0.37170390625 0.18999791666666666
vt 0.37946562500000003 0.046129166666666666
vt 0.37946562500000003 0.07291666666666663
vt 0.359375 0.07291666666666663
vt 0.359375 0.046129166666666666
vt 0.4417368479430827 0.8541666666666666
vt 0.3359375 0.8500258448759203
vt 0.34340694029010355 0.825158354595504
vt 0.45090764519558674 0.825158354595504
vt 0.4012468225404352 0.718286239918043
vt 0.3792048870007293 0.7295677150063924
vt 0.3826877836910925 0.5863086893946159
vt 0.4015710314250214 0.5771594633544199
vt 0.3359375 0.7916666666666666
vt 0.3359375 0.6505395670911704
vt 0.35602812268779205 0.6505267152931486
vt 0.3561296851761033 0.791653749899997
vn 0.8282426030080104 0.5370659160571465 0.15991995614123172
vn 0.12932055522824323 -0.9755734887049997 0.17757410321162997
vn -0.8369208751153521 -0.5219940619418968 -0.1645771797472318
vn -0.27323016536155464 0.13689933861571632 0.9521574700768131
vn 0.27238294899037613 -0.13743819252189346 -0.9523225673770527
vn -0.15723989230457952 0.9701182594417358 -0.18478684738308973
usemtl m_890a103a-2c95-a057-8483-4c3958a0f191
f 6/1/1 5/2/1 4/3/1 7/4/1
f 7/5/2 4/6/2 1/7/2 3/8/2
f 1/9/3 2/10/3 8/11/3 3/12/3
f 5/13/4 2/14/4 1/15/4 4/16/4
f 6/17/5 7/18/5 3/19/5 8/20/5
f 6/21/6 8/22/6 2/23/6 5/24/6
o cube
v 0.9407914935457504 0.7709596912017294 0.8739148512536139
v 0.9783021930774192 0.7520996952600316 0.7429816699215923
v 1.018282526780451 0.660450850140724 0.9120330662639224
v 1.0557932263121197 0.6415908541990265 0.7810998849319009
v 0.27340902242921716 0.21485077573976774 0.6184255923989586
v 0.2358983228975483 0.23371077168146548 0.7493587737309801
v 0.3509000556639176 0.10434193467876263 0.6565438074092667
v 0.31338935613224883 0.12320193062046036 0.7874769887412882
vt 0.34375 0.4088708333333342
vt 0.34375 0.5580375
vt 0.36128125 0.5580375
vt 0.36128125 0.4088708333333342
vt 0.34375 0.5351208333333333
vt 0.34375 0.5580375
vt 0.36128125 0.5580375
vt 0.36128125 0.5351208333333333
vt 0.359375 0.7213708333333342
vt 0.359375 0.8705375000000001
vt 0.37690625 0.8705375000000001
vt 0.37690625 0.7213708333333342
vt 0.34375 0.5351208333333333
vt 0.34375 0.5580375
vt 0.36128125 0.5580375
vt 0.36128125 0.5351208333333333
vt 0.34375 0.21095416666666755
vt 0.34375 0.36012083333333333
vt 0.3609375 0.36012083333333333
vt 0.3609375 0.21095416666666755
vt 0.3671875 0.3463708333333342
vt 0.3671875 0.4955375000000001
vt 0.384375 0.4955375000000001
vt 0.384375 0.3463708333333342
vn 0.27280508750304544 -0.13716360684871076 -0.9522413187783378
vn 0.787590134802465 0.6002781223690133 0.13916880170126777
vn -0.27280508750304544 0.13716360684871076 0.9522413187783378
vn -0.787590134802465 -0.6002781223690133 -0.13916880170126777
vn -0.5525207360762948 0.7879418257469166 -0.271787629307011
vn 0.5525207360762948 -0.7879418257469166 0.271787629307011
usemtl m_890a103a-2c95-a057-8483-4c3958a0f191
f 12/28/7 15/27/7 13/26/7 10/25/7
f 11/32/8 12/31/8 10/30/8 9/29/8
f 16/36/9 11/35/9 9/34/9 14/33/9
f 15/40/10 16/39/10 14/38/10 13/37/10
f 14/44/11 9/43/11 10/42/11 13/41/11
f 15/48/12 12/47/12 11/46/12 16/45/12
o cube
v 1.4025328111790607 0.9773856118493862 0.8036839109650113
v 1.404516062053529 0.949489369495609 0.7087161986702095
v 1.4521169986390077 0.8894124416038596 0.8305610326652335
v 1.454100249513476 0.8615161992500822 0.7355933203704319
v 0.9468989010100557 0.7101249617265211 0.7694715623170969
v 0.9449156501355873 0.7380212040802987 0.8644392746118985
v 0.9964830884700024 0.6221517914809944 0.7963486840173191
v 0.9944998375955341 0.6500480338347718 0.8913163963121207
vt 0.375 0.8047041666666667
vt 0.375 0.8913708333333333
vt 0.3880625000000001 0.8913708333333333
vt 0.3880625000000001 0.8047041666666667
vt 0.375 0.8748708333333334
vt 0.375 0.8913708333333333
vt 0.3880625000000001 0.8913708333333333
vt 0.3880625000000001 0.8748708333333334
vt 0.3359375 0.8047041666666667
vt 0.3359375 0.8913708333333333
vt 0.3490000000000001 0.8913708333333333
vt 0.3490000000000001 0.8047041666666667
vt 0.375 0.8748708333333334
vt 0.375 0.8913708333333333
vt 0.3880625000000001 0.8913708333333333
vt 0.3880625000000001 0.8748708333333334
vt 0.3671875 0.5547041666666668
vt 0.3671875 0.6413708333333334
vt 0.3795625 0.6413708333333334
vt 0.3795625 0.5547041666666668
vt 0.40625 0.8047041666666667
vt 0.40625 0.8913708333333333
vt 0.418625 0.8913708333333333
vt 0.418625 0.8047041666666667
vn 0.02003283711584253 -0.2817802257957309 -0.9592698211596137
vn 0.8800330020066797 0.4603161687867074 -0.11683723778247543
vn -0.02003283711584253 0.2817802257957309 0.9592698211596137
vn -0.8800330020066797 -0.4603161687867074 0.11683723778247543
vn -0.47448983215259877 0.8418485190959444 -0.25719733684422996
vn 0.47448983215259877 -0.8418485190959444 0.25719733684422996
usemtl m_890a103a-2c95-a057-8483-4c3958a0f191
f 20/52/13 23/51/13 21/50/13 18/49/13
f 19/56/14 20/55/14 18/54/14 17/53/14
f 24/60/15 19/59/15 17/58/15 22/57/15
f 23/64/16 24/63/16 22/62/16 21/61/16
f 22/68/17 17/67/17 18/66/17 21/65/17
f 23/72/18 20/71/18 19/70/18 24/69/18
o cube
v 1.1512306116254503 0.5460390239191133 0.21156765474816397
v 1.1246141634384517 0.5331400218334115 0.14757210465988146
v 1.1800811227386043 0.4795034600414687 0.2129793817025344
v 1.153464674551606 0.466604457955767 0.14898383161425177
v 0.8456931760397186 0.41516291120624116 0.2873579646621651
v 0.872309624226717 0.428061913291943 0.3513535147504476
v 0.8745436871528727 0.3486273473285967 0.28876969161653543
v 0.9011601353398713 0.3615263494142985 0.35276524170481804
vt 0.390625 0.48161250000000055
vt 0.390625 0.5372041666666667
vt 0.39969187500000003 0.5372041666666667
vt 0.39969187500000003 0.48161250000000055
vt 0.34375 0.5462875
vt 0.34375 0.5580375
vt 0.35281687500000003 0.5580375
vt 0.35281687500000003 0.5462875
vt 0.34375 0.5024458333333339
vt 0.34375 0.5580375
vt 0.35281687500000003 0.5580375
vt 0.35281687500000003 0.5024458333333339
vt 0.34375 0.5462875
vt 0.34375 0.5580375
vt 0.35281687500000003 0.5580375
vt 0.35281687500000003 0.5462875
vt 0.359375 0.3357791666666672
vt 0.359375 0.39137083333333333
vt 0.3681875 0.39137083333333333
vt 0.3681875 0.3357791666666672
vt 0.34375 0.3774458333333338
vt 0.34375 0.4330375000000001
vt 0.3525625 0.4330375000000001
vt 0.3525625 0.3774458333333338
vn -0.3775382721560079 -0.18296456859151478 -0.9077382991245755
vn 0.8362194195734848 0.3537014259546436 -0.4190851746433368
vn 0.3775382721560079 0.18296456859151478 0.9077382991245755
vn -0.8362194195734848 -0.3537014259546436 0.4190851746433368
vn -0.39774606897572296 0.9172890863396189 -0.019462700136077236
vn 0.39774606897572296 -0.9172890863396189 0.019462700136077236
usemtl m_890a103a-2c95-a057-8483-4c3958a0f191
f 28/76/19 31/75/19 29/74/19 26/73/19
f 27/80/20 28/79/20 26/78/20 25/77/20
f 32/84/21 27/83/21 25/82/21 30/81/21
f 31/88/22 32/87/22 30/86/22 29/85/22
f 30/92/23 25/91/23 26/90/23 29/89/23
f 31/96/24 28/95/24 27/94/24 32/93/24
o cube
v 0.890389611187127 0.4529517162072436 0.3475283501560773
v 0.8343327032556953 0.41637191657321926 0.25946462574641105
v 0.9282254726605053 0.3640117599822088 0.36038772423595455
v 0.8721685647290733 0.32743196034818434 0.2723239998262883
v 0.31265781008469995 0.25231227995117855 0.6596833347387203
v 0.36871471801613165 0.2888920795852029 0.7477470591483866
v 0.350493671558078 0.16337232372614363 0.6725427088185976
v 0.4065505794895097 0.199952123360168 0.7606064332282636
vt 0.375 0.5580375
vt 0.375 0.44509266666666714
vt 0.38718812929687507 0.44509266666666714
vt 0.38718812929687507 0.5580375
vt 0.34375 0.5580375
vt 0.34375 0.5396016666666668
vt 0.35593812929687507 0.5396016666666668
vt 0.35593812929687507 0.5580375
vt 0.34375 0.5580375
vt 0.34375 0.44509266666666714
vt 0.35593812929687507 0.44509266666666714
vt 0.35593812929687507 0.5580375
vt 0.34375 0.5580375
vt 0.34375 0.5396016666666668
vt 0.35593812929687507 0.5396016666666668
vt 0.35593812929687507 0.5580375
vt 0.357576875 0.44509266666666714
vt 0.357576875 0.5580375
vt 0.34375 0.5580375
vt 0.34375 0.44509266666666714
vt 0.357576875 0.44509266666666714
vt 0.357576875 0.5580375
vt 0.34375 0.5580375
vt 0.34375 0.44509266666666714
vn -0.5067749214069676 -0.3306947487594301 -0.796128232243964
vn 0.7698078164575887 0.2420940556850637 -0.5905814032991193
vn 0.5067749214069676 0.3306947487594301 0.796128232243964
vn -0.7698078164575887 -0.2420940556850637 0.5905814032991193
vn -0.3880400813753154 0.9121575803252937 -0.1318842064135955
vn 0.3880400813753154 -0.9121575803252937 0.1318842064135955
usemtl m_890a103a-2c95-a057-8483-4c3958a0f191
f 36/100/25 39/99/25 37/98/25 34/97/25
f 35/104/26 36/103/26 34/102/26 33/101/26
f 40/108/27 35/107/27 33/106/27 38/105/27
f 39/112/28 40/111/28 38/110/28 37/109/28
f 38/116/29 33/115/29 34/114/29 37/113/29
f 39/120/30 36/119/30 35/118/30 40/117/30
o cube
v 0.193898745960991 0.3157197366570875 0.9423057898591303
v 0.25617976388710806 0.3150626700682426 0.861846448763242
v 0.2174802190510754 0.21646352701130078 0.9613700285969715
v 0.27976123697719246 0.21580646042245588 0.8809106875010833
v -0.13848215582523005 0.16286012463414878 0.5575941574122134
v -0.2007631737513471 0.16351719122299357 0.6380534985081017
v -0.11490068273514564 0.06360391498836204 0.5766583961500547
v -0.1771817006612627 0.06426098157720694 0.6571177372459431
vt 0.34375 0.4711958333333339
vt 0.34375 0.5580375
vt 0.3567231250000001 0.5580375
vt 0.3567231250000001 0.4711958333333339
vt 0.34375 0.5410791666666668
vt 0.34375 0.5580375
vt 0.3567231250000001 0.5580375
vt 0.3567231250000001 0.5410791666666668
vt 0.3984375 0.4711958333333339
vt 0.3984375 0.5580375
vt 0.4114106250000001 0.5580375
vt 0.4114106250000001 0.4711958333333339
vt 0.34375 0.5410791666666668
vt 0.34375 0.5580375
vt 0.3567231250000001 0.5580375
vt 0.3567231250000001 0.5410791666666668
vt 0.3828125 0.2420291666666673
vt 0.3828125 0.32887083333333333
vt 0.39553125 0.32887083333333333
vt 0.39553125 0.2420291666666673
vt 0.40625 0.12744583333333404
vt 0.40625 0.21428750000000008
vt 0.41896875 0.21428750000000008
vt 0.41896875 0.12744583333333404
vn 0.6120984562763345 -0.006457656892824043 -0.7907551950455861
vn 0.75743579255799 0.292107370567306 0.5839214880549476
vn -0.6120984562763345 0.006457656892824043 0.7907551950455861
vn -0.75743579255799 -0.292107370567306 -0.5839214880549476
vn -0.22721465616499728 0.9563637293037149 -0.18368973105787104
vn 0.22721465616499728 -0.9563637293037149 0.18368973105787104
usemtl m_890a103a-2c95-a057-8483-4c3958a0f191
f 44/124/31 47/123/31 45/122/31 42/121/31
f 43/128/32 44/127/32 42/126/32 41/125/32
f 48/132/33 43/131/33 41/130/33 46/129/33
f 47/136/34 48/135/34 46/134/34 45/133/34
f 46/140/35 41/139/35 42/138/35 45/137/35
f 47/144/36 44/143/36 43/142/36 48/141/36
o cube
v 0.3352770338788469 0.6392383794840075 1.1492445732605032
v 0.3989958685896775 0.6442212905582474 1.1021926452944768
v 0.37467709495549917 0.5871603698610901 1.197085883612138
v 0.4383959296663298 0.59214328093533 1.1500339556461114
v 0.23023600314425174 0.2702120603830752 0.8340455734857124
v 0.16651716843342101 0.26522914930883534 0.881097501451739
v 0.269636064220904 0.21813405076015768 0.8818868838373473
v 0.2059172295100733 0.2131511396859178 0.9289388118033737
vt 0.34375 0.47634266666666714
vt 0.34375 0.5580375
vt 0.35386903750000004 0.5580375
vt 0.35386903750000004 0.47634266666666714
vt 0.34375 0.54481
vt 0.34375 0.5580375
vt 0.35386903750000004 0.5580375
vt 0.35386903750000004 0.54481
vt 0.3828125 0.4659260000000004
vt 0.3828125 0.5476208333333334
vt 0.39293153750000004 0.5476208333333334
vt 0.39293153750000004 0.4659260000000004
vt 0.34375 0.54481
vt 0.34375 0.5580375
vt 0.35386903750000004 0.5580375
vt 0.35386903750000004 0.54481
vt 0.390625 0.36175933333333377
vt 0.390625 0.4434541666666667
vt 0.40054562500000007 0.4434541666666667
vt 0.40054562500000007 0.36175933333333377
vt 0.34375 0.47634266666666714
vt 0.34375 0.5580375
vt 0.35367062500000007 0.5580375
vt 0.35367062500000007 0.47634266666666714
vn 0.8028581202145813 0.06278474232016412 -0.5928548852268147
vn 0.3442891440409872 0.7630209788362259 0.5470502455454456
vn -0.8028581202145813 -0.06278474232016412 0.5928548852268147
vn -0.3442891440409872 -0.7630209788362259 -0.5470502455454456
vn -0.48670712353635587 0.6433172327767992 -0.5909814835604987
vn 0.48670712353635587 -0.6433172327767992 0.5909814835604987
usemtl m_890a103a-2c95-a057-8483-4c3958a0f191
f 52/148/37 55/147/37 53/146/37 50/145/37
f 51/152/38 52/151/38 50/150/38 49/149/38
f 56/156/39 51/155/39 49/154/39 54/153/39
f 55/160/40 56/159/40 54/158/40 53/157/40
f 54/164/41 49/163/41 50/162/41 53/161/41
f 55/168/42 52/167/42 51/166/42 56/165/42
o cube
v 1.4918010658065464 0.49763429798947567 -0.01791773662295909
v 1.466562249847583 0.4894077194085269 -0.058047261898510116
v 1.4928735125551686 0.44882751228622253 -0.008586812093303586
v 1.4676346965962055 0.44060093370527376 -0.04871633736885461
v 1.1025710329998124 0.5238270088009442 0.16382315103750678
v 1.1278098489587758 0.5320535873818928 0.2039526763130577
v 1.103643479748435 0.475020223097691 0.1731540755671621
v 1.128882295707398 0.48324680167863976 0.21328360084271325
vt 0.34375 0.48675933333333365
vt 0.34375 0.5580375
vt 0.34996278750000004 0.5580375
vt 0.34996278750000004 0.48675933333333365
vt 0.34375 0.5500183333333333
vt 0.34375 0.5580375
vt 0.34996278750000004 0.5580375
vt 0.34996278750000004 0.5500183333333333
vt 0.34375 0.48675933333333365
vt 0.34375 0.5580375
vt 0.34996278750000004 0.5580375
vt 0.34996278750000004 0.48675933333333365
vt 0.34375 0.5500183333333333
vt 0.34375 0.5580375
vt 0.34996278750000004 0.5580375
vt 0.34996278750000004 0.5500183333333333
vt 0.34375 0.48675933333333365
vt 0.34375 0.5580375
vt 0.349764375 0.5580375
vt 0.349764375 0.48675933333333365
vt 0.34375 0.48675933333333365
vt 0.34375 0.5580375
vt 0.349764375 0.5580375
vt 0.349764375 0.48675933333333365
vn -0.5245519268203903 -0.17097742036680275 -0.8340335711431103
vn 0.8511049827033811 -0.08048114170636031 -0.5187900290552222
vn 0.5245519268203903 0.17097742036680275 0.8340335711431103
vn -0.8511049827033811 0.08048114170636031 0.5187900290552222
vn -0.02157740685285013 0.981982437497919 -0.18773627235873253
vn 0.02157740685285013 -0.981982437497919 0.18773627235873253
usemtl m_890a103a-2c95-a057-8483-4c3958a0f191
f 60/172/43 63/171/43 61/170/43 58/169/43
f 59/176/44 60/175/44 58/174/44 57/173/44
f 64/180/45 59/179/45 57/178/45 62/177/45
f 63/184/46 64/183/46 62/182/46 61/181/46
f 62/188/47 57/187/47 58/186/47 61/185/47
f 63/192/48 60/191/48 59/190/48 64/189/48
o cube
v 1.6660843753150552 1.2038524189360336 0.8376029008430745
v 1.6798465995489487 1.2019968915456105 0.7727887037769507
v 1.7150285325658756 1.1526959006063497 0.8494599140094969
v 1.7287907567997687 1.1508403732159267 0.7846457169433729
v 1.402776593703405 0.925110721804784 0.7218842750206551
v 1.3890143694695118 0.9269662491952073 0.7866984720867789
v 1.4517207509542251 0.8739542034751002 0.7337412881870775
v 1.437958526720332 0.8758097308655233 0.7985554852532013
vt 0.375 0.8255375
vt 0.375 0.8913708333333333
vt 0.3839731445312501 0.8913708333333333
vt 0.3839731445312501 0.8255375
vt 0.375 0.8803233072916667
vt 0.375 0.8913708333333333
vt 0.3839731445312501 0.8913708333333333
vt 0.3839731445312501 0.8803233072916667
vt 0.3359375 0.8255375
vt 0.3359375 0.8913708333333333
vt 0.3449106445312501 0.8913708333333333
vt 0.3449106445312501 0.8255375
vt 0.375 0.8803233072916667
vt 0.375 0.8913708333333333
vt 0.3839731445312501 0.8913708333333333
vt 0.3839731445312501 0.8803233072916667
vt 0.375 0.8255375
vt 0.375 0.8913708333333333
vt 0.38328564453125 0.8913708333333333
vt 0.38328564453125 0.8255375
vt 0.40625 0.8255375
vt 0.40625 0.8913708333333333
vt 0.41453564453125 0.8913708333333333
vt 0.41453564453125 0.8255375
vn 0.20762151004046447 -0.027993105778084573 -0.977808618594362
vn 0.7014430527735279 0.7009776449134848 0.1288719715349253
vn -0.20762151004046447 0.027993105778084573 0.977808618594362
vn -0.7014430527735279 -0.7009776449134848 -0.1288719715349253
vn -0.6818144559073762 0.7126336557870682 -0.16517360671513814
vn 0.6818144559073762 -0.7126336557870682 0.16517360671513814
usemtl m_890a103a-2c95-a057-8483-4c3958a0f191
f 68/196/49 71/195/49 69/194/49 66/193/49
f 67/200/50 68/199/50 66/198/50 65/197/50
f 72/204/51 67/203/51 65/202/51 70/201/51
f 71/208/52 72/207/52 70/206/52 69/205/52
f 70/212/53 65/211/53 66/210/53 69/209/53
f 71/216/54 68/215/54 67/214/54 72/213/54
o cube
v 0.4248858238837636 0.8222695412376293 1.427343025231334
v 0.4750627317178222 0.8343101400318411 1.4057748274128032
v 0.44959042325309695 0.7691740948390744 1.4551756444792925
v 0.49976733108715565 0.7812146936332862 1.4336074466607618
v 0.39349003985513265 0.6400195630961822 1.1075375624419712
v 0.34331313202107394 0.6279789643019704 1.129105760260502
v 0.4181946392244661 0.5869241166976278 1.1353701816899298
v 0.3680177313904074 0.574883517903416 1.1569383795084605
vt 0.34375 0.4971760000000004
vt 0.34375 0.5580375
vt 0.35185487734375004 0.5580375
vt 0.35185487734375004 0.4971760000000004
vt 0.34375 0.54871625
vt 0.34375 0.5580375
vt 0.35185487734375004 0.5580375
vt 0.35185487734375004 0.54871625
vt 0.3828125 0.48675933333333365
vt 0.3828125 0.5476208333333334
vt 0.39091737734375004 0.5476208333333334
vt 0.39091737734375004 0.48675933333333365
vt 0.34375 0.54871625
vt 0.34375 0.5580375
vt 0.35185487734375004 0.5580375
vt 0.35185487734375004 0.54871625
vt 0.390625 0.382592666666667
vt 0.390625 0.4434541666666667
vt 0.39761593750000007 0.4434541666666667
vt 0.39761593750000007 0.382592666666667
vt 0.34375 0.4971760000000004
vt 0.34375 0.5580375
vt 0.35074093750000007 0.5580375
vt 0.35074093750000007 0.4971760000000004
vn 0.8971777360700577 0.2152894156579807 -0.3856456630196319
vn 0.2233833974480034 0.5320566010139404 0.816710249147199
vn -0.8971777360700577 -0.2152894156579807 0.3856456630196319
vn -0.2233833974480034 -0.5320566010139404 -0.816710249147199
vn -0.38101439296277717 0.81888109077151 -0.4292572556545418
vn 0.38101439296277717 -0.81888109077151 0.4292572556545418
usemtl m_890a103a-2c95-a057-8483-4c3958a0f191
f 76/220/55 79/219/55 77/218/55 74/217/55
f 75/224/56 76/223/56 74/222/56 73/221/56
f 80/228/57 75/227/57 73/226/57 78/225/57
f 79/232/58 80/231/58 78/230/58 77/229/58
f 78/236/59 73/235/59 74/234/59 77/233/59
f 79/240/60 76/239/60 75/238/60 80/237/60