# Made in Blockbench 4.8.1
mtllib pine_twig_branch_up.mtl

o cube
v 0.38803346190078447 0.2915110758606251 -0.09463057314146373
v 0.3028132132075666 0.2814245947404568 -0.1493008082907531
v 0.40023208069594607 0.1884454660555578 -0.09463057314146361
v 0.3150118320027282 0.1783589849353896 -0.14930080829075298
v -0.07525156063586719 0.23667767998666522 0.4482842006399639
v 0.009968688057350628 0.2467641611068334 0.502954435789253
v -0.0630529418407057 0.13361207018159793 0.448284200639964
v 0.022167306852512114 0.14369855130176612 0.5029544357892535
vt 0.34375 0.5580375
vt 0.34375 0.43994583333333404
vt 0.35672312500000003 0.43994583333333404
vt 0.35672312500000003 0.5580375
vt 0.34375 0.5580375
vt 0.34375 0.5410791666666668
vt 0.35672312500000003 0.5410791666666668
vt 0.35672312500000003 0.5580375
vt 0.390625 0.5892875
vt 0.390625 0.47119583333333404
vt 0.40359812500000003 0.47119583333333404
vt 0.40359812500000003 0.5892875
vt 0.34375 0.5580375
vt 0.34375 0.5410791666666668
vt 0.35672312500000003 0.5410791666666668
vt 0.35672312500000003 0.5580375
vt 0.39553125 0.6482791666666674
vt 0.39553125 0.7663708333333333
vt 0.3828125 0.7663708333333333
vt 0.3828125 0.6482791666666674
vt 0.37990625 0.25
vt 0.37990625 0.36809166666666604
vt 0.3671875 0.36809166666666604
vt 0.3671875 0.25
vn -0.8375454417023868 -0.09913003557904877 -0.5372996083468243
vn 0.5335752929834673 0.06315279762019893 -0.8433914458128856
vn 0.8375454417023868 0.09913003557904877 0.5372996083468243
vn -0.5335752929834673 -0.06315279762019893 0.8433914458128856
vn -0.1175373974578359 0.9930684569549265 -1.6792123247455497e-15
vn 0.1175373974578359 -0.9930684569549265 1.6792123247455497e-15
usemtl m_890a103a-2c95-a057-8483-4c3958a0f191
f 4/4/1 7/3/1 5/2/1 2/1/1
f 3/8/2 4/7/2 2/6/2 1/5/2
f 8/12/3 3/11/3 1/10/3 6/9/3
f 7/16/4 8/15/4 6/14/4 5/13/4
f 6/20/5 1/19/5 2/18/5 5/17/5
f 7/24/6 4/23/6 3/22/6 8/21/6
o cube
v 0.6786893989373068 0.3641812387098259 -0.30866455135761306
v 0.6340425531548277 0.3557601183940704 -0.37373794929642634
v 0.6981304189950872 0.28566228626119994 -0.3118419277554347
v 0.6534835732126081 0.27724116594544435 -0.37691532569424796
v 0.29570727862985025 0.2621055063405302 -0.1294863797739217
v 0.34035412441232926 0.2705266266562858 -0.06441298183510835
v 0.3151482986876306 0.18358655389190415 -0.1326637561717433
v 0.35979514447010974 0.19200767420765974 -0.06759035823293003
vt 0.34375 0.5580375
vt 0.34375 0.48675933333333377
vt 0.35386903750000004 0.48675933333333377
vt 0.35386903750000004 0.5580375
vt 0.34375 0.5580375
vt 0.34375 0.54481
vt 0.35386903750000004 0.54481
vt 0.35386903750000004 0.5580375
vt 0.3671875 0.6726208333333334
vt 0.3671875 0.601342666666667
vt 0.37730653750000004 0.601342666666667
vt 0.37730653750000004 0.6726208333333334
vt 0.34375 0.5580375
vt 0.34375 0.54481
vt 0.35386903750000004 0.54481
vt 0.35386903750000004 0.5580375
vt 0.361483125 0.7575926666666671
vt 0.361483125 0.8288708333333333
vt 0.3515625 0.8288708333333333
vt 0.3515625 0.7575926666666671
vt 0.369295625 0.3409260000000004
vt 0.369295625 0.4122041666666667
vt 0.359375 0.4122041666666667
vt 0.359375 0.3409260000000004
vn -0.5625508194100537 -0.10610622208474117 -0.8199256339546781
vn 0.7911147979511711 0.2189885450045263 -0.5711229233881951
vn 0.5625508194100537 0.10610622208474117 0.8199256339546781
vn -0.7911147979511711 -0.2189885450045263 0.5711229233881951
vn -0.24015401733836317 0.9699409707769355 0.03924998298777961
vn 0.24015401733836317 -0.9699409707769355 -0.03924998298777961
usemtl m_890a103a-2c95-a057-8483-4c3958a0f191
f 12/28/7 15/27/7 13/26/7 10/25/7
f 11/32/8 12/31/8 10/30/8 9/29/8
f 16/36/9 11/35/9 9/34/9 14/33/9
f 15/40/10 16/39/10 14/38/10 13/37/10
f 14/44/11 9/43/11 10/42/11 13/41/11
f 15/48/12 12/47/12 11/46/12 16/45/12
o cube
v 0.543187184389029 0.3373359746609419 0.8743988265957792
v 0.6046400725349421 0.34058784188853863 0.7933677807055775
v 0.5531347104659083 0.23408477787564252 0.8777993136716604
v 0.6145875986118214 0.23733664510323915 0.7967682677814589
v 0.19236929529789093 0.29050505375310465 0.4786971226058194
v 0.13091640715197783 0.287253186525508 0.5597281684960209
v 0.20231682137477025 0.18725385696780528 0.4820976096817007
v 0.14086393322885715 0.18400198974020865 0.5631286555719024
vt 0.34375 0.47119583333333404
vt 0.34375 0.5580375
vt 0.35672312500000003 0.5580375
vt 0.35672312500000003 0.47119583333333404
vt 0.34375 0.5410791666666668
vt 0.34375 0.5580375
vt 0.35672312500000003 0.5580375
vt 0.35672312500000003 0.5410791666666668
vt 0.34375 0.7316125000000007
vt 0.34375 0.8184541666666667
vt 0.35672312500000003 0.8184541666666667
vt 0.35672312500000003 0.7316125000000007
vt 0.34375 0.5410791666666668
vt 0.34375 0.5580375
vt 0.35672312500000003 0.5580375
vt 0.35672312500000003 0.5410791666666668
vt 0.3984375 0.2732791666666673
vt 0.3984375 0.36012083333333333
vt 0.41115625 0.36012083333333333
vt 0.41115625 0.2732791666666673
vt 0.3984375 0.6274458333333339
vt 0.3984375 0.7142875
vt 0.41115625 0.7142875
vt 0.41115625 0.6274458333333339
vn 0.6039595886576231 0.031959383072202356 -0.7963739153828174
vn 0.7912307403071765 0.0961189677294585 0.6039164343148652
vn -0.6039595886576231 -0.031959383072202356 0.7963739153828174
vn -0.7912307403071765 -0.0961189677294585 -0.6039164343148652
vn -0.09584743534113085 0.9948566438820559 -0.03276472588409981
vn 0.09584743534113085 -0.9948566438820559 0.03276472588409981
usemtl m_890a103a-2c95-a057-8483-4c3958a0f191
f 20/52/13 23/51/13 21/50/13 18/49/13
f 19/56/14 20/55/14 18/54/14 17/53/14
f 24/60/15 19/59/15 17/58/15 22/57/15
f 23/64/16 24/63/16 22/62/16 21/61/16
f 22/68/17 17/67/17 18/66/17 21/65/17
f 23/72/18 20/71/18 19/70/18 24/69/18
o cube
v 0.8568227692769623 0.2560715827035952 0.8235067567416601
v 0.8468099569943166 0.25297167731602455 0.7448369569339786
v 0.8359414841573141 0.17806902567041105 0.8292380657829583
v 0.8259286718746683 0.1749691202828405 0.7505682659752768
v 0.5568872800151023 0.333063380239639 0.7785813499052594
v 0.5669000922977481 0.33616328562720954 0.8572511497129407
v 0.5360059948954539 0.25506082320645485 0.7843126589465577
v 0.5460188071780996 0.2581607285940255 0.862982458754239
vt 0.3515625 0.507592666666667
vt 0.3515625 0.5580375
vt 0.36168153750000004 0.5580375
vt 0.36168153750000004 0.507592666666667
vt 0.34375 0.54481
vt 0.34375 0.5580375
vt 0.35386903750000004 0.5580375
vt 0.35386903750000004 0.54481
vt 0.34375 0.36175933333333377
vt 0.34375 0.4122041666666667
vt 0.35386903750000004 0.4122041666666667
vt 0.35386903750000004 0.36175933333333377
vt 0.34375 0.54481
vt 0.34375 0.5580375
vt 0.35386903750000004 0.5580375
vt 0.35386903750000004 0.54481
vt 0.390625 0.663842666666667
vt 0.390625 0.7142875
vt 0.400545625 0.7142875
vt 0.400545625 0.663842666666667
vt 0.3984375 0.42425933333333377
vt 0.3984375 0.4747041666666667
vt 0.408358125 0.4747041666666667
vt 0.408358125 0.42425933333333377
vn -0.12616156092289613 -0.039058846942236554 -0.99124046881725
vn 0.9578869226092417 -0.2646181238369805 -0.11148942564742645
vn 0.12616156092289613 0.039058846942236554 0.99124046881725
vn -0.9578869226092417 0.2646181238369805 0.11148942564742645
vn 0.25794554471766895 0.9635619622071742 -0.07079859424992606
vn -0.25794554471766895 -0.9635619622071742 0.07079859424992606
usemtl m_890a103a-2c95-a057-8483-4c3958a0f191
f 28/76/19 31/75/19 29/74/19 26/73/19
f 27/80/20 28/79/20 26/78/20 25/77/20
f 32/84/21 27/83/21 25/82/21 30/81/21
f 31/88/22 32/87/22 30/86/22 29/85/22
f 30/92/23 25/91/23 26/90/23 29/89/23
f 31/96/24 28/95/24 27/94/24 32/93/24
o cube
v 1.0332121451699035 0.23982546011245964 0.8331609885606786
v 1.0373011885541812 0.24167821681757862 0.7852558714875186
v 1.0328597399640964 0.19016270989740602 0.8312101741312252
v 1.0369487833483741 0.192015466602525 0.7833050570580653
v 0.7980071193243485 0.24417478386638147 0.7649269722207779
v 0.7939180759400708 0.2423220271612625 0.8128320892939378
v 0.7976547141185413 0.19451203365132785 0.7629761577913243
v 0.7935656707342638 0.19265927694620888 0.8108812748644842
vt 0.34375 0.518009333333334
vt 0.34375 0.5580375
vt 0.3499627875000001 0.5580375
vt 0.3499627875000001 0.518009333333334
vt 0.34375 0.5500183333333333
vt 0.34375 0.5580375
vt 0.3499627875000001 0.5580375
vt 0.3499627875000001 0.5500183333333333
vt 0.34375 0.518009333333334
vt 0.34375 0.5580375
vt 0.3499627875000001 0.5580375
vt 0.3499627875000001 0.518009333333334
vt 0.34375 0.5500183333333333
vt 0.34375 0.5580375
vt 0.3499627875000001 0.5580375
vt 0.3499627875000001 0.5500183333333333
vt 0.34375 0.518009333333334
vt 0.34375 0.5580375
vt 0.349764375 0.5580375
vt 0.349764375 0.518009333333334
vt 0.34375 0.518009333333334
vt 0.34375 0.5580375
vt 0.349764375 0.5580375
vt 0.349764375 0.518009333333334
vn 0.08498479443578306 0.03850684204757243 -0.9956378899129096
vn 0.9963570203891259 -0.010395042860664238 0.08464414336047167
vn -0.08498479443578306 -0.03850684204757243 0.9956378899129096
vn -0.9963570203891259 0.010395042860664238 -0.08464414336047167
vn 0.007090319880712229 0.9992042665038258 0.03924998298777867
vn -0.007090319880712229 -0.9992042665038258 -0.03924998298777867
usemtl m_890a103a-2c95-a057-8483-4c3958a0f191
f 36/100/25 39/99/25 37/98/25 34/97/25
f 35/104/26 36/103/26 34/102/26 33/101/26
f 40/108/27 35/107/27 33/106/27 38/105/27
f 39/112/28 40/111/28 38/110/28 37/109/28
f 38/116/29 33/115/29 34/114/29 37/113/29
f 39/120/30 36/119/30 35/118/30 40/117/30
o cube
v 1.0884777139122308 0.7174747336124006 0.3273694216756031
v 1.057369707682573 0.7018225530331041 0.19435231303341127
v 1.1440217357128208 0.5887104138627057 0.32953138874611765
v 1.112913729483163 0.5730582332834093 0.1965142801039258
v 0.20526405813359194 0.3383207002354136 0.4364031651685478
v 0.23637206436324976 0.35397288081471 0.5694202738107397
v 0.26080807993418187 0.20955638048571879 0.43856513223906235
v 0.2919160861638397 0.22520856106501508 0.5715822408812543
vt 0.3515625 0.4088708333333342
vt 0.3515625 0.5684541666666667
vt 0.36909375 0.5684541666666667
vt 0.36909375 0.4088708333333342
vt 0.34375 0.5351208333333333
vt 0.34375 0.5580375
vt 0.36128125 0.5580375
vt 0.36128125 0.5351208333333333
vt 0.3984375 0.2942875000000008
vt 0.3984375 0.45387083333333333
vt 0.41596875 0.45387083333333333
vt 0.41596875 0.2942875000000008
vt 0.34375 0.5351208333333333
vt 0.34375 0.5580375
vt 0.36128125 0.5580375
vt 0.36128125 0.5351208333333333
vt 0.359375 0.1380375000000008
vt 0.359375 0.29762083333333333
vt 0.3765625 0.29762083333333333
vt 0.3765625 0.1380375000000008
vt 0.3984375 0.7109541666666676
vt 0.3984375 0.8705375000000001
vt 0.415625 0.8705375000000001
vt 0.415625 0.7109541666666676
vn -0.2262400453066023 -0.11383404057670073 -0.9673971537613952
vn 0.889927571330533 0.3796363997887127 -0.2527946236398306
vn 0.2262400453066023 0.11383404057670073 0.9673971537613952
vn -0.889927571330533 -0.3796363997887127 0.2527946236398306
vn -0.3960358060648122 0.9181056666644896 -0.01541509497693086
vn 0.3960358060648122 -0.9181056666644896 0.01541509497693086
usemtl m_890a103a-2c95-a057-8483-4c3958a0f191
f 44/124/31 47/123/31 45/122/31 42/121/31
f 43/128/32 44/127/32 42/126/32 41/125/32
f 48/132/33 43/131/33 41/130/33 46/129/33
f 47/136/34 48/135/34 46/134/34 45/133/34
f 46/140/35 41/139/35 42/138/35 45/137/35
f 47/144/36 44/143/36 43/142/36 48/141/36
o cube
v 1.5250444381442243 0.978148408516704 0.33943606767044066
v 1.5287362206171853 0.9803886371152497 0.2405302937338365
v 1.579256243621999 0.8888101180313805 0.33943606767044066
v 1.58294802609496 0.8910503466299262 0.2405302937338365
v 1.0312240284342582 0.6784908278005197 0.21512200059352837
v 1.0275322459612974 0.6762505992019741 0.3140277745301324
v 1.0854358339120331 0.5891525373151962 0.21512200059352837
v 1.0817440514390724 0.5869123087166506 0.3140277745301324
vt 0.3984375 0.648454166666667
vt 0.3984375 0.7455375
vt 0.4115000000000001 0.7455375
vt 0.4115000000000001 0.648454166666667
vt 0.34375 0.5415375
vt 0.34375 0.5580375
vt 0.3568125000000001 0.5580375
vt 0.3568125000000001 0.5415375
vt 0.3984375 0.38803750000000026
vt 0.3984375 0.48512083333333333
vt 0.4115000000000001 0.48512083333333333
vt 0.4115000000000001 0.38803750000000026
vt 0.34375 0.5415375
vt 0.34375 0.5580375
vt 0.3568125000000001 0.5580375
vt 0.3568125000000001 0.5415375
vt 0.375 0.7942875000000003
vt 0.375 0.8913708333333333
vt 0.387375 0.8913708333333333
vt 0.387375 0.7942875000000003
vt 0.359375 0.22137083333333363
vt 0.359375 0.3184541666666667
vt 0.37175 0.3184541666666667
vt 0.37175 0.22137083333333363
vn 0.03729073205010725 0.022628571702481278 -0.9990482215818577
vn 0.8540981840050267 0.5182795009694947 0.04361938736533598
vn -0.03729073205010725 -0.022628571702481278 0.9990482215818577
vn -0.8540981840050267 -0.5182795009694947 -0.04361938736533598
vn -0.5187732581605211 0.8549118706729467 6.245004513516506e-17
vn 0.5187732581605211 -0.8549118706729467 -6.245004513516506e-17
usemtl m_890a103a-2c95-a057-8483-4c3958a0f191
f 52/148/37 55/147/37 53/146/37 50/145/37
f 51/152/38 52/151/38 50/150/38 49/149/38
f 56/156/39 51/155/39 49/154/39 54/153/39
f 55/160/40 56/159/40 54/158/40 53/157/40
f 54/164/41 49/163/41 50/162/41 53/161/41
f 55/168/42 52/167/42 51/166/42 56/165/42
o cube
v -0.46426492316687984 -0.025269728410414298 0.5803636616902281
v -0.5648679285057364 0.10007901836611105 0.5803636635249229
v -0.464264925515884 -0.025269727943168306 0.41963633669022815
v 0.35849893658872867 0.225082784068511 0.5807674878934589
v 0.2376377158006473 0.37023970444992027 0.580767490081808
v 0.2376377134398392 0.3702397049195142 0.41923249008180796
v 0.35849893422792056 0.22508278453810493 0.4192324878934589
v -0.5648679308547405 0.10007901883335704 0.4196363385249229
vt 0.3951921875 0.5
vt 0.375 0.5
vt 0.375 0.46851875
vt 0.3951921875 0.46851875
vt 0.3717546875 0.32291666666666663
vt 0.3515625 0.32291666666666663
vt 0.35161328125 0.17958125000000003
vt 0.37170390625 0.17958125000000003
vt 0.37946562500000003 0.035712499999999925
vt 0.37946562500000003 0.0625
vt 0.359375 0.0625
vt 0.359375 0.035712499999999925
vt 0.40465175446964424 0.7736411524022128
vt 0.4015461381265844 0.9147069496596564
vt 0.38289552041627223 0.9047476959395183
vt 0.38289552041627223 0.7614134227322075
vt 0.4090593225404352 0.749536239918043
vt 0.3870173870007293 0.7608177150063924
vt 0.3905002836910925 0.6175586893946159
vt 0.4093835314250214 0.6084094633544199
vt 0.3359375 0.7916666666666666
vt 0.3359375 0.6505395670911704
vt 0.35602812268779205 0.6505267152931486
vt 0.3561296851761033 0.791653749899997
vn 0.7684890800460596 0.6398629023860978 -9.371217029355854e-9
vn 0.2911042764108604 -0.9566913296645421 -7.035613519091595e-9
vn -0.7798844830928762 -0.6259234721840662 9.578281956099672e-9
vn -0.0003961637083052812 -0.00031796962778774115 0.9999998709748077
vn -0.00039162841833212267 -0.0003260643740700695 -0.9999998701545946
vn -0.31905234064711224 0.9477370964184104 7.418039399242036e-9
usemtl m_890a103a-2c95-a057-8483-4c3958a0f191
f 62/169/43 61/170/43 60/171/43 63/172/43
f 63/173/44 60/174/44 57/175/44 59/176/44
f 57/177/45 58/178/45 64/179/45 59/180/45
f 61/181/46 58/182/46 57/183/46 60/184/46
f 62/185/47 63/186/47 59/187/47 64/188/47
f 62/189/48 64/190/48 58/191/48 61/192/48