# Made in Blockbench 4.12.3
mtllib pine_twig_branch_up.mtl

o cube
v 0.3150118320027282 0.1783589849353896 -0.14930080829075298
v -0.0630529418407057 0.13361207018159793 0.448284200639964
v -0.07525156063586719 0.23667767998666522 0.4482842006399639
v 0.3028132132075666 0.2814245947404568 -0.1493008082907531
v 0.40023208069594607 0.1884454660555578 -0.09463057314146361
v 0.38803346190078447 0.2915110758606251 -0.09463057314146373
v 0.022167306852512114 0.14369855130176612 0.5029544357892535
v 0.009968688057350628 0.2467641611068334 0.502954435789253
vt 0.8820159670084399 0.7708333333333334
vt 0.6458335716069844 0.7708333333333334
vt 0.6458333333333334 0.7362385749302023
vt 0.8820178078681072 0.736238707151313
vt 0.45833333333333387 0.8749992910308687
vt 0.45833333333333387 0.8410836551691784
vt 0.49292725301600715 0.8410843641383096
vt 0.49292725301600715 0.8749999999999999
vt 0.6666669049403177 0.7987385749302023
vt 0.9028493003417731 0.7987385749302023
vt 0.9028511412014405 0.8333332011122228
vt 0.6666666666666666 0.8333333333333334
vt 0.39583333333333304 0.8612394136506609
vt 0.42974896919502337 0.8612394136506609
vt 0.42974967816415455 0.8958333333333343
vt 0.39583404230246416 0.8958333333333343
vt 0.3541666666666667 0.9035814480959924
vt 0.590350048845348 0.9035814480959925
vt 0.590350304245114 0.9374971235642696
vt 0.35416755977564857 0.9375
vt 0.645833813353142 0.8827481147542975
vt 0.8820165578401236 0.8827481147542975
vt 0.8820167154944989 0.9166637902231698
vt 0.6458333333333334 0.9166666666666666
vn -0.8375454417023867 -0.09913003557904848 -0.5372996083468242
vn 0.533575292983467 0.06315279762019976 -0.8433914458128855
vn 0.8375454417023867 0.09913003557904923 0.5372996083468243
vn -0.5335752929834684 -0.06315279762019659 0.8433914458128849
vn -0.11753739745783655 0.9930684569549266 -2.045239921693965e-15
vn 0.11753739745783563 -0.9930684569549266 1.4918220605297156e-15
usemtl m_6228a590-f16f-8da8-6d69-1db0e016b309
f 1/1/1 2/2/1 3/3/1 4/4/1
f 5/5/2 1/6/2 4/7/2 6/8/2
f 7/9/3 5/10/3 6/11/3 8/12/3
f 2/13/4 7/14/4 8/15/4 3/16/4
f 8/17/5 6/18/5 4/19/5 3/20/5
f 2/21/6 1/22/6 5/23/6 7/24/6
o cube
v 0.6534835732126081 0.27724116594544435 -0.37691532569424796
v 0.3151482986876306 0.18358655389190415 -0.1326637561717433
v 0.29570727862985025 0.2621055063405302 -0.1294863797739217
v 0.6340425531548277 0.3557601183940704 -0.37373794929642634
v 0.6981304189950872 0.28566228626119994 -0.3118419277554347
v 0.6786893989373068 0.3641812387098259 -0.30866455135761306
v 0.35979514447010974 0.19200767420765974 -0.06759035823293003
v 0.34035412441232926 0.2705266266562858 -0.06441298183510835
vt 0.7675564415056609 0.9166666666666666
vt 0.625 0.9166666666666666
vt 0.6250014311461136 0.8958333333333334
vt 0.7675553816488904 0.895834548012532
vt 0.4583333333333342 0.8750000000000007
vt 0.4583333333333342 0.8485430990381165
vt 0.4853182377812511 0.8485442742985919
vt 0.48531846433551085 0.8749991042822179
vt 0.22916666666666666 0.9166666666666666
vt 0.37172310817232773 0.9166666666666666
vt 0.37172204831555716 0.9374987853208013
vt 0.22916809781278027 0.9375
vt 0.4583333333333324 0.848014868997823
vt 0.48479023429521656 0.848014868997823
vt 0.48478933857743384 0.8749999999999997
vt 0.45833450859380775 0.8749997734457399
vt 0.4166666666666667 0.8958333333333334
vt 0.5592242660301686 0.8958333333333334
vt 0.5592245332223628 0.9166666666666666
vt 0.4166669338588609 0.9166666666666666
vt 0.6250002671921943 0.8125
vt 0.7675578665556962 0.8125000000000001
vt 0.767557599363502 0.8333333333333334
vt 0.625 0.8333333333333333
vn -0.5625508194100539 -0.10610622208474071 -0.819925633954678
vn 0.7911147979511712 0.21898854500452522 -0.5711229233881958
vn 0.5625508194100537 0.10610622208474084 0.8199256339546781
vn -0.7911147979511709 -0.21898854500452664 0.5711229233881957
vn -0.24015401733836259 0.9699409707769356 0.039249982987779854
vn 0.2401540173383635 -0.9699409707769354 -0.039249982987779035
usemtl m_6228a590-f16f-8da8-6d69-1db0e016b309
f 9/25/7 10/26/7 11/27/7 12/28/7
f 13/29/8 9/30/8 12/31/8 14/32/8
f 15/33/9 13/34/9 14/35/9 16/36/9
f 10/37/10 15/38/10 16/39/10 11/40/10
f 16/41/11 14/42/11 12/43/11 11/44/11
f 10/45/12 9/46/12 13/47/12 15/48/12
o cube
v 0.6145875986118214 0.23733664510323915 0.7967682677814589
v 0.20231682137477025 0.18725385696780528 0.4820976096817007
v 0.19236929529789093 0.29050505375310465 0.4786971226058194
v 0.6046400725349421 0.34058784188853863 0.7933677807055775
v 0.5531347104659083 0.23408477787564252 0.8777993136716604
v 0.543187184389029 0.3373359746609419 0.8743988265957792
v 0.14086393322885715 0.18400198974020865 0.5631286555719024
v 0.13091640715197783 0.287253186525508 0.5597281684960209
vt 0.6736842982292552 0.8541666666666666
vt 0.5 0.8541666666666666
vt 0.5000001816234352 0.8195708951839998
vt 0.6736842794871561 0.8195729688598256
vt 0.4583343520029426 0.8404029419954031
vt 0.49224977542917386 0.8404029419954031
vt 0.49225077208732876 0.8749978508118831
vt 0.4583333333333339 0.8749999999999997
vt 0.6666666666666666 0.8195708951839998
vt 0.8403509648959219 0.8195708951839998
vt 0.8403509461538228 0.8541645929908409
vt 0.6666668482901018 0.8541666666666666
vt 0.4375000000000007 0.874999003341845
vt 0.4375000000000007 0.8410835799156137
vt 0.47209705800459734 0.841082561246005
vt 0.4720949088164807 0.8749999999999999
vt 0.5 0.8827505712116209
vt 0.6736841966220588 0.8827505712116209
vt 0.6736852931104673 0.9166666666666666
vt 0.5000010964884085 0.9166666666666666
vt 0.6666677631550751 0.8827505712116209
vt 0.840351959777134 0.8827505712116209
vt 0.8403508632887254 0.9166666666666666
vt 0.6666666666666666 0.9166666666666666
vn 0.6039595886576232 0.03195938307220312 -0.7963739153828173
vn 0.7912307403071759 0.09611896772945969 0.6039164343148657
vn -0.603959588657623 -0.03195938307220314 0.7963739153828178
vn -0.7912307403071767 -0.0961189677294598 -0.6039164343148647
vn -0.09584743534113163 0.9948566438820559 -0.03276472588409842
vn 0.09584743534113092 -0.9948566438820559 0.032764725884099344
usemtl m_6228a590-f16f-8da8-6d69-1db0e016b309
f 17/49/13 18/50/13 19/51/13 20/52/13
f 21/53/14 17/54/14 20/55/14 22/56/14
f 23/57/15 21/58/15 22/59/15 24/60/15
f 18/61/16 23/62/16 24/63/16 19/64/16
f 24/65/17 22/66/17 20/67/17 19/68/17
f 18/69/18 17/70/18 21/71/18 23/72/18
o cube
v 0.8259286718746683 0.1749691202828405 0.7505682659752768
v 0.5360059948954539 0.25506082320645485 0.7843126589465577
v 0.5568872800151023 0.333063380239639 0.7785813499052594
v 0.8468099569943166 0.25297167731602455 0.7448369569339786
v 0.8359414841573141 0.17806902567041105 0.8292380657829583
v 0.8568227692769623 0.2560715827035952 0.8235067567416601
v 0.5460188071780996 0.2581607285940255 0.862982458754239
v 0.5669000922977481 0.33616328562720954 0.8572511497129407
vt 0.5833334357214723 0.875
vt 0.6842226716885852 0.875
vt 0.6842225693004463 0.8958333333333334
vt 0.5833333333333334 0.8958333333333333
vt 0.4583333333333343 0.8749993969059798
vt 0.4583333333333343 0.8485443823503444
vt 0.48531584253248533 0.8485449011162026
vt 0.4853179241584216 0.8750000000000011
vt 0.5383893383552518 0.9375
vt 0.437500102388139 0.9375
vt 0.4375 0.9166666666666666
vt 0.5383892359671129 0.9166666666666666
vt 0.45833333333333276 0.8480154091749135
vt 0.4847883478889683 0.8480154091749135
vt 0.4847889509829895 0.8750000000000008
vt 0.4583338520991911 0.8749979183740645
vt 0.6633899128450852 0.9375
vt 0.5625 0.9375
vt 0.5625010369525814 0.9166666666666666
vt 0.6633906455606663 0.9166682896199875
vt 0.7883901051237358 0.9375
vt 0.6875004964945995 0.9375
vt 0.6875 0.9166666666666666
vt 0.7883899128240338 0.9166682896248802
vn -0.12616156092289638 -0.03905884694223536 -0.9912404688172499
vn 0.9578869226092415 -0.26461812383698097 -0.11148942564742677
vn 0.1261615609228958 0.03905884694223596 0.9912404688172499
vn -0.9578869226092409 0.2646181238369836 0.11148942564742656
vn 0.2579455447176687 0.963561962207174 -0.07079859424992652
vn -0.2579455447176687 -0.9635619622071743 0.07079859424992502
usemtl m_6228a590-f16f-8da8-6d69-1db0e016b309
f 25/73/19 26/74/19 27/75/19 28/76/19
f 29/77/20 25/78/20 28/79/20 30/80/20
f 31/81/21 29/82/21 30/83/21 32/84/21
f 26/85/22 31/86/22 32/87/22 27/88/22
f 32/89/23 30/90/23 28/91/23 27/92/23
f 26/93/24 25/94/24 29/95/24 31/96/24
o cube
v 1.0369487833483741 0.192015466602525 0.7833050570580653
v 0.7976547141185413 0.19451203365132785 0.7629761577913243
v 0.7980071193243485 0.24417478386638147 0.7649269722207779
v 1.0373011885541812 0.24167821681757862 0.7852558714875186
v 1.0328597399640964 0.19016270989740602 0.8312101741312252
v 1.0332121451699035 0.23982546011245964 0.8331609885606786
v 0.7935656707342638 0.19265927694620888 0.8108812748644842
v 0.7939180759400708 0.2423220271612625 0.8128320892939378
vt 0.6041666666666666 0.9209324526306496
vt 0.684223087336413 0.9209324526306496
vt 0.6842247110827454 0.9375
vt 0.604168290412999 0.9375
vt 0.4583336540446945 0.8375980674259356
vt 0.4743705950423567 0.8375980674259356
vt 0.47437227573227164 0.8541645045037461
vt 0.4583333333333339 0.8541666666666656
vt 0.6008897540030796 0.9166666666666666
vt 0.5208333333333334 0.9166666666666666
vt 0.5208349570796657 0.9000991192973162
vt 0.600891377749412 0.9000991192973162
vt 0.45833333333333437 0.8541649859767518
vt 0.45833333333333437 0.8381280449790897
vt 0.47490193257406443 0.8381277242677291
vt 0.474899770411145 0.8541666666666666
vt 0.6842238408481475 0.9166666666666666
vt 0.6041675448464346 0.9166666666666666
vt 0.6041666666666666 0.90062668598926
vt 0.6842229626683797 0.90062668598926
vt 0.7883896293350463 0.9375
vt 0.7083333333333334 0.9374999999999999
vt 0.7083342115131012 0.9214600193225934
vt 0.7883905075148143 0.9214600193225934
vn 0.08498479443578356 0.038506842047573375 -0.9956378899129096
vn 0.996357020389126 -0.010395042860662177 0.08464414336047196
vn -0.08498479443578359 -0.038506842047569344 0.9956378899129097
vn -0.9963570203891263 0.010395042860662373 -0.08464414336046737
vn 0.0070903198807123115 0.9992042665038257 0.03924998298777902
vn -0.00709031988071227 -0.9992042665038257 -0.039249982987779035
usemtl m_6228a590-f16f-8da8-6d69-1db0e016b309
f 33/97/25 34/98/25 35/99/25 36/100/25
f 37/101/26 33/102/26 36/103/26 38/104/26
f 39/105/27 37/106/27 38/107/27 40/108/27
f 34/109/28 39/110/28 40/111/28 35/112/28
f 40/113/29 38/114/29 36/115/29 35/116/29
f 34/117/30 33/118/30 37/119/30 39/120/30
o cube
v 1.112913729483163 0.5730582332834093 0.1965142801039258
v 0.26080807993418187 0.20955638048571879 0.43856513223906235
v 0.20526405813359194 0.3383207002354136 0.4364031651685478
v 1.057369707682573 0.7018225530331041 0.19435231303341127
v 1.1440217357128208 0.5887104138627057 0.32953138874611765
v 1.0884777139122308 0.7174747336124006 0.3273694216756031
v 0.2919160861638397 0.22520856106501508 0.5715822408812543
v 0.23637206436324976 0.35397288081471 0.5694202738107397
vt 0.8400000418638464 0.27083333333333337
vt 0.5208333333333334 0.27083333333333337
vt 0.5208336897301534 0.22916666666666663
vt 0.8399996021745001 0.22916838249019167
vt 0.43749999999999956 0.8749993619081343
vt 0.43749999999999956 0.829167729695385
vt 0.4842512971229566 0.8291663002862714
vt 0.484251040768745 0.8749999999999991
vt 0.5208333333333334 0.3125
vt 0.8400000418638464 0.3125
vt 0.8399996021745001 0.3541649508431416
vt 0.5208336897301534 0.35416666666666663
vt 0.458334762742447 0.765748702877043
vt 0.5041663949551963 0.765748702877043
vt 0.5041670330470611 0.8124997436457884
vt 0.4583333333333333 0.8125
vt 0.6041673273234737 0.75
vt 0.9233336066014153 0.75
vt 0.9233329459446082 0.7916666666666666
vt 0.6041666666666666 0.7916666666666666
vt 0.5416666666666666 0.8958333333333334
vt 0.8608329459446082 0.8958333333333335
vt 0.8608336066014154 0.9375
vt 0.5416673273234738 0.9374999999999999
vn -0.22624004530660233 -0.11383404057670035 -0.9673971537613952
vn 0.889927571330533 0.3796363997887133 -0.25279462363983085
vn 0.2262400453066024 0.11383404057670053 0.9673971537613952
vn -0.8899275713305335 -0.3796363997887121 0.25279462363983024
vn -0.39603580606481215 0.9181056666644896 -0.015415094976931273
vn 0.3960358060648121 -0.9181056666644895 0.015415094976931273
usemtl m_6228a590-f16f-8da8-6d69-1db0e016b309
f 41/121/31 42/122/31 43/123/31 44/124/31
f 45/125/32 41/126/32 44/127/32 46/128/32
f 47/129/33 45/130/33 46/131/33 48/132/33
f 42/133/34 47/134/34 48/135/34 43/136/34
f 48/137/35 46/138/35 44/139/35 43/140/35
f 42/141/36 41/142/36 45/143/36 47/144/36
o cube
v 1.58294802609496 0.8910503466299262 0.2405302937338365
v 1.0854358339120331 0.5891525373151962 0.21512200059352837
v 1.0312240284342582 0.6784908278005197 0.21512200059352837
v 1.5287362206171853 0.9803886371152497 0.2405302937338365
v 1.579256243621999 0.8888101180313805 0.33943606767044066
v 1.5250444381442243 0.978148408516704 0.33943606767044066
v 1.0817440514390724 0.5869123087166506 0.3140277745301324
v 1.0275322459612974 0.6762505992019741 0.3140277745301324
vt 0.5066663006523732 0.7708333333333334
vt 0.3125000021459268 0.7708333333333334
vt 0.3125 0.735999462474243
vt 0.5066662985064464 0.7359994624742432
vt 0.45833481906644935 0.8401669380186872
vt 0.4913338666247797 0.8401669380186872
vt 0.49133446349596266 0.8749999448900342
vt 0.4583333333333326 0.8750000000000001
vt 0.5416666688125935 0.735999462474243
vt 0.7358329673190398 0.735999462474243
vt 0.7358329651731131 0.7708333333333331
vt 0.5416666666666666 0.7708333333333334
vt 0.3958333333333333 0.8541660697954837
vt 0.3958333333333333 0.8211670222371533
vt 0.4306663953146462 0.8211655365040366
vt 0.4306663402046802 0.8541666666666666
vt 0.5416666666666666 0.8003332594228909
vt 0.7358348634149299 0.8003332594228909
vt 0.7358326913558658 0.8333333333333334
vt 0.5416666668454923 0.8333313428715509
vt 0.5416670051200393 0.8628332594023583
vt 0.7358330296406154 0.8628332594023584
vt 0.7358348634047273 0.8958333333333334
vt 0.5416666666666666 0.8958313428492826
vn 0.03729073205010723 0.022628571702481233 -0.9990482215818578
vn 0.8540981840050269 0.5182795009694939 0.04361938736533912
vn -0.03729073205010746 -0.0226285717024813 0.9990482215818578
vn -0.854098184005026 -0.5182795009694956 -0.043619387365337256
vn -0.5187732581605211 0.8549118706729468 -1.443910813662578e-15
vn 0.5187732581605212 -0.8549118706729468 1.4439108136625781e-15
usemtl m_6228a590-f16f-8da8-6d69-1db0e016b309
f 49/145/37 50/146/37 51/147/37 52/148/37
f 53/149/38 49/150/38 52/151/38 54/152/38
f 55/153/39 53/154/39 54/155/39 56/156/39
f 50/157/40 55/158/40 56/159/40 51/160/40
f 56/161/41 54/162/41 52/163/41 51/164/41
f 50/165/42 49/166/42 53/167/42 55/168/42
o cube
v 0.2376377134398392 0.3702397049195142 0.41923249008180796
v 0.2376377158006473 0.37023970444992027 0.580767490081808
v 0.35849893658872867 0.225082784068511 0.5807674878934589
v 0.35849893422792056 0.22508278453810493 0.4192324878934589
v -0.46426492316687984 -0.025269728410414298 0.5803636616902281
v -0.464264925515884 -0.025269727943168306 0.41963633669022815
v -0.5648679285057364 0.10007901836611105 0.5803636635249229
v -0.5648679308547405 0.10007901883335704 0.4196363385249229
vt 0.19967916666666663 0.8125
vt 0.14583333333333334 0.8125
vt 0.14583333333333334 0.7495375
vt 0.19967916666666663 0.7495375
vt 0.5158354166666667 0.8419875
vt 0.5158354166666667 0.8958333333333334
vt 0.22916666666666666 0.8956979166666668
vt 0.22916666666666666 0.8421229166666667
vt 0.16666666666666666 0.8422583333333332
vt 0.22024166666666667 0.8422583333333332
vt 0.22024166666666667 0.8958333333333334
vt 0.16666666666666666 0.8958333333333334
vt 0.8237987642105282 0.937499999999999
vt 0.541666666666666 0.9292176659568732
vt 0.561584284448644 0.8794821666552686
vt 0.8482561192645814 0.8794821666552685
vt 0.5661244250939125 0.8333333333333334
vt 0.5416666666666666 0.7753156700317884
vt 0.8283378950173027 0.7753156700317881
vt 0.848255858588971 0.8250510308533062
vt 0.4906132360803695 0.8125
vt 0.2083590369293772 0.8125
vt 0.20833333333333334 0.7589250061658879
vt 0.4905874025470303 0.7586541728637245
vn 0.7684890800460592 0.6398629023860982 -9.371216889780147e-9
vn 0.29110427641086045 -0.956691329664542 -7.0356131246251784e-9
vn -0.7798844830928762 -0.6259234721840662 9.578281858623634e-9
vn -0.000396163708305289 -0.00031796962778773594 0.9999998709748077
vn -0.0003916284183320026 -0.000326064374070309 -0.9999998701545946
vn -0.31905234064711213 0.9477370964184103 7.418039200763262e-9
usemtl m_6228a590-f16f-8da8-6d69-1db0e016b309
f 57/169/43 58/170/43 59/171/43 60/172/43
f 60/173/44 59/174/44 61/175/44 62/176/44
f 61/177/45 63/178/45 64/179/45 62/180/45
f 58/181/46 63/182/46 61/183/46 59/184/46
f 57/185/47 60/186/47 62/187/47 64/188/47
f 57/189/48 64/190/48 63/191/48 58/192/48