# Made in Blockbench 4.12.3
mtllib pine_twig_branch_down_2.mtl

o cube
v 1.2802322004040336 0.41061559183385055 0.2099536112310758
v 0.754807892552944 0.5253677982539595 0.14038403354507312
v 0.7720254388612575 0.5936427497303325 0.1229652699546212
v 1.2974497467123471 0.4788905433102233 0.1925348476406239
v 1.2753015620724897 0.4291659608364673 0.2777903462314447
v 1.2925191083808032 0.49744091231284004 0.2603715826409927
v 0.7498772542214001 0.5439181672565763 0.20822076854544203
v 0.7670948005297138 0.612193118732949 0.1908020049549901
vt 0.18750092502331914 0.8958333333333335
vt 0.36826307223021426 0.8958333333333334
vt 0.36826417980907644 0.9166662729352901
vt 0.1875 0.9166666666666666
vt 0.45833333333333265 0.8333317565484107
vt 0.45833333333333265 0.809832704225616
vt 0.4825117566551566 0.8098322746131374
vt 0.48251119572089296 0.8333333333333329
vt 0.36826307223021426 0.7916666666666666
vt 0.18750092502331914 0.7916666666666665
vt 0.1875 0.7708333333333334
vt 0.36826417980907644 0.7708337270647099
vt 0.4583337629458111 0.7883215766781758
vt 0.4818328152686058 0.7883215766781758
vt 0.48183439205352796 0.8124994390657361
vt 0.45833333333333254 0.8124999999999997
vt 0.3682633039325536 0.8333333333333334
vt 0.18750004019414587 0.8333333333333334
vt 0.1875 0.8125
vt 0.3682632637384076 0.8125
vt 0.3682632637384076 0.875
vt 0.1875 0.875
vt 0.18750004019414587 0.8541666666666666
vt 0.3682633039325536 0.8541666666666666
vn 0.06993813236232438 -0.26312580145555475 -0.962223191494594
vn 0.9688987087452434 -0.21160662528316349 0.12828845750133078
vn -0.06993813236232382 0.2631258014555569 0.9622231914945933
vn -0.9688987087452428 0.21160662528316634 -0.12828845750133153
vn 0.23736880551890088 0.9412690628851252 -0.24014287710004759
vn -0.23736880551890083 -0.9412690628851254 0.240142877100047
usemtl m_c6434d92-3e4a-4c53-531b-8d9a3f5579d2
f 1/1/1 2/2/1 3/3/1 4/4/1
f 5/5/2 1/6/2 4/7/2 6/8/2
f 7/9/3 5/10/3 6/11/3 8/12/3
f 2/13/4 7/14/4 8/15/4 3/16/4
f 8/17/5 6/18/5 4/19/5 3/20/5
f 2/21/6 1/22/6 5/23/6 7/24/6
o cube
v 0.47540626336436875 0.7434383049051096 0.44236829237159536
v 0.2201715159310461 0.7886180983128603 0.28609118742247197
v 0.2284223418154543 0.8685699216402512 0.2957298955382365
v 0.4836570892487768 0.8233901282325005 0.45200700048735987
v 0.4335236038487341 0.7396461663213889 0.5096755411777922
v 0.4417744297331423 0.8195979896487797 0.5193142492935567
v 0.17828885641541148 0.7848259597291398 0.35339843622866884
v 0.18653968229981954 0.8647777830565306 0.36303714434443335
vt 0.4375 0.8541666666666666
vt 0.5383912459596208 0.8541666666666667
vt 0.5383904214934067 0.875
vt 0.4375012354732694 0.8749997596362911
vt 0.45833333333333254 0.8063497152209109
vt 0.4847892758106118 0.8063497152209109
vt 0.48478978996468397 0.833333333333333
vt 0.45833384748740463 0.833333333333333
vt 0.41339124595962096 0.875
vt 0.3125 0.875
vt 0.31250123547326947 0.8541669070303757
vt 0.4133904214934067 0.8541666666666666
vt 0.4583333333333333 0.8333328191792608
vt 0.4583333333333333 0.8068768767019815
vt 0.48531695144575543 0.8068773908560537
vt 0.48531695144575543 0.8333333333333329
vt 0.41339004889582015 0.9166666666666666
vt 0.31250023488909057 0.9166666666666666
vt 0.3125 0.8958333333333334
vt 0.4133898140067296 0.8958333333333334
vt 0.5383898140067296 0.9166666666666666
vt 0.4375 0.9166666666666666
vt 0.4375002348890906 0.8958333333333334
vt 0.5383900488958203 0.8958333333333334
vn 0.5277220376190332 0.0477809939358746 -0.8480721830302628
vn 0.8432801094044151 -0.14927129440990397 0.5163300666706032
vn -0.5277220376190332 -0.047780993935874316 0.8480721830302628
vn -0.8432801094044149 0.14927129440990397 -0.5163300666706034
vn 0.10192206872946247 0.9876411581559831 0.11906651343772166
vn -0.10192206872946186 -0.9876411581559832 -0.11906651343772148
usemtl m_c6434d92-3e4a-4c53-531b-8d9a3f5579d2
f 9/25/7 10/26/7 11/27/7 12/28/7
f 13/29/8 9/30/8 12/31/8 14/32/8
f 15/33/9 13/34/9 14/35/9 16/36/9
f 10/37/10 15/38/10 16/39/10 11/40/10
f 16/41/11 14/42/11 12/43/11 11/44/11
f 10/45/12 9/46/12 13/47/12 15/48/12
o cube
v 0.25469330691011227 0.7105576633278035 -0.03286517709550785
v 0.011347052393715362 0.8896554760166078 0.31206188244451116
v 0.06286855565196825 0.9791772984315741 0.301927572477217
v 0.30621481016836505 0.80007948574277 -0.042999487062802044
v 0.32459295160964663 0.6778351337657325 0.03343971133617751
v 0.3761144548678994 0.767356956180699 0.02330540136888337
v 0.08124669709324972 0.8569329464545365 0.3783667708761965
v 0.1327682003515026 0.9464547688695031 0.36823246090890227
vt 0.2916677513490779 0.7779048320494776
vt 0.44451827157101914 0.7779048320494776
vt 0.4445171868886079 0.8125
vt 0.2916666666666667 0.8125
vt 0.45833333333333365 0.7987371258945336
vt 0.4922499654483857 0.7987371258945336
vt 0.49225139076720054 0.8333313812940797
vt 0.4583354865398679 0.8333333333333329
vt 0.27785160490435246 0.8125
vt 0.12500108468241122 0.8124999999999999
vt 0.125 0.7779048320494776
vt 0.27785052022194123 0.7779048320494776
vt 0.4583333333333339 0.7916652413478509
vt 0.4583333333333339 0.7577486092327989
vt 0.4929295407721332 0.757750762439333
vt 0.49292758873288006 0.7916666666666656
vt 0.4653504173163578 0.875
vt 0.3125 0.875
vt 0.3125010155114843 0.8410821800486313
vt 0.4653511487867555 0.8410851126031862
vt 0.2778504980738295 0.8749999999999999
vt 0.12500036477042661 0.875
vt 0.125 0.8410821800353905
vt 0.27785041728822596 0.8410851125953942
vn -0.686974395081418 0.3215973421333775 -0.6516450951516992
vn 0.5306864126407128 -0.39057422895824956 -0.7522125385236542
vn 0.6869743950814189 -0.32159734213337626 0.651645095151699
vn -0.5306864126407118 0.3905742289582504 0.7522125385236548
vn 0.4964253337019074 0.8625699514859169 -0.09764715486143608
vn -0.4964253337019074 -0.8625699514859168 0.09764715486143634
usemtl m_c6434d92-3e4a-4c53-531b-8d9a3f5579d2
f 17/49/13 18/50/13 19/51/13 20/52/13
f 21/53/14 17/54/14 20/55/14 22/56/14
f 23/57/15 21/58/15 22/59/15 24/60/15
f 18/61/16 23/62/16 24/63/16 19/64/16
f 24/65/17 22/66/17 20/67/17 19/68/17
f 18/69/18 17/70/18 21/71/18 23/72/18
o cube
v 0.6079696477904515 0.506537391758231 -0.30915684308242847
v 0.2693348843218174 0.7146046391824148 -0.02227678786620546
v 0.3072999801077525 0.7857777085101154 -0.029082710267257283
v 0.6459347435763867 0.5777104610859316 -0.31596276548348035
v 0.6516405073663514 0.4893630293406668 -0.24515137046912572
v 0.6896056031522864 0.5605360986683672 -0.2519572928701776
v 0.3130057438977172 0.6974302767648504 0.041728684747097344
v 0.35097083968365217 0.768603346092551 0.03492276234604541
vt 0.3125012368278857 0.7500000000000001
vt 0.47588964006538603 0.75
vt 0.47589027935876876 0.7708326340225489
vt 0.3125 0.7708333333333334
vt 0.45833374104073243 0.7855157143722356
vt 0.4847879832605279 0.7855157143722356
vt 0.4847895985037229 0.8124995020555503
vt 0.45833333333333376 0.812499999999999
vt 0.30922297339871935 0.8125
vt 0.14583457016121906 0.8125
vt 0.14583333333333334 0.7916666666666666
vt 0.30922361269210213 0.7916673659774511
vt 0.45833333333333326 0.8124983847568062
vt 0.45833333333333326 0.7860441425370107
vt 0.48531761896109665 0.7860437348296122
vt 0.48531712101664803 0.8125000000000012
vt 0.4758894866149927 0.875
vt 0.31250061105390053 0.875
vt 0.3125 0.8541666666666667
vt 0.4758888755610921 0.8541666666666666
vt 0.2883888755610921 0.875
vt 0.125 0.875
vt 0.1250006110539005 0.8541666666666666
vt 0.2883894866149927 0.8541666666666667
vn -0.5502533809097159 0.2163971828584937 -0.8064697613973724
vn 0.6908530802001674 -0.424480633055508 -0.5852676428256874
vn 0.5502533809097162 -0.21639718285849333 0.8064697613973725
vn -0.6908530802001682 0.42448063305550665 0.5852676428256874
vn 0.46898106398379086 0.8791976179515636 -0.08407324314505955
vn -0.468981063983789 -0.8791976179515643 0.08407324314506269
usemtl m_c6434d92-3e4a-4c53-531b-8d9a3f5579d2
f 25/73/19 26/74/19 27/75/19 28/76/19
f 29/77/20 25/78/20 28/79/20 30/80/20
f 31/81/21 29/82/21 30/83/21 32/84/21
f 26/85/22 31/86/22 32/87/22 27/88/22
f 32/89/23 30/90/23 28/91/23 27/92/23
f 26/93/24 25/94/24 29/95/24 31/96/24
o cube
v 1.5551942810284172 0.5163300187524782 0.20414016335348228
v 1.2673641716347392 0.42313480978539153 0.2129153962850292
v 1.2519982339978137 0.4700485245695758 0.2071439189198866
v 1.539828343391492 0.5632437335366627 0.19836868598833968
v 1.554790655042385 0.5220745313920916 0.25190930491575825
v 1.5394247174054598 0.5689882461762759 0.24613782755061564
v 1.2669605456487067 0.4288793224250047 0.2606845378473053
v 1.2515946080117815 0.4757930372091891 0.25491306048216256
vt 0.37172195980954686 0.9375
vt 0.2708333333333333 0.9374999999999999
vt 0.270833501371353 0.920933274124868
vt 0.37172277392923053 0.9209312935046973
vt 0.4583333333333342 0.8125000000000004
vt 0.4583333333333342 0.7964607415227516
vt 0.4749018076205725 0.7964604752490121
vt 0.4749018076205725 0.8124997337262609
vt 0.25 0.7542646268380306
vt 0.3508886264762135 0.7542646268380305
vt 0.35088944059589716 0.7708333333333334
vt 0.25000016803801967 0.7708313527131625
vt 0.4583335996070717 0.8167648590460942
vt 0.47437285808432056 0.8167648590460942
vt 0.47437259181058106 0.8333333333333325
vt 0.4583333333333322 0.8333333333333325
vt 0.2708336557303699 0.8381278718808202
vt 0.3717218090876755 0.8381278718808202
vt 0.37172223985382535 0.8541666666666666
vt 0.2708333333333333 0.8541647242395786
vt 0.4375 0.9214612052254197
vt 0.5383889065391909 0.9214612052254197
vt 0.5383881669760632 0.9375
vt 0.4375000136374563 0.937498057587413
vn 0.008388776598405933 -0.1193913049904006 -0.9928118375200164
vn 0.9509732063530816 0.3079113122489778 -0.02899283683346303
vn -0.00838877659840569 0.11939130499040077 0.9928118375200164
vn -0.9509732063530802 -0.3079113122489831 0.02899283683345777
vn -0.309159488332033 0.9438942420005532 -0.1161209313279783
vn 0.30915948833203305 -0.9438942420005525 0.11612093132798268
usemtl m_c6434d92-3e4a-4c53-531b-8d9a3f5579d2
f 33/97/25 34/98/25 35/99/25 36/100/25
f 37/101/26 33/102/26 36/103/26 38/104/26
f 39/105/27 37/106/27 38/107/27 40/108/27
f 34/109/28 39/110/28 40/111/28 35/112/28
f 40/113/29 38/114/29 36/115/29 35/116/29
f 34/117/30 33/118/30 37/119/30 39/120/30
o cube
v 0.052977107280698044 0.8042293628678516 0.26198820651221166
v -0.5592025940400644 0.9011086442941092 0.44052508819537295
v -0.5370226295767733 1.0807242670328159 0.4191126584084722
v 0.07515707174398933 0.9838449856065585 0.24057577672531105
v 0.1005739169849027 0.816982716117449 0.41827112568776603
v 0.12275388144819399 0.9965983388561557 0.3968586959008653
v -0.5116057843358598 0.9138619975437066 0.5968080073709272
v -0.4894258198725685 1.0934776202824132 0.5753955775840267
vt 0.625 0.7725857937670141
vt 0.8399998868297506 0.7725857937670141
vt 0.8399999676195217 0.8333333333333334
vt 0.6250000807897712 0.8333333333333334
vt 0.4374999999999993 0.833332220802262
vt 0.4374999999999993 0.778710619037573
vt 0.49824902751228217 0.7787096547009478
vt 0.4982488635051305 0.833333333333334
vt 0.3816665534964172 0.875
vt 0.16666666666666666 0.875
vt 0.16666674745643784 0.8142524604336807
vt 0.38166663428618847 0.8142524604336807
vt 0.43750096433662633 0.7725843058210501
vt 0.49212256610131533 0.7725843058210501
vt 0.49212367863238743 0.8333331693261813
vt 0.43750000000000117 0.833333333333333
vt 0.6108331191455656 0.9166666666666666
vt 0.3958333474241105 0.9166666666666666
vt 0.3958333333333333 0.8620450323230492
vt 0.6108340635102634 0.8620431825552582
vt 0.9441678527002967 0.9166666666666666
vt 0.7291671225154092 0.9166666666666665
vt 0.7291666666666666 0.8620450323249494
vt 0.9441664383801646 0.8620431825654048
vn -0.29045967304592174 -0.07782737620731665 -0.9537169799509398
vn 0.9491158160011902 -0.1502004363197801 -0.2768013669506395
vn 0.2904596730459215 0.0778273762073164 0.9537169799509397
vn -0.9491158160011901 0.1502004363197801 0.27680136695063967
vn 0.12170598239384793 0.9855875042034741 -0.11749436330103573
vn -0.1217059823938475 -0.9855875042034737 0.11749436330103691
usemtl m_c6434d92-3e4a-4c53-531b-8d9a3f5579d2
f 41/121/31 42/122/31 43/123/31 44/124/31
f 45/125/32 41/126/32 44/127/32 46/128/32
f 47/129/33 45/130/33 46/131/33 48/132/33
f 42/133/34 47/134/34 48/135/34 43/136/34
f 48/137/35 46/138/35 44/139/35 43/140/35
f 42/141/36 41/142/36 45/143/36 47/144/36
o cube
v 0.6485124711519212 0.5743364205147237 0.6459082547557196
v 0.4434305686725801 0.7559524758398779 0.4323508254666415
v 0.47773403542392023 0.8147806638633557 0.4494381412294157
v 0.6828159379032614 0.6331646085382014 0.6629955705184938
v 0.607094974999959 0.584439191809278 0.694273719780881
v 0.6413984417512992 0.6432673798327557 0.7113610355436553
v 0.402013072520618 0.7660552471344322 0.4807162904918031
v 0.4363165392719581 0.82488343515791 0.4978036062545774
vt 0.5625 0.8541666666666666
vt 0.6782813880078651 0.8541666666666666
vt 0.6782814818748996 0.875
vt 0.5625000938670346 0.8749999999999999
vt 0.4583333333333324 0.8333333333333329
vt 0.4583333333333324 0.8118422159822039
vt 0.4817363161463028 0.8118415155959425
vt 0.4817383639884854 0.8333330158572075
vt 0.3449480546745316 0.9166666666666666
vt 0.22916666666666666 0.9166666666666666
vt 0.22916676053370125 0.8958333333333334
vt 0.3449481485415662 0.8958333333333334
vt 0.4791673670529289 0.7890949693448462
vt 0.5006584844040579 0.7890949693448462
vt 0.5006581669279325 0.8124999999999992
vt 0.4791666666666676 0.8124979521578166
vt 0.4907832799644787 0.9583333333333334
vt 0.37500163284790083 0.9583333333333334
vt 0.375 0.9375
vt 0.4907836427612551 0.9375005797770986
vt 0.699116976096133 0.9583333333333334
vt 0.5833333333333334 0.9583333333333334
vt 0.5833350771869331 0.9375
vt 0.6991167243019664 0.9375005797671058
vn 0.642406395594426 -0.15669911259331512 -0.7501729207401753
vn 0.5904241559902887 -0.5228667419371216 0.6148249232092132
vn -0.6424063955944255 0.15669911259331595 0.7501729207401756
vn -0.5904241559902901 0.5228667419371219 -0.6148249232092117
vn 0.4885829908240061 0.8378876764152378 0.24337399776669494
vn -0.48858299082400597 -0.8378876764152379 -0.2433739977666948
usemtl m_c6434d92-3e4a-4c53-531b-8d9a3f5579d2
f 49/145/37 50/146/37 51/147/37 52/148/37
f 53/149/38 49/150/38 52/151/38 54/152/38
f 55/153/39 53/154/39 54/155/39 56/156/39
f 50/157/40 55/158/40 56/159/40 51/160/40
f 56/161/41 54/162/41 52/163/41 51/164/41
f 50/165/42 49/166/42 53/167/42 55/168/42
o cube
v 0.9244278123859351 0.27589737747381937 -0.1388496840353292
v 0.6715674365564201 0.5139860399022531 0.15894499214003643
v 0.6726543072859259 0.5625671701869961 0.12102695434084665
v 0.9255146831154408 0.32447850775856246 -0.1767677218345191
v 0.9710508490305478 0.29428124573607206 -0.1139596220011615
v 0.9721377197600536 0.34286237602081515 -0.1518776598003514
v 0.7181904732010329 0.5323699081645059 0.1838350541742042
v 0.7192773439305387 0.5809510384492489 0.1459170163750143
vt 0.22916783546677447 0.7711223382508358
vt 0.3816679818265631 0.7711223382508358
vt 0.38166681302645533 0.7916666666666666
vt 0.22916666666666666 0.7916666666666666
vt 0.45833333333333437 0.8333318862424653
vt 0.45833333333333437 0.8146791616081197
vt 0.478879166721331 0.8146806086989887
vt 0.478879166721331 0.8333333333333343
vt 0.4858346484932297 0.8958333333333333
vt 0.3333345021334411 0.8958333333333334
vt 0.3333333333333333 0.8752890049175025
vt 0.4858334796931219 0.8752890049175024
vt 0.4583333333333342 0.7919541666120046
vt 0.47698605796767984 0.7919541666120046
vt 0.47698750505854876 0.8125000000000012
vt 0.4583347804242032 0.8125000000000012
vt 0.6316663665909645 0.9375
vt 0.47916732878377694 0.9374999999999999
vt 0.4791666666666667 0.9188464935598426
vt 0.6316674661254521 0.918847605702561
vt 0.860834132796174 0.9166666666666666
vt 0.7083333333333334 0.9166666666666666
vt 0.7083341314848868 0.8980131602318341
vt 0.8608331692880192 0.8980142723617052
vn -0.8331935344517173 -0.3285354467809199 -0.4448066932458598
vn 0.5527002750371972 -0.5204123768927575 -0.6509173249734848
vn 0.8331935344517173 0.32853544678092 0.44480669324585964
vn -0.5527002750371985 0.5204123768927577 0.6509173249734834
vn 0.017633494312279754 0.7881848883258874 -0.615185859470979
vn -0.017633494312279757 -0.7881848883258872 0.6151858594709794
usemtl m_c6434d92-3e4a-4c53-531b-8d9a3f5579d2
f 57/169/43 58/170/43 59/171/43 60/172/43
f 61/173/44 57/174/44 60/175/44 62/176/44
f 63/177/45 61/178/45 62/179/45 64/180/45
f 58/181/46 63/182/46 64/183/46 59/184/46
f 64/185/47 62/186/47 60/187/47 59/188/47
f 58/189/48 57/190/48 61/191/48 63/192/48
o cube
v 0.8766760683843391 0.42658996363982915 -0.4770345921568957
v 0.6233974287553496 0.5163529065060635 -0.2812061090506798
v 0.6280315010637554 0.5607431258010811 -0.29555992083330135
v 0.8813101406927448 0.4709801829348469 -0.4913884039395173
v 0.907550443179149 0.4350283590874138 -0.4409705613940664
v 0.9121845154875547 0.4794185783824315 -0.45532437317668795
v 0.6542718035501593 0.5247913019536479 -0.2451420782878504
v 0.6589058758585651 0.5691815212486657 -0.259495890070472
vt 0.6041666666666666 0.8385390375367118
vt 0.7149997746316631 0.8385390375367116
vt 0.7150014821069396 0.8541666666666666
vt 0.6041683741419432 0.8541666666666666
vt 0.45833333333333365 0.9166662689257834
vt 0.45833333333333365 0.9005924141789091
vt 0.4739601589211177 0.9005924333503977
vt 0.47396220757018276 0.9166666666666655
vt 0.5691664412983298 0.8958333333333334
vt 0.4583333333333333 0.8958333333333334
vt 0.4583350408086098 0.8802057042033784
vt 0.5691681487736062 0.8802057042033783
vt 0.45833333333333326 0.9218711257631519
vt 0.4744071880802075 0.9218711257631518
vt 0.47440758582108966 0.937500000000001
vt 0.4583333525048218 0.9374979513509358
vt 0.4025002752006683 0.9166666666666666
vt 0.2916672017948014 0.9166666666666666
vt 0.2916666666666667 0.9005929048161807
vt 0.4024997400725336 0.9005929048161807
vt 0.7149997400725335 0.9166666666666666
vt 0.6041666666666666 0.9166666666666666
vt 0.6041672017948013 0.9005929048161807
vt 0.7150002752006682 0.9005929048161807
vn -0.6402981162889917 -0.1750023683232057 -0.7479254597605552
vn 0.7617402695608705 -0.26996373794356276 -0.5889578439284698
vn 0.6402981162889912 0.17500236832320523 0.7479254597605557
vn -0.7617402695608725 0.2699637379435616 0.5889578439284677
vn 0.09884373529010498 0.9468335393704688 -0.3061636240919074
vn -0.09884373529010498 -0.9468335393704685 0.30616362409190795
usemtl m_c6434d92-3e4a-4c53-531b-8d9a3f5579d2
f 65/193/49 66/194/49 67/195/49 68/196/49
f 69/197/50 65/198/50 68/199/50 70/200/50
f 71/201/51 69/202/51 70/203/51 72/204/51
f 66/205/52 71/206/52 72/207/52 67/208/52
f 72/209/53 70/210/53 68/211/53 67/212/53
f 66/213/54 65/214/54 69/215/54 71/216/54
o cube
v 0.7186642652939499 0.48192880266335525 0.10602975548577287
v 0.010830115465159662 0.8800577927259239 0.2891154556589539
v 0.06446662878933163 0.9869412795197048 0.26405801622682734
v 0.772300778618122 0.5888122894571359 0.08097231605364619
v 0.7549149940197983 0.49164202402985424 0.22505810513199376
v 0.8085515073439702 0.5985255108236349 0.20000066569986696
v 0.04708084419100811 0.8897710140924229 0.4081438053051748
v 0.10071735751518007 0.9966545008862038 0.3830863658730481
vt 0.625 0.7509372815439663
vt 0.9024989278398331 0.7509372815439663
vt 0.9024999200389869 0.7916638393127748
vt 0.6250001635704517 0.7916666666666666
vt 0.4375 0.8333333333333326
vt 0.4375 0.7917322672140978
vt 0.4782270124977295 0.7917298256617524
vt 0.4782290876398605 0.8333310763423964
vt 0.6108322611731666 0.75
vt 0.3333333333333333 0.75
vt 0.3333334969037851 0.7092706148772996
vt 0.6108332533723203 0.7092734422311915
vt 0.45833577488567934 0.7717709123601395
vt 0.49993684100491415 0.7717709123601395
vt 0.499934584013978 0.8125
vt 0.4583333333333339 0.812497924857869
vt 0.5483332622942609 0.8958333333333334
vt 0.270833968344959 0.8958333333333334
vt 0.2708333333333333 0.8542304986908332
vt 0.5483343489148935 0.8542328896190888
vt 0.9025010155918602 0.8958333333333333
vt 0.625 0.8958333333333334
vt 0.6250009934585764 0.8542304986978486
vt 0.9025002873975785 0.8542328896112705
vn -0.2904596730459207 -0.07782737620731543 -0.9537169799509403
vn 0.8502512310255786 -0.4782330210961827 -0.21992276297078994
vn 0.2904596730459214 0.07782737620731701 0.9537169799509397
vn -0.8502512310255795 0.47823302109618127 0.21992276297079028
vn 0.4389829409823849 0.8747777300811356 -0.20508022937512083
vn -0.4389829409823845 -0.8747777300811355 0.2050802293751216
usemtl m_c6434d92-3e4a-4c53-531b-8d9a3f5579d2
f 73/217/55 74/218/55 75/219/55 76/220/55
f 77/221/56 73/222/56 76/223/56 78/224/56
f 79/225/57 77/226/57 78/227/57 80/228/57
f 74/229/58 79/230/58 80/231/58 75/232/58
f 80/233/59 78/234/59 76/235/59 75/236/59
f 74/237/60 73/238/60 77/239/60 79/240/60