# Made in Blockbench 4.12.3
mtllib pine_twig_branch_up_3.mtl

o cube
v 0.28502026052213186 0.2474502858314296 0.6044363301251644
v 0.24095269709824968 0.2696071577477689 0.7582566119665557
v 0.3334088536422262 0.11239465266759688 0.8073896312970703
v 0.3774764170661085 0.09023778075125757 0.6535693494556789
v -0.4863610572026885 -0.035227636449761714 0.5933759272285433
v -0.4425138315959257 -0.05727372400651931 0.44032474679635886
v -0.5626245816469346 0.10008034414508087 0.5520371049383153
v -0.5187773560401718 0.07803425658832328 0.39898592450613085
vt 0.3546298677553112 0.7794874396667133
vt 0.35462986775531125 0.8333333333333334
vt 0.29166700545178575 0.8333319927018555
vt 0.2916666666666667 0.779488154637926
vt 0.7658369164640995 0.821155187466149
vt 0.7658369164640995 0.875
vt 0.4791678675522355 0.8748653284781581
vt 0.4791666666666667 0.8212889400662907
vt 0.4494099439724684 0.8839237243421302
vt 0.4494099439724684 0.9375
vt 0.3958333333333333 0.9374979437740081
vt 0.39583366831459865 0.8839237243421302
vt 0.3447539836472148 0.9375
vt 0.0625 0.9374999999999999
vt 0.08095049105561429 0.8872017608587588
vt 0.36749709274141473 0.8787897576234786
vt 0.14774277489563023 0.75
vt 0.125 0.6912895075514296
vt 0.411546937538754 0.6997030664563288
vt 0.429996565481952 0.75
vt 0.782277478696706 0.9583333333333334
vt 0.5000257058929413 0.9583333333333331
vt 0.5 0.9047570369465955
vt 0.7822522534374943 0.904488901774751
vn 0.8282426030080103 0.5370659160571467 0.15991995614123142
vn 0.12932055522824315 -0.9755734887049998 0.17757410321162997
vn -0.8369208751153521 -0.5219940619418967 -0.1645771797472316
vn -0.2732301653615546 0.13689933861571651 0.952157470076813
vn 0.2723829489903761 -0.13743819252189277 -0.952322567377053
vn -0.15723989230457955 0.9701182594417358 -0.18478684738308937
usemtl m_b9f09a93-0704-8b3c-b764-5665d4aca7d4
f 1/1/1 2/2/1 3/3/1 4/4/1
f 4/5/2 3/6/2 5/7/2 6/8/2
f 5/9/3 7/10/3 8/11/3 6/12/3
f 2/13/4 7/14/4 5/15/4 3/16/4
f 1/17/5 4/18/5 6/19/5 8/20/5
f 1/21/6 8/22/6 7/23/6 2/24/6
o cube
v 1.0557932263121197 0.6415908541990265 0.7810998849319009
v 0.3509000556639176 0.10434193467876263 0.6565438074092667
v 0.27340902242921716 0.21485077573976774 0.6184255923989586
v 0.9783021930774192 0.7520996952600316 0.7429816699215923
v 1.018282526780451 0.660450850140724 0.9120330662639224
v 0.9407914935457504 0.7709596912017294 0.8739148512536139
v 0.31338935613224883 0.12320193062046036 0.7874769887412882
v 0.2358983228975483 0.23371077168146548 0.7493587737309801
vt 0.5274984628175599 0.8333333333333334
vt 0.22916666666666666 0.8333333333333333
vt 0.2291675583291987 0.7916666666666666
vt 0.5275010116842779 0.7916677918638676
vt 0.5416666666666672 0.8124988700731945
vt 0.5416666666666672 0.7666656406699032
vt 0.5884174635862081 0.7666667705967077
vt 0.5884174635862081 0.8124999999999991
vt 0.22916666666666666 0.8958333333333334
vt 0.5274984628175599 0.8958333333333334
vt 0.5275010116842779 0.937498874802799
vt 0.2291675583291987 0.9375
vt 0.5624999999999993 0.7657492030804584
vt 0.6083332294032906 0.7657492030804584
vt 0.6083343593300952 0.8124999999999992
vt 0.562501129926804 0.8124999999999993
vt 0.541667345325442 0.8541666666666667
vt 0.8399988266540742 0.8541666666666666
vt 0.8400001789814869 0.8958329114370581
vt 0.5416666666666666 0.8958333333333334
vt 0.5416666666666666 0.9166666666666666
vt 0.8400001789818482 0.9166666666666667
vt 0.8399988979508427 0.9583329114399305
vt 0.5416674166225716 0.9583333333333334
vn 0.27280508750304494 -0.13716360684870946 -0.9522413187783384
vn 0.7875901348024645 0.6002781223690142 0.13916880170126827
vn -0.2728050875030464 0.13716360684871154 0.9522413187783376
vn -0.7875901348024651 -0.6002781223690138 -0.1391688017012675
vn -0.552520736076295 0.7879418257469166 -0.2717876293070107
vn 0.5525207360762953 -0.7879418257469168 0.2717876293070094
usemtl m_b9f09a93-0704-8b3c-b764-5665d4aca7d4
f 9/25/7 10/26/7 11/27/7 12/28/7
f 13/29/8 9/30/8 12/31/8 14/32/8
f 15/33/9 13/34/9 14/35/9 16/36/9
f 10/37/10 15/38/10 16/39/10 11/40/10
f 16/41/11 14/42/11 12/43/11 11/44/11
f 10/45/12 9/46/12 13/47/12 15/48/12
o cube
v 1.454100249513476 0.8615161992500822 0.7355933203704319
v 0.9964830884700024 0.6221517914809944 0.7963486840173191
v 0.9468989010100557 0.7101249617265211 0.7694715623170969
v 1.404516062053529 0.949489369495609 0.7087161986702095
v 1.4521169986390077 0.8894124416038596 0.8305610326652335
v 1.4025328111790607 0.9773856118493862 0.8036839109650113
v 0.9944998375955341 0.6500480338347718 0.8913163963121207
v 0.9449156501355873 0.7380212040802987 0.8644392746118985
vt 0.590001547672023 0.8541666666666666
vt 0.4166676251970625 0.8541666666666666
vt 0.4166666666666667 0.8193331474419139
vt 0.590000589141627 0.8193331474419139
vt 0.5833333333333328 0.9166663387820844
vt 0.5833333333333327 0.8836659688741197
vt 0.6181658488973499 0.8836662967587019
vt 0.6181658488973499 0.9166666666666666
vt 0.6458342918637292 0.8193331474419139
vt 0.8191682143386897 0.8193331474419139
vt 0.8191672558082935 0.8541666666666666
vt 0.6458333333333334 0.8541666666666666
vt 0.4375 0.8818341511026495
vt 0.4705003699079646 0.8818341511026496
vt 0.47050069779254683 0.9166666666666666
vt 0.43750032788458215 0.9166666666666666
vt 0.6041666689202588 0.925332846699716
vt 0.7775010459829218 0.925332846699716
vt 0.7775010437293295 0.9583333333333334
vt 0.6041666666666666 0.9583333333333334
vt 0.6041666666666666 0.7794995133663828
vt 0.7775010437293295 0.7794995133663828
vt 0.7775010459829218 0.8125
vt 0.6041666689202588 0.8125
vn 0.02003283711584254 -0.28178022579573087 -0.9592698211596138
vn 0.8800330020066798 0.4603161687867071 -0.11683723778247604
vn -0.02003283711584252 0.2817802257957308 0.9592698211596138
vn -0.8800330020066806 -0.46031616878670584 0.11683723778247565
vn -0.4744898321525982 0.841848519095945 -0.2571973368442284
vn 0.47448983215259843 -0.8418485190959443 0.2571973368442306
usemtl m_b9f09a93-0704-8b3c-b764-5665d4aca7d4
f 17/49/13 18/50/13 19/51/13 20/52/13
f 21/53/14 17/54/14 20/55/14 22/56/14
f 23/57/15 21/58/15 22/59/15 24/60/15
f 18/61/16 23/62/16 24/63/16 19/64/16
f 24/65/17 22/66/17 20/67/17 19/68/17
f 18/69/18 17/70/18 21/71/18 23/72/18
o cube
v 1.153464674551606 0.466604457955767 0.14898383161425177
v 0.8745436871528727 0.3486273473285967 0.28876969161653543
v 0.8456931760397186 0.41516291120624116 0.2873579646621651
v 1.1246141634384517 0.5331400218334115 0.14757210465988146
v 1.1800811227386043 0.4795034600414687 0.2129793817025344
v 1.1512306116254503 0.5460390239191133 0.21156765474816397
v 0.9011601353398713 0.3615263494142985 0.35276524170481804
v 0.872309624226717 0.428061913291943 0.3513535147504476
vt 0.7570154762621778 0.7916666666666666
vt 0.6458333333333334 0.7916666666666666
vt 0.6458336319705437 0.7708350081957706
vt 0.7570165244202297 0.7708333333333334
vt 0.5624999999999994 0.8124999999999992
vt 0.5624999999999994 0.7890003804699822
vt 0.5866774455898615 0.7889995947746375
vt 0.5866794886932706 0.8124996217432842
vt 0.625 0.8333333333333334
vt 0.7361821429288445 0.8333333333333334
vt 0.7361831910868964 0.8541666666666666
vt 0.6250002986372103 0.8541649918042296
vt 0.5625007856953451 0.7883205113067285
vt 0.5860004052253621 0.7883205113067285
vt 0.5860000269686471 0.8124999999999998
vt 0.5625000000000004 0.8124979568965905
vt 0.520834062776383 0.875
vt 0.632018110096456 0.875
vt 0.6320173806534063 0.8958333333333334
vt 0.5208333333333334 0.8958333333333334
vt 0.6458333333333334 0.8958333333333334
vt 0.7570173806534063 0.8958333333333334
vt 0.7570181100964559 0.9166666666666666
vt 0.645834062776383 0.9166666666666666
vn -0.37753827215600827 -0.1829645685915138 -0.9077382991245754
vn 0.8362194195734851 0.3537014259546459 -0.41908517464333433
vn 0.3775382721560082 0.1829645685915148 0.9077382991245754
vn -0.8362194195734842 -0.35370142595464465 0.4190851746433373
vn -0.39774606897572307 0.9172890863396188 -0.019462700136077482
vn 0.39774606897572296 -0.9172890863396188 0.019462700136077333
usemtl m_b9f09a93-0704-8b3c-b764-5665d4aca7d4
f 25/73/19 26/74/19 27/75/19 28/76/19
f 29/77/20 25/78/20 28/79/20 30/80/20
f 31/81/21 29/82/21 30/83/21 32/84/21
f 26/85/22 31/86/22 32/87/22 27/88/22
f 32/89/23 30/90/23 28/91/23 27/92/23
f 26/93/24 25/94/24 29/95/24 31/96/24
o cube
v 0.8721685647290733 0.32743196034818434 0.2723239998262883
v 0.350493671558078 0.16337232372614363 0.6725427088185976
v 0.31265781008469995 0.25231227995117855 0.6596833347387203
v 0.8343327032556953 0.41637191657321926 0.25946462574641105
v 0.9282254726605053 0.3640117599822088 0.36038772423595455
v 0.890389611187127 0.4529517162072436 0.3475283501560773
v 0.4065505794895097 0.199952123360168 0.7606064332282636
v 0.36871471801613165 0.2888920795852029 0.7477470591483866
vt 0.5800571174886734 0.8749999999999999
vt 0.3541666666666667 0.875
vt 0.35416698921347106 0.8424978469612718
vt 0.5800569055957706 0.8424998605779128
vt 0.5625000000000012 0.8125
vt 0.5625000000000012 0.7756278635174917
vt 0.5950020951508089 0.7756280731618318
vt 0.5950028051871142 0.8124982510412097
vt 0.3333333333333333 0.9049978469612717
vt 0.55922378415534 0.9049978469612716
vt 0.5592235722624372 0.9374979863833587
vt 0.3333336558801377 0.9375
vt 0.4999999999999994 0.7799971948128869
vt 0.5368721364825078 0.7799971948128869
vt 0.5368703875237174 0.8124999999999999
vt 0.5000002096443396 0.8124992899636946
vt 0.6458333333333334 0.8172950168343175
vt 0.8717246958232909 0.8172950168343177
vt 0.871723278540637 0.8541666666666666
vt 0.6458348277025755 0.8541662162903884
vt 0.6250015678830209 0.8797950168315652
vt 0.8508900187215315 0.8797950168315652
vt 0.8508913624895086 0.9166666666666666
vt 0.625 0.9166662162845833
vn -0.506774921406968 -0.3306947487594296 -0.7961282322439641
vn 0.7698078164575884 0.24209405568506326 -0.5905814032991199
vn 0.5067749214069671 0.3306947487594309 0.7961282322439642
vn -0.7698078164575881 -0.24209405568506473 0.5905814032991196
vn -0.3880400813753152 0.9121575803252939 -0.13188420641359544
vn 0.3880400813753154 -0.9121575803252938 0.1318842064135957
usemtl m_b9f09a93-0704-8b3c-b764-5665d4aca7d4
f 33/97/25 34/98/25 35/99/25 36/100/25
f 37/101/26 33/102/26 36/103/26 38/104/26
f 39/105/27 37/106/27 38/107/27 40/108/27
f 34/109/28 39/110/28 40/111/28 35/112/28
f 40/113/29 38/114/29 36/115/29 35/116/29
f 34/117/30 33/118/30 37/119/30 39/120/30
o cube
v 0.27976123697719246 0.21580646042245588 0.8809106875010833
v -0.11490068273514564 0.06360391498836204 0.5766583961500547
v -0.13848215582523005 0.16286012463414878 0.5575941574122134
v 0.25617976388710806 0.3150626700682426 0.861846448763242
v 0.2174802190510754 0.21646352701130078 0.9613700285969715
v 0.193898745960991 0.3157197366570875 0.9423057898591303
v -0.1771817006612627 0.06426098157720694 0.6571177372459431
v -0.2007631737513471 0.16351719122299357 0.6380534985081017
vt 0.798684543914623 0.7708333333333334
vt 0.625000748161772 0.7708333333333333
vt 0.625 0.736238809424054
vt 0.7986837957528511 0.736238809424054
vt 0.5624999999999992 0.8124995917885974
vt 0.5624999999999992 0.7785821509190552
vt 0.5970945369002139 0.7785825591304579
vt 0.5970945369002139 0.8125
vt 0.6041674148284386 0.7987388094240541
vt 0.7778512105812897 0.798738809424054
vt 0.7778504624195177 0.8333333333333333
vt 0.6041666666666666 0.8333333333333334
vt 0 0.9654054630997854
vt 0.033917440869542105 0.9654054630997854
vt 0.033917849080944716 1
vt 4.0821140260642136e-7 1
vt 0.5208335395490965 0.8827500399269402
vt 0.694515568845012 0.8827500399269402
vt 0.6945153626292487 0.9166666666666665
vt 0.5208333333333334 0.9166666666666666
vt 0.75 0.9035833732602736
vt 0.9236820292959154 0.9035833732602736
vt 0.9236822355116786 0.9375
vt 0.7500002062157632 0.9375
vn 0.6120984562763346 -0.006457656892823927 -0.790755195045586
vn 0.7574357925579897 0.2921073705673059 0.5839214880549483
vn -0.6120984562763345 0.006457656892823928 0.7907551950455861
vn -0.7574357925579901 -0.29210737056730735 -0.5839214880549469
vn -0.22721465616499684 0.9563637293037148 -0.1836897310578716
vn 0.2272146561649967 -0.9563637293037148 0.1836897310578716
usemtl m_b9f09a93-0704-8b3c-b764-5665d4aca7d4
f 41/121/31 42/122/31 43/123/31 44/124/31
f 45/125/32 41/126/32 44/127/32 46/128/32
f 47/129/33 45/130/33 46/131/33 48/132/33
f 42/133/34 47/134/34 48/135/34 43/136/34
f 48/137/35 46/138/35 44/139/35 43/140/35
f 42/141/36 41/142/36 45/143/36 47/144/36
o cube
v 0.4383959296663298 0.59214328093533 1.1500339556461114
v 0.269636064220904 0.21813405076015768 0.8818868838373473
v 0.23023600314425174 0.2702120603830752 0.8340455734857124
v 0.3989958685896775 0.6442212905582474 1.1021926452944768
v 0.37467709495549917 0.5871603698610901 1.197085883612138
v 0.3352770338788469 0.6392383794840075 1.1492445732605032
v 0.2059172295100733 0.2131511396859178 0.9289388118033737
v 0.16651716843342101 0.26522914930883534 0.881097501451739
vt 0.830056423728343 0.8958333333333333
vt 0.6666666666666666 0.8958333333333334
vt 0.6666674698012125 0.875
vt 0.8300572268628889 0.875
vt 0.5625004124632103 0.7646805635557216
vt 0.588954792089066 0.7646805635557216
vt 0.5889562506403527 0.7916643907360206
vt 0.5625000000000004 0.7916666666666673
vt 0.4791666666666667 0.8750000000000001
vt 0.642556423728343 0.875
vt 0.6425572268628889 0.8958333333333333
vt 0.47916746980121255 0.8958333333333334
vt 0.5625000000000001 0.7916652081153795
vt 0.5625000000000001 0.7652108284895238
vt 0.5894861031109458 0.765210416026314
vt 0.5894838271802991 0.7916666666666663
vt 0.5000009762362561 0.9166666666666667
vt 0.6633888931892854 0.9166666666666666
vt 0.6633899932680837 0.9375
vt 0.5 0.9374998654510966
vt 0.6666666666666666 0.9166666666666666
vt 0.8300566599348397 0.9166666666666666
vt 0.8300555321904222 0.9375
vt 0.6666676152374822 0.9374998654528063
vn 0.8028581202145818 0.06278474232016368 -0.5928548852268143
vn 0.3442891440409882 0.7630209788362258 0.5470502455454449
vn -0.8028581202145816 -0.06278474232016355 0.5928548852268143
vn -0.3442891440409871 -0.763020978836225 -0.5470502455454468
vn -0.48670712353635587 0.6433172327767991 -0.5909814835604987
vn 0.4867071235363573 -0.6433172327767991 0.5909814835604978
usemtl m_b9f09a93-0704-8b3c-b764-5665d4aca7d4
f 49/145/37 50/146/37 51/147/37 52/148/37
f 53/149/38 49/150/38 52/151/38 54/152/38
f 55/153/39 53/154/39 54/155/39 56/156/39
f 50/157/40 55/158/40 56/159/40 51/160/40
f 56/161/41 54/162/41 52/163/41 51/164/41
f 50/165/42 49/166/42 53/167/42 55/168/42
o cube
v 1.4676346965962055 0.44060093370527376 -0.04871633736885461
v 1.103643479748435 0.475020223097691 0.1731540755671621
v 1.1025710329998124 0.5238270088009442 0.16382315103750678
v 1.466562249847583 0.4894077194085269 -0.058047261898510116
v 1.4928735125551686 0.44882751228622253 -0.008586812093303586
v 1.4918010658065464 0.49763429798947567 -0.01791773662295909
v 1.128882295707398 0.48324680167863976 0.21328360084271325
v 1.1278098489587758 0.5320535873818928 0.2039526763130577
vt 0.5208333333333334 0.8167655699448305
vt 0.6633910656230632 0.8167655699448305
vt 0.6633901948744727 0.8333314271550641
vt 0.5208347091465519 0.8333333333333334
vt 0.5833333333333321 0.8124988801477132
vt 0.5833333333333321 0.7964609886817625
vt 0.5999017573914261 0.7964624660316024
vt 0.5998997049603608 0.8125000000000007
vt 0.7883910656230633 0.875
vt 0.6458333333333334 0.875
vt 0.6458347091465519 0.8584322366114971
vt 0.7883901948744727 0.8584341427897663
vt 0.5624999999999996 0.7750982426085723
vt 0.5785378914659501 0.7750982426085723
vt 0.5785390113182376 0.7916646142356009
vt 0.5625014773498395 0.7916666666666662
vt 0.5383909775243056 0.875
vt 0.39583512703821544 0.875
vt 0.3958333333333333 0.8589609797558039
vt 0.5383900710813251 0.858962864707818
vt 0.7258900710937871 0.9166666666666666
vt 0.5833333333333334 0.9166666666666666
vt 0.5833353391136599 0.9006276464475897
vt 0.7258911895872883 0.9006295313878719
vn -0.5245519268203902 -0.17097742036680066 -0.8340335711431107
vn 0.851104982703382 -0.08048114170635876 -0.5187900290552211
vn 0.5245519268203904 0.17097742036680158 0.8340335711431105
vn -0.8511049827033826 0.08048114170636303 0.5187900290552191
vn -0.021577406852850357 0.9819824374979191 -0.18773627235873244
vn 0.02157740685285023 -0.9819824374979189 0.18773627235873253
usemtl m_b9f09a93-0704-8b3c-b764-5665d4aca7d4
f 57/169/43 58/170/43 59/171/43 60/172/43
f 61/173/44 57/174/44 60/175/44 62/176/44
f 63/177/45 61/178/45 62/179/45 64/180/45
f 58/181/46 63/182/46 64/183/46 59/184/46
f 64/185/47 62/186/47 60/187/47 59/188/47
f 58/189/48 57/190/48 61/191/48 63/192/48
o cube
v 1.7287907567997687 1.1508403732159267 0.7846457169433729
v 1.4517207509542251 0.8739542034751002 0.7337412881870775
v 1.402776593703405 0.925110721804784 0.7218842750206551
v 1.6798465995489487 1.2019968915456105 0.7727887037769507
v 1.7150285325658756 1.1526959006063497 0.8494599140094969
v 1.6660843753150552 1.2038524189360336 0.8376029008430745
v 1.437958526720332 0.8758097308655233 0.7985554852532013
v 1.3890143694695118 0.9269662491952073 0.7866984720867789
vt 0.6941662858809102 0.8541666666666666
vt 0.5625 0.8541666666666666
vt 0.5625000971785511 0.8333333333333334
vt 0.6941663830594614 0.8333333333333334
vt 0.5625000000000006 0.9166633581486585
vt 0.5625000000000006 0.894569188441031
vt 0.5864288704351289 0.8945704971541865
vt 0.5864267067955771 0.9166666666666657
vt 0.3958333333333333 0.8125
vt 0.5274996192142436 0.8125000000000001
vt 0.5274997163927947 0.8333333333333334
vt 0.3958334305118844 0.8333333333333334
vt 0.5625000000000011 0.8719044628982058
vt 0.5845941697076286 0.8719044628982058
vt 0.5845974782256359 0.8958311696937823
vt 0.5625013087131565 0.8958333333333341
vt 0.645834966459543 0.8541666666666666
vt 0.7775002599155943 0.8541666666666666
vt 0.7775007084632574 0.8749999216099379
vt 0.6458333333333334 0.875
vt 0.6666666666666666 0.9375000000000001
vt 0.798334041796617 0.9375
vt 0.7983336071997996 0.9583332549445105
vt 0.6666683137437747 0.9583333333333334
vn 0.20762151004046478 -0.02799310577808513 -0.977808618594362
vn 0.7014430527735287 0.7009776449134838 0.12887197153492533
vn -0.20762151004046464 0.027993105778084337 0.9778086185943619
vn -0.7014430527735284 -0.7009776449134841 -0.12887197153492566
vn -0.6818144559073753 0.7126336557870682 -0.1651736067151415
vn 0.6818144559073764 -0.7126336557870683 0.16517360671513684
usemtl m_b9f09a93-0704-8b3c-b764-5665d4aca7d4
f 65/193/49 66/194/49 67/195/49 68/196/49
f 69/197/50 65/198/50 68/199/50 70/200/50
f 71/201/51 69/202/51 70/203/51 72/204/51
f 66/205/52 71/206/52 72/207/52 67/208/52
f 72/209/53 70/210/53 68/211/53 67/212/53
f 66/213/54 65/214/54 69/215/54 71/216/54
o cube
v 0.49976733108715565 0.7812146936332862 1.4336074466607618
v 0.4181946392244661 0.5869241166976278 1.1353701816899298
v 0.39349003985513265 0.6400195630961822 1.1075375624419712
v 0.4750627317178222 0.8343101400318411 1.4057748274128032
v 0.44959042325309695 0.7691740948390744 1.4551756444792925
v 0.4248858238837636 0.8222695412376293 1.427343025231334
v 0.3680177313904074 0.574883517903416 1.1569383795084605
v 0.34331313202107394 0.6279789643019704 1.129105760260502
vt 0.5800569202790178 0.8541666666666666
vt 0.4583333333333333 0.8541666666666666
vt 0.458333375372741 0.8333344274299661
vt 0.5800552153474827 0.8333333333333334
vt 0.5624999999999994 0.7700521260869765
vt 0.5811422706093491 0.7700521260869765
vt 0.5811436339983481 0.7916646518496576
vt 0.5625018932854059 0.7916666666666655
vt 0.3125 0.8333333333333334
vt 0.43422358694568447 0.8333333333333334
vt 0.43422188201414946 0.8541666666666666
vt 0.31250004203940773 0.8541655725700338
vt 0.5625000000000006 0.7916653032776665
vt 0.5625000000000006 0.7730230326683168
vt 0.5841145405796897 0.7730249259537233
vt 0.5841125257626818 0.7916666666666656
vt 0.41666769729587494 0.8980238626980053
vt 0.538390803800425 0.8980238626980052
vt 0.5383917043886451 0.9166666666666666
vt 0.4166666666666667 0.9166658852084004
vt 0.6458333333333334 0.8771905293708376
vt 0.7675583710578202 0.8771905293708376
vt 0.7675573507853222 0.8958333333333334
vt 0.6458342442832804 0.8958325518874651
vn 0.8971777360700578 0.21528941565798057 -0.38564566301963144
vn 0.22338339744800445 0.5320566010139389 0.8167102491471998
vn -0.8971777360700588 -0.21528941565797824 0.3856456630196303
vn -0.22338339744800312 -0.5320566010139419 -0.8167102491471983
vn -0.38101439296277734 0.8188810907715098 -0.4292572556545422
vn 0.3810143929627768 -0.8188810907715102 0.4292572556545416
usemtl m_b9f09a93-0704-8b3c-b764-5665d4aca7d4
f 73/217/55 74/218/55 75/219/55 76/220/55
f 77/221/56 73/222/56 76/223/56 78/224/56
f 79/225/57 77/226/57 78/227/57 80/228/57
f 74/229/58 79/230/58 80/231/58 75/232/58
f 80/233/59 78/234/59 76/235/59 75/236/59
f 74/237/60 73/238/60 77/239/60 79/240/60