# Made in Blockbench 4.8.1
mtllib pine_twig_branch_up_2.mtl

o cube
v 0.6637181359091644 0.7249141741708014 0.2367196352024864
v 0.6227248124742937 0.7303109057718844 0.10558355045923218
v 0.7407727183159474 0.6113123594887941 0.20795713303262553
v 0.6997793948810767 0.6167090910898771 0.07682104828937131
v -0.02708745699307824 0.24319706810993624 0.2886692506324132
v 0.01390586644179237 0.23780033650885335 0.41980533537566744
v 0.04996712541370485 0.1295952534279291 0.25990674846255235
v 0.09096044884857546 0.12419852182684621 0.3910428332058067
vt 0.34375 0.4192875000000009
vt 0.34375 0.5580375
vt 0.36128125 0.5580375
vt 0.36128125 0.4192875000000009
vt 0.34375 0.5351208333333333
vt 0.34375 0.5580375
vt 0.36128125 0.5580375
vt 0.36128125 0.5351208333333333
vt 0.3828125 0.4192875000000009
vt 0.3828125 0.5580375
vt 0.40034375 0.5580375
vt 0.40034375 0.4192875000000009
vt 0.34375 0.5351208333333333
vt 0.34375 0.5580375
vt 0.36128125 0.5580375
vt 0.36128125 0.5351208333333333
vt 0.3671875 0.8151208333333343
vt 0.3671875 0.9538708333333333
vt 0.384375 0.9538708333333333
vt 0.384375 0.8151208333333343
vt 0.34375 0.22137083333333418
vt 0.34375 0.36012083333333333
vt 0.3609375 0.36012083333333333
vt 0.3609375 0.22137083333333418
vn -0.29813326134451396 0.039248957098784766 -0.95371697995094
vn 0.780555278639491 0.5851217269212627 -0.21992276297078955
vn 0.29813326134451396 -0.039248957098784766 0.95371697995094
vn -0.780555278639491 -0.5851217269212627 0.21992276297078955
vn -0.5494087872141385 0.8099951135971977 0.20508022937512152
vn 0.5494087872141385 -0.8099951135971977 -0.20508022937512152
usemtl m_890a103a-2c95-a057-8483-4c3958a0f191
f 4/4/1 7/3/1 5/2/1 2/1/1
f 3/8/2 4/7/2 2/6/2 1/5/2
f 8/12/3 3/11/3 1/10/3 6/9/3
f 7/16/4 8/15/4 6/14/4 5/13/4
f 6/20/5 1/19/5 2/18/5 5/17/5
f 7/24/6 4/23/6 3/22/6 8/21/6
o cube
v 1.3019968448957207 1.2937763547288061 -0.29139885616442607
v 1.2711024683365992 1.2954143063986714 -0.3283840216083293
v 1.3140438819041234 1.2500852349368428 -0.3033969001113662
v 1.283149505345002 1.251723186606708 -0.34038206555526945
v 0.9400993443380612 1.1302272406268945 -0.059206728351786087
v 0.9709937208971826 1.128589288957029 -0.022221562907882908
v 0.9521463813464639 1.0865361208349311 -0.07120477229872624
v 0.9830407579055853 1.0848981691650657 -0.03421960685482295
vt 0.375 0.8151208333333334
vt 0.375 0.8913708333333333
vt 0.3808603515625001 0.8913708333333333
vt 0.3808603515625001 0.8151208333333334
vt 0.375 0.883334375
vt 0.375 0.8913708333333333
vt 0.3808603515625001 0.8913708333333333
vt 0.3808603515625001 0.883334375
vt 0.3359375 0.8151208333333334
vt 0.3359375 0.8913708333333333
vt 0.3417978515625001 0.8913708333333333
vt 0.3417978515625001 0.8151208333333334
vt 0.375 0.883334375
vt 0.375 0.8913708333333333
vt 0.3808603515625001 0.8913708333333333
vt 0.3808603515625001 0.883334375
vt 0.375 0.8151208333333334
vt 0.375 0.8913708333333333
vt 0.38102734375 0.8913708333333333
vt 0.38102734375 0.8151208333333334
vt 0.40625 0.8151208333333334
vt 0.40625 0.8913708333333333
vt 0.41227734375 0.8913708333333333
vt 0.41227734375 0.8151208333333334
vn -0.6407129292883244 0.03396918563557822 -0.7670287065488686
vn 0.7235040961716679 0.3610646246377639 -0.5883656683203131
vn 0.6407129292883244 -0.03396918563557822 0.7670287065488686
vn -0.7235040961716679 -0.3610646246377639 0.5883656683203131
vn -0.25696062940768305 0.9319219019115532 0.25591561826500764
vn 0.25696062940768305 -0.9319219019115532 -0.25591561826500764
usemtl m_890a103a-2c95-a057-8483-4c3958a0f191
f 12/28/7 15/27/7 13/26/7 10/25/7
f 11/32/8 12/31/8 10/30/8 9/29/8
f 16/36/9 11/35/9 9/34/9 14/33/9
f 15/40/10 16/39/10 14/38/10 13/37/10
f 14/44/11 9/43/11 10/42/11 13/41/11
f 15/48/12 12/47/12 11/46/12 16/45/12
o cube
v 1.1846284111651064 0.8328806581935397 0.2777903462314447
v 1.1870955581720197 0.8519159036644028 0.2099536112310758
v 1.210610328418169 0.7674371491507403 0.2603715826409927
v 1.2130774754250826 0.7864723946216032 0.1925348476406239
v 0.7009614110173146 0.6767060881640907 0.1431089104500085
v 0.6984942640104013 0.6576708426932278 0.21094564545037742
v 0.7269433282703774 0.6112625791212913 0.1256901468595566
v 0.7244761812634639 0.5922273336504282 0.1935268818599255
vt 0.359375 0.5267875
vt 0.359375 0.43994583333333404
vt 0.36844187500000003 0.43994583333333404
vt 0.36844187500000003 0.5267875
vt 0.34375 0.5580375
vt 0.34375 0.5462875
vt 0.35281687500000003 0.5462875
vt 0.35281687500000003 0.5580375
vt 0.3515625 0.3809541666666667
vt 0.3515625 0.29411250000000067
vt 0.36062937500000003 0.29411250000000067
vt 0.36062937500000003 0.3809541666666667
vt 0.34375 0.5580375
vt 0.34375 0.5462875
vt 0.35281687500000003 0.5462875
vt 0.35281687500000003 0.5580375
vt 0.3838125 0.7107791666666674
vt 0.3838125 0.7976208333333333
vt 0.375 0.7976208333333333
vt 0.375 0.7107791666666674
vt 0.376 0.6378625000000007
vt 0.376 0.7247041666666667
vt 0.3671875 0.7247041666666667
vt 0.3671875 0.6378625000000007
vn 0.03499499300586471 0.2700034818562123 -0.9622231914945938
vn 0.9329894389304452 0.3362629603690877 0.12828845750132944
vn -0.03499499300586471 -0.2700034818562123 0.9622231914945938
vn -0.9329894389304452 -0.3362629603690877 -0.12828845750132944
vn -0.35819834911508536 0.9022335292313957 0.24014287710004656
vn 0.35819834911508536 -0.9022335292313957 -0.24014287710004656
usemtl m_890a103a-2c95-a057-8483-4c3958a0f191
f 20/52/13 23/51/13 21/50/13 18/49/13
f 19/56/14 20/55/14 18/54/14 17/53/14
f 24/60/15 19/59/15 17/58/15 22/57/15
f 23/64/16 24/63/16 22/62/16 21/61/16
f 22/68/17 17/67/17 18/66/17 21/65/17
f 23/72/18 20/71/18 19/70/18 24/69/18
o cube
v 0.5810544126955319 0.5490803318230078 -0.03683445659719137
v 0.5114680642025355 0.5422422386526935 -0.07438154450298456
v 0.5898374264078297 0.4686223037868229 -0.03845903960465574
v 0.5202510779148333 0.46178421061650865 -0.07600612751044894
v 0.3696748688286373 0.5213808967928109 0.1922043098150248
v 0.4392612173216338 0.5282189899631251 0.2297513977208181
v 0.37845788254093504 0.440922868756626 0.1905797268075604
v 0.44804423103393143 0.44776096192694037 0.22812681471335372
vt 0.34375 0.5580375
vt 0.34375 0.5075926666666672
vt 0.35386903750000004 0.5075926666666672
vt 0.35386903750000004 0.5580375
vt 0.34375 0.5580375
vt 0.34375 0.54481
vt 0.35386903750000004 0.54481
vt 0.35386903750000004 0.5580375
vt 0.34375 0.5580375
vt 0.34375 0.5075926666666672
vt 0.35386903750000004 0.5075926666666672
vt 0.35386903750000004 0.5580375
vt 0.34375 0.5580375
vt 0.34375 0.54481
vt 0.35386903750000004 0.54481
vt 0.35386903750000004 0.5580375
vt 0.353670625 0.5075926666666672
vt 0.353670625 0.5580375
vt 0.34375 0.5580375
vt 0.34375 0.5075926666666672
vt 0.353670625 0.5075926666666672
vt 0.353670625 0.5580375
vt 0.34375 0.5580375
vt 0.34375 0.5075926666666672
vn -0.8767888678006225 -0.08616006010602012 -0.4730937807067743
vn 0.46847610879838897 0.06892460694647522 -0.8807834773895308
vn 0.8767888678006225 0.08616006010602012 0.4730937807067743
vn -0.46847610879838897 -0.06892460694647522 0.8807834773895308
vn -0.10849616023630773 0.99389428140009 0.020068398395899325
vn 0.10849616023630773 -0.99389428140009 -0.020068398395899325
usemtl m_890a103a-2c95-a057-8483-4c3958a0f191
f 28/76/19 31/75/19 29/74/19 26/73/19
f 27/80/20 28/79/20 26/78/20 25/77/20
f 32/84/21 27/83/21 25/82/21 30/81/21
f 31/88/22 32/87/22 30/86/22 29/85/22
f 30/92/23 25/91/23 26/90/23 29/89/23
f 31/96/24 28/95/24 27/94/24 32/93/24
o cube
v 0.184595872151595 0.4002784486750651 0.6712527336348539
v 0.21919433858662152 0.4378382908764008 0.5832455357806152
v 0.24731830921335474 0.31824171204204865 0.6608991856130952
v 0.28191677564838125 0.35580155424338444 0.5728919877588567
v -0.11119665867792394 0.21369815829149563 0.3576993267870766
v -0.14579512511295045 0.17613831609015995 0.4457065246413152
v -0.04847422161616427 0.13166142165847927 0.3473457787653179
v -0.08307268805119078 0.09410157945714359 0.4353529766195565
vt 0.390625 0.38786250000000067
vt 0.390625 0.4642875000000001
vt 0.4035981250000001 0.4642875000000001
vt 0.4035981250000001 0.38786250000000067
vt 0.34375 0.5410791666666668
vt 0.34375 0.5580375
vt 0.3567231250000001 0.5580375
vt 0.3567231250000001 0.5410791666666668
vt 0.421875 0.45036250000000067
vt 0.421875 0.5267875
vt 0.4348481250000001 0.5267875
vt 0.4348481250000001 0.45036250000000067
vt 0.34375 0.5410791666666668
vt 0.34375 0.5580375
vt 0.3567231250000001 0.5580375
vt 0.3567231250000001 0.5410791666666668
vt 0.375 0.6274458333333339
vt 0.375 0.7038708333333334
vt 0.38771875 0.7038708333333334
vt 0.38771875 0.6274458333333339
vt 0.3671875 0.32536250000000067
vt 0.3671875 0.4017875000000001
vt 0.37990625 0.4017875000000001
vt 0.37990625 0.32536250000000067
vn 0.3400340681575087 0.36913849829322565 -0.8649356054470628
vn 0.7205124790416486 0.4888019465377973 0.4918683000622406
vn -0.3400340681575087 -0.36913849829322565 0.8649356054470628
vn -0.7205124790416486 -0.4888019465377973 -0.4918683000622406
vn -0.6043497332153895 0.7904488763599344 0.09975958011040706
vn 0.6043497332153895 -0.7904488763599344 -0.09975958011040706
usemtl m_890a103a-2c95-a057-8483-4c3958a0f191
f 36/100/25 39/99/25 37/98/25 34/97/25
f 35/104/26 36/103/26 34/102/26 33/101/26
f 40/108/27 35/107/27 33/106/27 38/105/27
f 39/112/28 40/111/28 38/110/28 37/109/28
f 38/116/29 33/115/29 34/114/29 37/113/29
f 39/120/30 36/119/30 35/118/30 40/117/30
o cube
v 0.5863860302537491 0.6589558464352381 0.7913199804546287
v 0.5998614800083264 0.6780524312880751 0.7154745064573604
v 0.6330333009016564 0.5933098449349214 0.7830792581919037
v 0.6465087506562337 0.6124064297877587 0.7072337841946352
v 0.20799343547473204 0.4165993658060796 0.5800220100444793
v 0.19451798572015466 0.39750278095324243 0.6558674840417478
v 0.2546407061226392 0.35095336430576296 0.5717812877817541
v 0.24116525636806196 0.3318567794529259 0.6476267617790226
vt 0.34375 0.47634266666666714
vt 0.34375 0.5580375
vt 0.35386903750000004 0.5580375
vt 0.35386903750000004 0.47634266666666714
vt 0.34375 0.54481
vt 0.34375 0.5580375
vt 0.35386903750000004 0.5580375
vt 0.35386903750000004 0.54481
vt 0.3828125 0.4659260000000005
vt 0.3828125 0.5476208333333334
vt 0.39293153750000004 0.5476208333333334
vt 0.39293153750000004 0.4659260000000005
vt 0.34375 0.54481
vt 0.34375 0.5580375
vt 0.35386903750000004 0.5580375
vt 0.35386903750000004 0.54481
vt 0.390625 0.3617593333333339
vt 0.390625 0.4434541666666667
vt 0.400545625 0.4434541666666667
vt 0.400545625 0.3617593333333339
vt 0.34375 0.47634266666666714
vt 0.34375 0.5580375
vt 0.353670625 0.5580375
vt 0.353670625 0.47634266666666714
vn 0.1697908366985103 0.2406172097629572 -0.9556539280195049
vn 0.7994549727412315 0.5333937182522702 0.2763383576131533
vn -0.1697908366985103 -0.2406172097629572 0.9556539280195049
vn -0.7994549727412315 -0.5333937182522702 -0.2763383576131533
vn -0.5762315665880664 0.8109220059259132 0.10179725916033375
vn 0.5762315665880664 -0.8109220059259132 -0.10179725916033375
usemtl m_890a103a-2c95-a057-8483-4c3958a0f191
f 44/124/31 47/123/31 45/122/31 42/121/31
f 43/128/32 44/127/32 42/126/32 41/125/32
f 48/132/33 43/131/33 41/130/33 46/129/33
f 47/136/34 48/135/34 46/134/34 45/133/34
f 46/140/35 41/139/35 42/138/35 45/137/35
f 47/144/36 44/143/36 43/142/36 48/141/36
o cube
v 1.4738534381393695 0.7772475804109762 0.25190930491575825
v 1.4735038016881294 0.7829956317116553 0.20414016335348228
v 1.4647424267827265 0.7287295616306013 0.24613782755061564
v 1.4643927903314866 0.7344776129312804 0.19836868598833968
v 1.1759717030214798 0.8378241745612942 0.2129153962850292
v 1.1763213394727199 0.8320761232606151 0.2606845378473053
v 1.1668606916648367 0.7893061557809196 0.2071439189198866
v 1.1672103281160768 0.7835581044802402 0.25491306048216256
vt 0.359375 0.3721760000000004
vt 0.359375 0.42262083333333333
vt 0.36558778750000004 0.42262083333333333
vt 0.36558778750000004 0.3721760000000004
vt 0.34375 0.5500183333333333
vt 0.34375 0.5580375
vt 0.34996278750000004 0.5580375
vt 0.34996278750000004 0.5500183333333333
vt 0.3828125 0.7680093333333338
vt 0.3828125 0.8184541666666667
vt 0.38902528750000004 0.8184541666666667
vt 0.38902528750000004 0.7680093333333338
vt 0.34375 0.5500183333333333
vt 0.34375 0.5580375
vt 0.34996278750000004 0.5580375
vt 0.34996278750000004 0.5500183333333333
vt 0.3984375 0.2784260000000005
vt 0.3984375 0.32887083333333333
vt 0.404451875 0.32887083333333333
vt 0.404451875 0.2784260000000005
vt 0.375 0.6846760000000005
vt 0.375 0.7351208333333334
vt 0.381014375 0.7351208333333334
vt 0.381014375 0.6846760000000005
vn -0.0072666829728772215 0.11946485089222134 -0.9928118375200163
vn 0.9830279898722764 -0.18115017675956055 -0.028992836833461606
vn 0.0072666829728772215 -0.11946485089222134 0.9928118375200163
vn -0.9830279898722764 0.18115017675956055 0.028992836833461606
vn 0.18331166478498706 0.9761725067124557 0.11612093132797911
vn -0.18331166478498706 -0.9761725067124557 -0.11612093132797911
usemtl m_890a103a-2c95-a057-8483-4c3958a0f191
f 52/148/37 55/147/37 53/146/37 50/145/37
f 51/152/38 52/151/38 50/150/38 49/149/38
f 56/156/39 51/155/39 49/154/39 54/153/39
f 55/160/40 56/159/40 54/158/40 53/157/40
f 54/164/41 49/163/41 50/162/41 53/161/41
f 55/168/42 52/167/42 51/166/42 56/165/42
o cube
v 0.07057096827522291 0.2950490026066347 0.41827112568776603
v 0.02171670923849489 0.3014806188187207 0.26198820651221166
v 0.11600572336712345 0.11986508272485652 0.3968586959008653
v 0.06715146433039543 0.1262966989369425 0.24057577672531105
v -0.5725804261637449 0.12552466770726278 0.44052508819537284
v -0.5237261671270169 0.1190930514951768 0.5968080073709272
v -0.5271456710718444 -0.049659252174515334 0.4191126584084722
v -0.4782914120351164 -0.05609086838660138 0.5753955775840267
vt 0.34375 0.4505375000000009
vt 0.34375 0.5580375
vt 0.3665302734375 0.5580375
vt 0.3665302734375 0.4505375000000009
vt 0.34375 0.5307263020833333
vt 0.34375 0.5580375
vt 0.3665302734375 0.5580375
vt 0.3665302734375 0.5307263020833333
vt 0.390625 0.5651208333333342
vt 0.390625 0.6726208333333334
vt 0.4134052734375 0.6726208333333334
vt 0.4134052734375 0.5651208333333342
vt 0.34375 0.5307263020833333
vt 0.34375 0.5580375
vt 0.3665302734375 0.5580375
vt 0.3665302734375 0.5307263020833333
vt 0.375 0.24220416666666755
vt 0.375 0.3497041666666667
vt 0.3954833984375 0.3497041666666667
vt 0.3954833984375 0.24220416666666755
vt 0.34375 0.6901208333333342
vt 0.34375 0.7976208333333333
vt 0.3642333984375 0.7976208333333333
vt 0.3642333984375 0.6901208333333342
vn -0.2981332613445144 0.03924895709878482 -0.9537169799509397
vn 0.9213909076003797 0.27279992420381294 -0.2768013669506398
vn 0.2981332613445144 -0.03924895709878482 0.9537169799509397
vn -0.9213909076003797 -0.27279992420381294 0.2768013669506398
vn -0.24930975486617515 0.9612698480245034 0.11749436330103678
vn 0.24930975486617515 -0.9612698480245034 -0.11749436330103678
usemtl m_890a103a-2c95-a057-8483-4c3958a0f191
f 60/172/43 63/171/43 61/170/43 58/169/43
f 59/176/44 60/175/44 58/174/44 57/173/44
f 64/180/45 59/179/45 57/178/45 62/177/45
f 63/184/46 64/183/46 62/182/46 61/181/46
f 62/188/47 57/187/47 58/186/47 61/185/47
f 63/192/48 60/191/48 59/190/48 64/189/48
o cube
v 0.6399743614823798 0.7375508230966896 -0.4312498000879451
v 0.5811497325068211 0.7199402739517644 -0.4509024021327131
v 0.6660802680543414 0.6768573668088997 -0.45500366089331384
v 0.6072556390787827 0.6592468176639743 -0.47465626293808183
v 0.5003351909532652 0.5205964814096198 -0.030375946694856992
v 0.5591598199288239 0.538207030554545 -0.010723344650089006
v 0.5264410975252265 0.4599030251218297 -0.054129807500225724
v 0.5852657265007852 0.477513574266755 -0.03447720545545774
vt 0.34375 0.5580375
vt 0.34375 0.4793130442708339
vt 0.35252626406250004 0.4793130442708339
vt 0.35252626406250004 0.5580375
vt 0.34375 0.5580375
vt 0.34375 0.5472920963541668
vt 0.35252626406250004 0.5472920963541668
vt 0.35252626406250004 0.5580375
vt 0.359375 0.39137083333333333
vt 0.359375 0.31264637760416714
vt 0.36815126406250004 0.31264637760416714
vt 0.36815126406250004 0.39137083333333333
vt 0.34375 0.5580375
vt 0.34375 0.5472920963541668
vt 0.35252626406250004 0.5472920963541668
vt 0.35252626406250004 0.5580375
vt 0.398684052734375 0.8438963776041671
vt 0.398684052734375 0.9226208333333333
vt 0.390625 0.9226208333333333
vt 0.390625 0.8438963776041671
vt 0.375246552734375 0.6668130442708338
vt 0.375246552734375 0.7455375
vt 0.3671875 0.7455375
vt 0.3671875 0.6668130442708338
vn -0.9123998643886624 -0.27314855922535214 -0.3048218365810841
vn 0.17109156404032028 0.42202851853292395 -0.8902918657716371
vn 0.9123998643886624 0.27314855922535214 0.3048218365810841
vn -0.17109156404032028 -0.42202851853292395 0.8902918657716371
vn -0.37182544853437305 0.8644546223706713 0.3383253488643624
vn 0.37182544853437305 -0.8644546223706713 -0.3383253488643624
usemtl m_890a103a-2c95-a057-8483-4c3958a0f191
f 68/196/49 71/195/49 69/194/49 66/193/49
f 67/200/50 68/199/50 66/198/50 65/197/50
f 72/204/51 67/203/51 65/202/51 70/201/51
f 71/208/52 72/207/52 70/206/52 69/205/52
f 70/212/53 65/211/53 66/210/53 69/209/53
f 71/216/54 68/215/54 67/214/54 72/213/54
o cube
v 0.9763384879888997 1.141912706346101 0.0015660463543920589
v 0.9284643618915023 1.1446785120180771 -0.06714367176483954
v 1.0290284541870722 1.0898713114235525 -0.03724101826587345
v 0.9811543280896746 1.0926371170955287 -0.10595073638510505
v 0.5893635428502941 0.6403045291349723 0.1488251220832726
v 0.6372376689476913 0.6375387234629961 0.21753484020250424
v 0.6420535090484663 0.5882631342124238 0.11001805746300719
v 0.6899276351458639 0.5854973285404479 0.17872777558223873
vt 0.34375 0.4505375000000009
vt 0.34375 0.5580375
vt 0.354201171875 0.5580375
vt 0.354201171875 0.4505375000000009
vt 0.34375 0.54407265625
vt 0.34375 0.5580375
vt 0.354201171875 0.5580375
vt 0.354201171875 0.54407265625
vt 0.3828125 0.4505375000000009
vt 0.3828125 0.5580375
vt 0.393263671875 0.5580375
vt 0.393263671875 0.4505375000000009
vt 0.34375 0.54407265625
vt 0.34375 0.5580375
vt 0.354201171875 0.5580375
vt 0.354201171875 0.54407265625
vt 0.34375 0.4505375000000009
vt 0.34375 0.5580375
vt 0.3542236328125 0.5580375
vt 0.3542236328125 0.4505375000000009
vt 0.34375 0.4505375000000009
vt 0.34375 0.5580375
vt 0.3542236328125 0.5580375
vt 0.3542236328125 0.4505375000000009
vn -0.5713648615819923 0.03300914927859705 -0.8200320670640229
vn 0.5257377039398623 0.7819751672606341 -0.33483533929940146
vn 0.5713648615819923 -0.03300914927859705 0.8200320670640229
vn -0.5257377039398623 -0.7819751672606341 0.33483533929940146
vn -0.6301920831027891 0.6224349233868605 0.4641472875531652
vn 0.6301920831027891 -0.6224349233868605 -0.4641472875531652
usemtl m_890a103a-2c95-a057-8483-4c3958a0f191
f 76/220/55 79/219/55 77/218/55 74/217/55
f 75/224/56 76/223/56 74/222/56 73/221/56
f 80/228/57 75/227/57 73/226/57 78/225/57
f 79/232/58 80/231/58 78/230/58 77/229/58
f 78/236/59 73/235/59 74/234/59 77/233/59
f 79/240/60 76/239/60 75/238/60 80/237/60