# Made in Blockbench 4.8.1
mtllib pine_twig_branch_down_5.mtl

o cube
v 1.2925191083808032 0.49744091231284004 0.2603715826409927
v 1.2974497467123471 0.4788905433102233 0.1925348476406239
v 1.2753015620724897 0.4291659608364673 0.2777903462314447
v 1.2802322004040336 0.41061559183385055 0.2099536112310758
v 0.7720254388612575 0.5936427497303325 0.1229652699546212
v 0.7670948005297138 0.612193118732949 0.1908020049549901
v 0.754807892552944 0.5253677982539595 0.14038403354507312
v 0.7498772542214001 0.5439181672565763 0.20822076854544203
vt 0.36844187500000003 0.5267875
vt 0.36844187500000003 0.43994583333333404
vt 0.359375 0.43994583333333404
vt 0.359375 0.5267875
vt 0.35281687500000003 0.5580375
vt 0.35281687500000003 0.5462875
vt 0.34375 0.5462875
vt 0.34375 0.5580375
vt 0.36062937500000003 0.3809541666666667
vt 0.36062937500000003 0.29411250000000067
vt 0.3515625 0.29411250000000067
vt 0.3515625 0.3809541666666667
vt 0.35281687500000003 0.5580375
vt 0.35281687500000003 0.5462875
vt 0.34375 0.5462875
vt 0.34375 0.5580375
vt 0.3671875 0.6378625000000007
vt 0.3671875 0.7247041666666667
vt 0.376 0.7247041666666667
vt 0.376 0.6378625000000007
vt 0.375 0.7107791666666673
vt 0.375 0.7976208333333333
vt 0.3838125 0.7976208333333333
vt 0.3838125 0.7107791666666673
vn 0.06993813236232418 -0.26312580145555564 -0.9622231914945938
vn 0.9688987087452435 -0.21160662528316398 0.12828845750132947
vn -0.06993813236232418 0.26312580145555564 0.9622231914945938
vn -0.9688987087452435 0.21160662528316398 -0.12828845750132947
vn 0.23736880551890086 0.9412690628851255 -0.24014287710004656
vn -0.23736880551890086 -0.9412690628851255 0.24014287710004656
usemtl m_890a103a-2c95-a057-8483-4c3958a0f191
f 4/4/1 7/3/1 5/2/1 2/1/1
f 3/8/2 4/7/2 2/6/2 1/5/2
f 8/12/3 3/11/3 1/10/3 6/9/3
f 7/16/4 8/15/4 6/14/4 5/13/4
f 6/20/5 1/19/5 2/18/5 5/17/5
f 7/24/6 4/23/6 3/22/6 8/21/6
o cube
v 0.4417744297331423 0.8195979896487797 0.5193142492935567
v 0.4836570892487768 0.8233901282325005 0.45200700048735987
v 0.4335236038487341 0.7396461663213889 0.5096755411777922
v 0.47540626336436875 0.7434383049051096 0.44236829237159536
v 0.2284223418154543 0.8685699216402512 0.2957298955382365
v 0.18653968229981954 0.8647777830565306 0.36303714434443335
v 0.2201715159310461 0.7886180983128603 0.28609118742247197
v 0.17828885641541148 0.7848259597291398 0.35339843622866884
vt 0.35386903750000004 0.5075926666666672
vt 0.35386903750000004 0.5580375
vt 0.34375 0.5580375
vt 0.34375 0.5075926666666672
vt 0.35386903750000004 0.54481
vt 0.35386903750000004 0.5580375
vt 0.34375 0.5580375
vt 0.34375 0.54481
vt 0.35386903750000004 0.5075926666666672
vt 0.35386903750000004 0.5580375
vt 0.34375 0.5580375
vt 0.34375 0.5075926666666672
vt 0.35386903750000004 0.54481
vt 0.35386903750000004 0.5580375
vt 0.34375 0.5580375
vt 0.34375 0.54481
vt 0.353670625 0.5075926666666672
vt 0.353670625 0.5580375
vt 0.34375 0.5580375
vt 0.34375 0.5075926666666672
vt 0.353670625 0.5075926666666672
vt 0.353670625 0.5580375
vt 0.34375 0.5580375
vt 0.34375 0.5075926666666672
vn 0.5277220376190332 0.04778099393587497 -0.8480721830302628
vn 0.8432801094044152 -0.14927129440990392 0.5163300666706031
vn -0.5277220376190332 -0.04778099393587497 0.8480721830302628
vn -0.8432801094044152 0.14927129440990392 -0.5163300666706031
vn 0.1019220687294623 0.9876411581559832 0.11906651343772143
vn -0.1019220687294623 -0.9876411581559832 -0.11906651343772143
usemtl m_890a103a-2c95-a057-8483-4c3958a0f191
f 12/28/7 15/27/7 13/26/7 10/25/7
f 11/32/8 12/31/8 10/30/8 9/29/8
f 16/36/9 11/35/9 9/34/9 14/33/9
f 15/40/10 16/39/10 14/38/10 13/37/10
f 14/44/11 9/43/11 10/42/11 13/41/11
f 15/48/12 12/47/12 11/46/12 16/45/12
o cube
v 0.3761144548678994 0.767356956180699 0.02330540136888337
v 0.30621481016836505 0.80007948574277 -0.042999487062802044
v 0.32459295160964663 0.6778351337657325 0.03343971133617751
v 0.25469330691011227 0.7105576633278035 -0.03286517709550785
v 0.06286855565196825 0.9791772984315741 0.301927572477217
v 0.1327682003515026 0.9464547688695031 0.36823246090890227
v 0.011347052393715362 0.8896554760166078 0.31206188244451116
v 0.08124669709324972 0.8569329464545365 0.3783667708761965
vt 0.4348481250000001 0.5267875
vt 0.4348481250000001 0.45036250000000067
vt 0.421875 0.45036250000000067
vt 0.421875 0.5267875
vt 0.3567231250000001 0.5580375
vt 0.3567231250000001 0.5410791666666668
vt 0.34375 0.5410791666666668
vt 0.34375 0.5580375
vt 0.4035981250000001 0.4642875000000001
vt 0.4035981250000001 0.38786250000000067
vt 0.390625 0.38786250000000067
vt 0.390625 0.4642875000000001
vt 0.3567231250000001 0.5580375
vt 0.3567231250000001 0.5410791666666668
vt 0.34375 0.5410791666666668
vt 0.34375 0.5580375
vt 0.3671875 0.32536250000000067
vt 0.3671875 0.4017875000000001
vt 0.37990625 0.4017875000000001
vt 0.37990625 0.32536250000000067
vt 0.375 0.6274458333333339
vt 0.375 0.7038708333333334
vt 0.38771875 0.7038708333333334
vt 0.38771875 0.6274458333333339
vn -0.6869743950814187 0.3215973421333766 -0.651645095151699
vn 0.5306864126407125 -0.39057422895825 -0.7522125385236543
vn 0.6869743950814187 -0.3215973421333766 0.651645095151699
vn -0.5306864126407125 0.39057422895825 0.7522125385236543
vn 0.49642533370190756 0.8625699514859166 -0.09764715486143585
vn -0.49642533370190756 -0.8625699514859166 0.09764715486143585
usemtl m_890a103a-2c95-a057-8483-4c3958a0f191
f 20/52/13 23/51/13 21/50/13 18/49/13
f 19/56/14 20/55/14 18/54/14 17/53/14
f 24/60/15 19/59/15 17/58/15 22/57/15
f 23/64/16 24/63/16 22/62/16 21/61/16
f 22/68/17 17/67/17 18/66/17 21/65/17
f 23/72/18 20/71/18 19/70/18 24/69/18
o cube
v 0.6896056031522864 0.5605360986683672 -0.2519572928701776
v 0.6459347435763867 0.5777104610859316 -0.31596276548348035
v 0.6516405073663514 0.4893630293406668 -0.24515137046912572
v 0.6079696477904515 0.506537391758231 -0.30915684308242847
v 0.3072999801077525 0.7857777085101154 -0.029082710267257283
v 0.35097083968365217 0.768603346092551 0.03492276234604541
v 0.2693348843218174 0.7146046391824148 -0.02227678786620546
v 0.3130057438977172 0.6974302767648504 0.041728684747097344
vt 0.39293153750000004 0.5476208333333334
vt 0.39293153750000004 0.4659260000000005
vt 0.3828125 0.4659260000000005
vt 0.3828125 0.5476208333333334
vt 0.35386903750000004 0.5580375
vt 0.35386903750000004 0.54481
vt 0.34375 0.54481
vt 0.34375 0.5580375
vt 0.35386903750000004 0.5580375
vt 0.35386903750000004 0.47634266666666714
vt 0.34375 0.47634266666666714
vt 0.34375 0.5580375
vt 0.35386903750000004 0.5580375
vt 0.35386903750000004 0.54481
vt 0.34375 0.54481
vt 0.34375 0.5580375
vt 0.34375 0.47634266666666714
vt 0.34375 0.5580375
vt 0.353670625 0.5580375
vt 0.353670625 0.47634266666666714
vt 0.390625 0.3617593333333339
vt 0.390625 0.4434541666666667
vt 0.400545625 0.4434541666666667
vt 0.400545625 0.3617593333333339
vn -0.5502533809097161 0.21639718285849338 -0.8064697613973724
vn 0.6908530802001676 -0.4244806330555071 -0.5852676428256877
vn 0.5502533809097161 -0.21639718285849338 0.8064697613973724
vn -0.6908530802001676 0.4244806330555071 0.5852676428256877
vn 0.46898106398379 0.8791976179515637 -0.08407324314506032
vn -0.46898106398379 -0.8791976179515637 0.08407324314506032
usemtl m_890a103a-2c95-a057-8483-4c3958a0f191
f 28/76/19 31/75/19 29/74/19 26/73/19
f 27/80/20 28/79/20 26/78/20 25/77/20
f 32/84/21 27/83/21 25/82/21 30/81/21
f 31/88/22 32/87/22 30/86/22 29/85/22
f 30/92/23 25/91/23 26/90/23 29/89/23
f 31/96/24 28/95/24 27/94/24 32/93/24
o cube
v 1.5394247174054598 0.5689882461762759 0.24613782755061564
v 1.539828343391492 0.5632437335366627 0.19836868598833968
v 1.554790655042385 0.5220745313920916 0.25190930491575825
v 1.5551942810284172 0.5163300187524782 0.20414016335348228
v 1.2519982339978137 0.4700485245695758 0.2071439189198866
v 1.2515946080117815 0.4757930372091891 0.25491306048216256
v 1.2673641716347392 0.42313480978539153 0.2129153962850292
v 1.2669605456487067 0.4288793224250047 0.2606845378473053
vt 0.36558778750000004 0.3721760000000004
vt 0.36558778750000004 0.42262083333333333
vt 0.359375 0.42262083333333333
vt 0.359375 0.3721760000000004
vt 0.34996278750000004 0.5500183333333333
vt 0.34996278750000004 0.5580375
vt 0.34375 0.5580375
vt 0.34375 0.5500183333333333
vt 0.38902528750000004 0.7680093333333338
vt 0.38902528750000004 0.8184541666666667
vt 0.3828125 0.8184541666666667
vt 0.3828125 0.7680093333333338
vt 0.34996278750000004 0.5500183333333333
vt 0.34996278750000004 0.5580375
vt 0.34375 0.5580375
vt 0.34375 0.5500183333333333
vt 0.381014375 0.6846760000000005
vt 0.381014375 0.7351208333333334
vt 0.375 0.7351208333333334
vt 0.375 0.6846760000000005
vt 0.404451875 0.2784260000000005
vt 0.404451875 0.32887083333333333
vt 0.3984375 0.32887083333333333
vt 0.3984375 0.2784260000000005
vn 0.008388776598406186 -0.11939130499040122 -0.9928118375200162
vn 0.9509732063530799 0.30791131224898344 -0.028992836833461613
vn -0.008388776598406186 0.11939130499040122 0.9928118375200162
vn -0.9509732063530799 -0.30791131224898344 0.028992836833461613
vn -0.30915948833203344 0.9438942420005528 -0.11612093132797913
vn 0.30915948833203344 -0.9438942420005528 0.11612093132797913
usemtl m_890a103a-2c95-a057-8483-4c3958a0f191
f 36/100/25 39/99/25 37/98/25 34/97/25
f 35/104/26 36/103/26 34/102/26 33/101/26
f 40/108/27 35/107/27 33/106/27 38/105/27
f 39/112/28 40/111/28 38/110/28 37/109/28
f 38/116/29 33/115/29 34/114/29 37/113/29
f 39/120/30 36/119/30 35/118/30 40/117/30
o cube
v 0.12275388144819399 0.9965983388561557 0.3968586959008653
v 0.07515707174398933 0.9838449856065585 0.24057577672531105
v 0.1005739169849027 0.816982716117449 0.41827112568776603
v 0.052977107280698044 0.8042293628678516 0.26198820651221166
v -0.5370226295767733 1.0807242670328159 0.4191126584084722
v -0.4894258198725685 1.0934776202824132 0.5753955775840267
v -0.5592025940400644 0.9011086442941092 0.44052508819537295
v -0.5116057843358598 0.9138619975437066 0.5968080073709272
vt 0.3665302734375 0.4505375000000009
vt 0.3665302734375 0.5580375
vt 0.34375 0.5580375
vt 0.34375 0.4505375000000009
vt 0.3665302734375 0.5307263020833333
vt 0.3665302734375 0.5580375
vt 0.34375 0.5580375
vt 0.34375 0.5307263020833333
vt 0.4134052734375 0.5651208333333342
vt 0.4134052734375 0.6726208333333334
vt 0.390625 0.6726208333333334
vt 0.390625 0.5651208333333342
vt 0.3665302734375 0.5307263020833333
vt 0.3665302734375 0.5580375
vt 0.34375 0.5580375
vt 0.34375 0.5307263020833333
vt 0.3642333984375 0.6901208333333342
vt 0.3642333984375 0.7976208333333333
vt 0.34375 0.7976208333333333
vt 0.34375 0.6901208333333342
vt 0.3954833984375 0.24220416666666755
vt 0.3954833984375 0.3497041666666667
vt 0.375 0.3497041666666667
vt 0.375 0.24220416666666755
vn -0.2904596730459216 -0.07782737620731629 -0.9537169799509398
vn 0.9491158160011901 -0.1502004363197804 -0.2768013669506399
vn 0.2904596730459216 0.07782737620731629 0.9537169799509398
vn -0.9491158160011901 0.1502004363197804 0.2768013669506399
vn 0.12170598239384753 0.9855875042034737 -0.11749436330103677
vn -0.12170598239384753 -0.9855875042034737 0.11749436330103677
usemtl m_890a103a-2c95-a057-8483-4c3958a0f191
f 44/124/31 47/123/31 45/122/31 42/121/31
f 43/128/32 44/127/32 42/126/32 41/125/32
f 48/132/33 43/131/33 41/130/33 46/129/33
f 47/136/34 48/135/34 46/134/34 45/133/34
f 46/140/35 41/139/35 42/138/35 45/137/35
f 47/144/36 44/143/36 43/142/36 48/141/36
o cube
v 0.6413984417512992 0.6432673798327557 0.7113610355436553
v 0.6828159379032614 0.6331646085382014 0.6629955705184938
v 0.607094974999959 0.584439191809278 0.694273719780881
v 0.6485124711519212 0.5743364205147237 0.6459082547557196
v 0.47773403542392023 0.8147806638633557 0.4494381412294157
v 0.4363165392719581 0.82488343515791 0.4978036062545774
v 0.4434305686725801 0.7559524758398779 0.4323508254666415
v 0.402013072520618 0.7660552471344322 0.4807162904918031
vt 0.36815126406250004 0.3334797109375005
vt 0.36815126406250004 0.39137083333333333
vt 0.359375 0.39137083333333333
vt 0.359375 0.3334797109375005
vt 0.35252626406250004 0.5472920963541668
vt 0.35252626406250004 0.5580375
vt 0.34375 0.5580375
vt 0.34375 0.5472920963541668
vt 0.35252626406250004 0.5001463776041672
vt 0.35252626406250004 0.5580375
vt 0.34375 0.5580375
vt 0.34375 0.5001463776041672
vt 0.35252626406250004 0.5472920963541668
vt 0.35252626406250004 0.5580375
vt 0.34375 0.5580375
vt 0.34375 0.5472920963541668
vt 0.390871552734375 0.5313963776041672
vt 0.390871552734375 0.5892875
vt 0.3828125 0.5892875
vt 0.3828125 0.5313963776041672
vt 0.398684052734375 0.8647297109375005
vt 0.398684052734375 0.9226208333333333
vt 0.390625 0.9226208333333333
vt 0.390625 0.8647297109375005
vn 0.6424063955944261 -0.1566991125933145 -0.7501729207401753
vn 0.5904241559902896 -0.522866741937123 0.614824923209211
vn -0.6424063955944261 0.1566991125933145 0.7501729207401753
vn -0.5904241559902896 0.522866741937123 -0.614824923209211
vn 0.48858299082400725 0.8378876764152374 0.24337399776669305
vn -0.48858299082400725 -0.8378876764152374 -0.24337399776669305
usemtl m_890a103a-2c95-a057-8483-4c3958a0f191
f 52/148/37 55/147/37 53/146/37 50/145/37
f 51/152/38 52/151/38 50/150/38 49/149/38
f 56/156/39 51/155/39 49/154/39 54/153/39
f 55/160/40 56/159/40 54/158/40 53/157/40
f 54/164/41 49/163/41 50/162/41 53/161/41
f 55/168/42 52/167/42 51/166/42 56/165/42
o cube
v 0.9721377197600536 0.34286237602081515 -0.1518776598003514
v 0.9255146831154408 0.32447850775856246 -0.1767677218345191
v 0.9710508490305478 0.29428124573607206 -0.1139596220011615
v 0.9244278123859351 0.27589737747381937 -0.1388496840353292
v 0.6726543072859259 0.5625671701869961 0.12102695434084665
v 0.7192773439305387 0.5809510384492489 0.1459170163750143
v 0.6715674365564201 0.5139860399022531 0.15894499214003643
v 0.7181904732010329 0.5323699081645059 0.1838350541742042
vt 0.35145458984375 0.4817875000000009
vt 0.35145458984375 0.5580375
vt 0.34375 0.5580375
vt 0.34375 0.4817875000000009
vt 0.35145458984375 0.548711328125
vt 0.35145458984375 0.5580375
vt 0.34375 0.5580375
vt 0.34375 0.548711328125
vt 0.39051708984375 0.3463708333333343
vt 0.39051708984375 0.42262083333333333
vt 0.3828125 0.42262083333333333
vt 0.3828125 0.3463708333333343
vt 0.35145458984375 0.548711328125
vt 0.35145458984375 0.5580375
vt 0.34375 0.5580375
vt 0.34375 0.548711328125
vt 0.36636962890625 0.30470416666666755
vt 0.36636962890625 0.3809541666666667
vt 0.359375 0.3809541666666667
vt 0.359375 0.30470416666666755
vt 0.37418212890625 0.6484541666666677
vt 0.37418212890625 0.7247041666666667
vt 0.3671875 0.7247041666666667
vt 0.3671875 0.6484541666666677
vn -0.8331935344517172 -0.3285354467809202 -0.4448066932458596
vn 0.5527002750371978 -0.5204123768927573 -0.6509173249734845
vn 0.8331935344517172 0.3285354467809202 0.4448066932458596
vn -0.5527002750371978 0.5204123768927573 0.6509173249734845
vn 0.017633494312280257 0.7881848883258875 -0.6151858594709788
vn -0.017633494312280257 -0.7881848883258875 0.6151858594709788
usemtl m_890a103a-2c95-a057-8483-4c3958a0f191
f 60/172/43 63/171/43 61/170/43 58/169/43
f 59/176/44 60/175/44 58/174/44 57/173/44
f 64/180/45 59/179/45 57/178/45 62/177/45
f 63/184/46 64/183/46 62/182/46 61/181/46
f 62/188/47 57/187/47 58/186/47 61/185/47
f 63/192/48 60/191/48 59/190/48 64/189/48
o cube
v 0.9121845154875547 0.4794185783824315 -0.45532437317668795
v 0.8813101406927448 0.4709801829348469 -0.4913884039395173
v 0.907550443179149 0.4350283590874138 -0.4409705613940664
v 0.8766760683843391 0.42658996363982915 -0.4770345921568957
v 0.6280315010637554 0.5607431258010811 -0.29555992083330135
v 0.6589058758585651 0.5691815212486657 -0.259495890070472
v 0.6233974287553496 0.5163529065060635 -0.2812061090506798
v 0.6542718035501593 0.5247913019536479 -0.2451420782878504
vt 0.3808603515625001 0.8359541666666668
vt 0.3808603515625001 0.8913708333333333
vt 0.375 0.8913708333333333
vt 0.375 0.8359541666666668
vt 0.3808603515625001 0.883334375
vt 0.3808603515625001 0.8913708333333333
vt 0.375 0.8913708333333333
vt 0.375 0.883334375
vt 0.3417978515625001 0.8359541666666668
vt 0.3417978515625001 0.8913708333333333
vt 0.3359375 0.8913708333333333
vt 0.3359375 0.8359541666666668
vt 0.3808603515625001 0.883334375
vt 0.3808603515625001 0.8913708333333333
vt 0.375 0.8913708333333333
vt 0.375 0.883334375
vt 0.41227734375 0.8359541666666668
vt 0.41227734375 0.8913708333333333
vt 0.40625 0.8913708333333333
vt 0.40625 0.8359541666666668
vt 0.38102734375 0.8359541666666668
vt 0.38102734375 0.8913708333333333
vt 0.375 0.8913708333333333
vt 0.375 0.8359541666666668
vn -0.6402981162889916 -0.17500236832320581 -0.7479254597605554
vn 0.7617402695608712 -0.2699637379435616 -0.5889578439284694
vn 0.6402981162889916 0.17500236832320581 0.7479254597605554
vn -0.7617402695608712 0.2699637379435616 0.5889578439284694
vn 0.09884373529010529 0.9468335393704688 -0.3061636240919071
vn -0.09884373529010529 -0.9468335393704688 0.3061636240919071
usemtl m_890a103a-2c95-a057-8483-4c3958a0f191
f 68/196/49 71/195/49 69/194/49 66/193/49
f 67/200/50 68/199/50 66/198/50 65/197/50
f 72/204/51 67/203/51 65/202/51 70/201/51
f 71/208/52 72/207/52 70/206/52 69/205/52
f 70/212/53 65/211/53 66/210/53 69/209/53
f 71/216/54 68/215/54 67/214/54 72/213/54
o cube
v 0.8085515073439702 0.5985255108236349 0.20000066569986696
v 0.772300778618122 0.5888122894571359 0.08097231605364619
v 0.7549149940197983 0.49164202402985424 0.22505810513199376
v 0.7186642652939499 0.48192880266335525 0.10602975548577287
v 0.06446662878933163 0.9869412795197048 0.26405801622682734
v 0.10071735751518007 0.9966545008862038 0.3830863658730481
v 0.010830115465159662 0.8800577927259239 0.2891154556589539
v 0.04708084419100811 0.8897710140924229 0.4081438053051748
vt 0.36128125 0.4192875000000009
vt 0.36128125 0.5580375
vt 0.34375 0.5580375
vt 0.34375 0.4192875000000009
vt 0.36128125 0.5351208333333333
vt 0.36128125 0.5580375
vt 0.34375 0.5580375
vt 0.34375 0.5351208333333333
vt 0.40034375 0.4192875000000009
vt 0.40034375 0.5580375
vt 0.3828125 0.5580375
vt 0.3828125 0.4192875000000009
vt 0.36128125 0.5351208333333333
vt 0.36128125 0.5580375
vt 0.34375 0.5580375
vt 0.34375 0.5351208333333333
vt 0.3609375 0.22137083333333418
vt 0.3609375 0.36012083333333333
vt 0.34375 0.36012083333333333
vt 0.34375 0.22137083333333418
vt 0.384375 0.8151208333333343
vt 0.384375 0.9538708333333333
vt 0.3671875 0.9538708333333333
vt 0.3671875 0.8151208333333343
vn -0.29045967304592113 -0.0778273762073162 -0.9537169799509401
vn 0.8502512310255792 -0.47823302109618165 -0.21992276297078955
vn 0.29045967304592113 0.0778273762073162 0.9537169799509401
vn -0.8502512310255792 0.47823302109618165 0.21992276297078955
vn 0.4389829409823845 0.8747777300811354 -0.2050802293751215
vn -0.4389829409823845 -0.8747777300811354 0.2050802293751215
usemtl m_890a103a-2c95-a057-8483-4c3958a0f191
f 76/220/55 79/219/55 77/218/55 74/217/55
f 75/224/56 76/223/56 74/222/56 73/221/56
f 80/228/57 75/227/57 73/226/57 78/225/57
f 79/232/58 80/231/58 78/230/58 77/229/58
f 78/236/59 73/235/59 74/234/59 77/233/59
f 79/240/60 76/239/60 75/238/60 80/237/60