# Made in Blockbench 4.12.3
mtllib poplar_twig_branch_up.mtl

o cube
v 0.3167511896662961 0.42333850266642903 -0.4984921033132576
v 0.36635333707263606 -0.43456480805784437 -0.07617967581318702
v 0.35441354218957744 -0.3868371693647358 0.022178639047565563
v 0.3048113947832375 0.4710661413595376 -0.40013378845250497
v 0.42853121252557 0.4339469195444796 -0.49007069167892325
v 0.4165914176425114 0.4816745582375881 -0.3917123768181706
v 0.47813335993191 -0.4239563911797938 -0.06775826417885267
v 0.46619356504885134 -0.3762287524866852 0.03060005068189997
vt 0.840000489372177 0.9375
vt 0.5208333333333334 0.9375
vt 0.5208345103060718 0.9008414345667799
vt 0.8400007581788799 0.9008395595968524
vt 0.9166666666666669 0.895831796876273
vt 0.9166666666666669 0.8582978674918517
vt 0.9533260944616968 0.8582998460257808
vt 0.9533240585722546 0.895833333333334
vt 0.4583333333333333 0.7966728929301857
vt 0.777500489372177 0.7966728929301857
vt 0.7775007581788796 0.8333333333333334
vt 0.4583345103060718 0.8333314583634058
vt 0.9166666666666666 0.7758405722049703
vt 0.9542005960510879 0.7758405722049703
vt 0.954202132508149 0.8124979641105581
vt 0.9166686452005957 0.8125000000000002
vt 0.06250019043732857 0.7333004574087141
vt 0.3816668709815516 0.7333004574087141
vt 0.38166689841029267 0.7708333333333334
vt 0.0625 0.7708312614230666
vt 0.2500000531983948 0.8583004574096831
vt 0.5691669516154125 0.8583004574096831
vt 0.5691666805374979 0.8958333333333334
vt 0.25 0.895831261424481
vn -0.9927384510658828 -0.09421525484062226 -0.07479206863450441
vn -0.051803809301660994 0.8959825699470257 -0.4410573655353238
vn 0.9927384510658829 0.09421525484062233 0.07479206863450452
vn 0.05180380930166098 -0.8959825699470257 0.4410573655353239
vn -0.10856672196004112 0.43398009183191766 0.8943570577663104
vn 0.10856672196004159 -0.43398009183191755 -0.8943570577663104
usemtl m_a9f0366a-59e8-790f-a4c5-baa3ce4733a0
f 1/1/1 2/2/1 3/3/1 4/4/1
f 5/5/2 1/6/2 4/7/2 6/8/2
f 7/9/3 5/10/3 6/11/3 8/12/3
f 2/13/4 7/14/4 8/15/4 3/16/4
f 8/17/5 6/18/5 4/19/5 3/20/5
f 2/21/6 1/22/6 5/23/6 7/24/6
o cube
v 0.33103158213096245 -0.3679767575711723 0.0686710890575215
v 0.49068655836166764 -0.3434035040264547 0.06867108608457373
v 0.49907240833284827 -0.39788726265812124 -0.11199203630244614
v 0.33941743210214304 -0.42246051620283875 -0.11199203332949836
v 0.5991480784257937 -1.0507438717282815 0.43880740155939446
v 0.44029137707624194 -1.0751942590052754 0.4388074045174776
v 0.5915924960187153 -1.0016544509129566 0.5916681713473335
v 0.4327357946691637 -1.0261048381899507 0.5916681743054165
vt 0.47962862015289426 0.7794863682683916
vt 0.47962862015289426 0.8333332727190988
vt 0.4166666666666667 0.8333333333333334
vt 0.4166666666666667 0.779486428882626
vt 0.9533362346653073 0.7794876012004743
vt 0.9533362346653073 0.8333333333333334
vt 0.6666675922629534 0.8331951670292655
vt 0.6666666666666666 0.7796190942317918
vt 0.47024385264770513 0.883921885144228
vt 0.47024385264770513 0.9374981352025561
vt 0.4166685314641106 0.9375
vt 0.4166666666666667 0.8839246788164056
vt 0.3239209087892263 0.9374999999999999
vt 0.041666666666666664 0.9375
vt 0.060117789436151016 0.8872016540702615
vt 0.3466649519646105 0.8787903642130387
vt 0.08524354091067132 0.8125
vt 0.0625 0.753788865570098
vt 0.3490470883678265 0.7622028777549005
vt 0.3674976629911533 0.8125
vt 0.9281130533458756 0.9374999999999999
vt 0.645859196453002 0.9375
vt 0.6458333333333334 0.8839255233519455
vt 0.9280869564156778 0.8836538181255422
vn -0.14550084259973936 0.9453340257486891 -0.29184428136344
vn 0.09742851495610927 -0.6330032567486363 -0.7679938550659553
vn 0.1446779572122203 -0.9399876519850557 0.3090169943749384
vn 0.9884348765408469 0.15164587103153215 0.00015696104235611826
vn -0.9882872342220662 -0.15260511312001324 0.00014873912403737924
vn -0.09395827017107342 0.6104567187913436 0.7864568888050802
usemtl m_a9f0366a-59e8-790f-a4c5-baa3ce4733a0
f 9/25/7 10/26/7 11/27/7 12/28/7
f 12/29/8 11/30/8 13/31/8 14/32/8
f 13/33/9 15/34/9 16/35/9 14/36/9
f 10/37/10 15/38/10 13/39/10 11/40/10
f 9/41/11 12/42/11 14/43/11 16/44/11
f 9/45/12 16/46/12 15/47/12 10/48/12
o cube
v 0.29194250799165067 1.0590186134690038 -0.6861575347210729
v 0.332822071246928 0.3880732572821204 -0.46543725853577933
v 0.32961161162792696 0.408931939494557 -0.40143644085907987
v 0.28873204837264954 1.0798772956814404 -0.6221567170443734
v 0.36291063795516476 1.063981591186455 -0.6842150729688471
v 0.35970017833616375 1.0848402733988918 -0.6202142552921476
v 0.40379020121044207 0.3930362349995715 -0.4634947967835536
v 0.40057974159144105 0.4138949172120081 -0.39949397910685414
vt 0.6525014550621338 0.7916666666666666
vt 0.4166666666666667 0.7916666666666666
vt 0.4166678756918926 0.7708333333333334
vt 0.6525006835710162 0.7708339328336729
vt 0.9166666666666656 0.8958333333333324
vt 0.9166666666666656 0.8750011925871932
vt 0.937499999999999 0.874999999999999
vt 0.937499999999999 0.8958321407461382
vt 0.3958333333333333 0.8541666666666666
vt 0.6316681217288004 0.8541666666666669
vt 0.6316673502376828 0.8749994004996606
vt 0.39583454235855925 0.875
vt 0.9166678592538599 0.8541666666666677
vt 0.9374999999999988 0.8541666666666677
vt 0.9374988074128044 0.875000000000001
vt 0.9166666666666655 0.875000000000001
vt 0.7291666666666666 0.7916666666666666
vt 0.9650017485580052 0.7916666666666666
vt 0.9649998429478703 0.8125
vt 0.7291668387796425 0.8124998658184504
vt 0.6666668541485242 0.8958333333333335
vt 0.9024998583168017 0.8958333333333334
vt 0.9025017485579557 0.9166666666666666
vt 0.6666666666666666 0.9166665324839349
vn -0.9971920122212834 -0.06973611590468726 -0.027294045149008257
vn -0.05778030142088588 0.9483326589213916 -0.31197212181667
vn 0.9971920122212834 0.06973611590468719 0.027294045149008055
vn 0.05778030142088612 -0.9483326589213915 0.31197212181667017
vn -0.047639558454920086 0.3095190497556029 0.9496991262018771
vn 0.04763955845491907 -0.30951904975560324 -0.949699126201877
usemtl m_a9f0366a-59e8-790f-a4c5-baa3ce4733a0
f 17/49/13 18/50/13 19/51/13 20/52/13
f 21/53/14 17/54/14 20/55/14 22/56/14
f 23/57/15 21/58/15 22/59/15 24/60/15
f 18/61/16 23/62/16 24/63/16 19/64/16
f 24/65/17 22/66/17 20/67/17 19/68/17
f 18/69/18 17/70/18 21/71/18 23/72/18
o cube
v 0.8069609204246968 0.2524896727562014 -0.014634215146032026
v 0.9788501342592306 0.7612678164895701 -0.15588510276195405
v 0.9522194845498801 0.7560124467912319 -0.20722169118689499
v 0.7803302707153463 0.2472343030578632 -0.06597080357097296
v 0.8552461207387045 0.22986570424516506 -0.03736593482088579
v 0.8286154710293543 0.22461033454682688 -0.08870252324582673
v 1.0271353345732384 0.7386438479785338 -0.17861682243680782
v 1.000504684863888 0.7333884782801956 -0.22995341086174875
vt 0.29166825694312903 0.8764769453847653
vt 0.47676666332039314 0.8764769453847654
vt 0.47676507304393073 0.8958333333333334
vt 0.2916666666666667 0.8958333333333333
vt 0.9360233338442162 0.8556778040517746
vt 0.9360233338442162 0.8749980875650857
vt 0.9166671373058238 0.8749999999999988
vt 0.916666666666667 0.8556776870097694
vt 0.4559333299870598 0.8333333333333334
vt 0.2708349236097958 0.8333333333333334
vt 0.2708333333333333 0.8139769453847654
vt 0.4559317397105975 0.8139769453847655
vt 0.9359870672219835 0.8541666666666665
vt 0.9166667837086724 0.8541666666666665
vt 0.9166666666666673 0.8348099994891173
vt 0.9359889796568966 0.8348104701282743
vt 0.7267654109597842 0.8333333333333334
vt 0.5416666666666666 0.8333333333333333
vt 0.5416676200804519 0.8140123682712231
vt 0.7267663643735695 0.8140123682712231
vt 0.6850996977069027 0.9375
vt 0.5000009534137853 0.9375
vt 0.5 0.9181790349378899
vt 0.6850987442931175 0.9181790349378899
vn -0.8329944311994896 0.39029846948483277 0.39215734381550993
vn -0.30954557233369784 -0.9162298097682056 0.2543707419117249
vn 0.8329944311994908 -0.3902984694848323 -0.3921573438155075
vn 0.3095455723336984 0.9162298097682057 -0.2543707419117239
vn -0.45858675977315483 -0.09049884203631497 -0.884029492353533
vn 0.4585867597731565 0.09049884203631431 0.884029492353532
usemtl m_a9f0366a-59e8-790f-a4c5-baa3ce4733a0
f 25/73/19 26/74/19 27/75/19 28/76/19
f 29/77/20 25/78/20 28/79/20 30/80/20
f 31/81/21 29/82/21 30/83/21 32/84/21
f 26/85/22 31/86/22 32/87/22 27/88/22
f 32/89/23 30/90/23 28/91/23 27/92/23
f 26/93/24 25/94/24 29/95/24 31/96/24
o cube
v 0.44267007010161796 -0.44715658154266613 0.09853924245553991
v 0.8033344680889853 0.27661653919153095 0.0023910737985846087
v 0.7701491594434886 0.28217100696070296 -0.08027909043201542
v 0.4094847614561212 -0.44160211377349423 0.015869078224939992
v 0.5140612703441396 -0.48689327768314206 0.06721167420053975
v 0.4808759616986429 -0.48133880991397016 -0.015458490030060279
v 0.874725668331507 0.23687984305105503 -0.028936494456415662
v 0.8415403596860103 0.24243431082022715 -0.11160665868701564
vt 0.1250010357807653 0.7410815735848992
vt 0.3964515240036153 0.741081573584899
vt 0.39645048822284995 0.7708333333333331
vt 0.125 0.7708333333333334
vt 0.9166668720141488 0.8452474089312372
vt 0.9458349108211586 0.8452474089312373
vt 0.9458347054736761 0.8750000000000006
vt 0.9166666666666665 0.8750000000000006
vt 0.7089515240036152 0.8541666666666666
vt 0.4375010357807653 0.8541666666666666
vt 0.4375 0.8244149069182326
vt 0.70895048822285 0.8244149069182324
vt 0.29166666666666563 0.8750000000000011
vt 0.29166666666666563 0.8458319611929914
vt 0.32141925773542895 0.8458317558455091
vt 0.32141925773542895 0.8749997946525188
vt 0.7922833926941949 0.8124999999999999
vt 0.5208340062258102 0.8125
vt 0.5208333333333334 0.7833312557365195
vt 0.7922845750048428 0.7833303078445722
vt 0.792284575006498 0.9374999999999999
vt 0.5208333333333334 0.9375
vt 0.5208339043702518 0.9083312557343476
vt 0.7922832908369815 0.9083303078488786
vn -0.8158528111824644 0.4541077211642278 0.3580088938346395
vn -0.4428845942574893 -0.8887707428279866 0.11806694229278565
vn 0.8158528111824644 -0.4541077211642278 -0.3580088938346395
vn 0.44288459425749 0.8887707428279865 -0.11806694229278349
vn -0.3718029406218438 0.06223137690924124 -0.9262234228699519
vn 0.3718029406218429 -0.06223137690924079 0.9262234228699524
usemtl m_a9f0366a-59e8-790f-a4c5-baa3ce4733a0
f 33/97/25 34/98/25 35/99/25 36/100/25
f 37/101/26 33/102/26 36/103/26 38/104/26
f 39/105/27 37/106/27 38/107/27 40/108/27
f 34/109/28 39/110/28 40/111/28 35/112/28
f 40/113/29 38/114/29 36/115/29 35/116/29
f 34/117/30 33/118/30 37/119/30 39/120/30
o cube
v -0.40090170710253187 -0.06764562901352389 0.0825162889608324
v -0.22278878418227455 -0.38277012160807034 0.13069034231769394
v -0.21125176306531918 -0.36915763907636445 0.17707909190594018
v -0.38936468598557655 -0.05403314648181812 0.12890503854907864
v -0.36041029921835915 -0.04721528040057443 0.06645079898663797
v -0.34887327810140384 -0.03360279786886866 0.1128395485748841
v -0.18229737629810183 -0.36233977299512077 0.1146248523434995
v -0.17076035518114646 -0.3487272904634151 0.16101360193174563
vt 0.35089015468242407 0.9166666666666666
vt 0.22916666666666666 0.9166666666666666
vt 0.22916742330530684 0.9000985680494865
vt 0.35089091132106415 0.9000985680494865
vt 0.8958333333333338 0.8333333333333345
vt 0.8958333333333338 0.8172937191518687
vt 0.9124016904906208 0.817294804518011
vt 0.912400561287701 0.8333326679343458
vt 0.22916666666666666 0.8375985680494865
vt 0.35089015468242407 0.8375985680494865
vt 0.35089091132106415 0.8541666666666666
vt 0.22916742330530684 0.8541666666666666
vt 0.9166666666666655 0.8375983095093795
vt 0.9327062808481313 0.8375983095093795
vt 0.9327056154491427 0.8541655374637468
vt 0.9166677520328078 0.8541666666666665
vt 0.4791674907431264 0.838129079273597
vt 0.600889399595305 0.838129079273597
vt 0.6008904448185002 0.854165746885944
vt 0.4791666666666667 0.8541666666666666
vt 0.4791666666666667 0.8797957459469486
vt 0.6008904448219753 0.8797957459469486
vt 0.6008895207765643 0.8958324135667358
vt 0.4791676119278608 0.8958333333333334
vn -0.8415547726108789 -0.42461495610411054 0.3338977444496394
vn -0.4877547735986873 0.8629552141461878 -0.13192262584409406
vn 0.841554772610879 0.42461495610411115 -0.33389774444963816
vn 0.48775477359868846 -0.8629552141461875 0.13192262584409128
vn 0.23212247958253915 0.27388033414360297 0.9333320507953438
vn -0.23212247958253737 -0.27388033414360197 -0.9333320507953445
usemtl m_a9f0366a-59e8-790f-a4c5-baa3ce4733a0
f 41/121/31 42/122/31 43/123/31 44/124/31
f 45/125/32 41/126/32 44/127/32 46/128/32
f 47/129/33 45/130/33 46/131/33 48/132/33
f 42/133/34 47/134/34 48/135/34 43/136/34
f 48/137/35 46/138/35 44/139/35 43/140/35
f 42/141/36 41/142/36 45/143/36 47/144/36
o cube
v -0.23488670197332495 -0.39009367312909315 0.13146933725083287
v 0.07450914792407692 -0.7309403831526273 0.2998836385835737
v 0.0826869862720041 -0.6894189453674671 0.36889355120124256
v -0.22670886362539777 -0.348572235343933 0.20047924986850174
v -0.1738541193141333 -0.35014323499906896 0.10019971025964369
v -0.16567628096620612 -0.3086217972139088 0.16920962287731256
v 0.13554173058326846 -0.6909899450226031 0.2686140115923845
v 0.14371956893119564 -0.6494685072374429 0.3376239242100534
vt 0.6217239383274615 0.7708333333333334
vt 0.4583333333333333 0.7708333333333334
vt 0.4583346208814387 0.7500012943516828
vt 0.621723989197167 0.75
vt 0.9166666666666679 0.8958325783640458
vt 0.9166666666666679 0.875000000000001
vt 0.9375000000000012 0.8750007549692895
vt 0.9375000000000012 0.8958333333333344
vt 0.375 0.8541666666666666
vt 0.5383906049941282 0.8541666666666666
vt 0.5383906558638336 0.875
vt 0.3750012875481053 0.8749987056483172
vt 0.9166666666666666 0.8541666666666669
vt 0.9374992450307116 0.8541666666666669
vt 0.9375 0.8750000000000001
vt 0.9166674216359553 0.8750000000000001
vt 0.645833449311338 0.7916666666666666
vt 0.8092235062266372 0.7916666666666667
vt 0.8092233902486327 0.8125
vt 0.6458333333333334 0.8124999999999999
vt 0.5416666666666666 0.8958333333333334
vt 0.7050567235819658 0.8958333333333334
vt 0.7050568395599704 0.9166666666666666
vt 0.5416667826446712 0.9166666666666666
vn -0.769011310517122 -0.503376023814326 0.3939976940866761
vn -0.6312024014113565 0.6953657004493053 -0.34358415430747674
vn 0.769011310517122 0.5033760238143262 -0.3939976940866754
vn 0.6312024014113574 -0.6953657004493042 0.3435841543074772
vn 0.10102045708308689 0.5129123914349566 0.8524762436356793
vn -0.1010204570830872 -0.5129123914349564 -0.8524762436356796
usemtl m_a9f0366a-59e8-790f-a4c5-baa3ce4733a0
f 49/145/37 50/146/37 51/147/37 52/148/37
f 53/149/38 49/150/38 52/151/38 54/152/38
f 55/153/39 53/154/39 54/155/39 56/156/39
f 50/157/40 55/158/40 56/159/40 51/160/40
f 56/161/41 54/162/41 52/163/41 51/164/41
f 50/165/42 49/166/42 53/167/42 55/168/42
o cube
v 0.06122244054135406 -0.7324804030161803 0.2853611754436546
v 0.4446804033067199 -1.0548751239248162 0.4285908414422731
v 0.4439771150611893 -1.0134387345525646 0.5237426004719143
v 0.0605191522958235 -0.6910440136439288 0.3805129344732958
v 0.13010925657892392 -0.6636385820860535 0.2558913134278533
v 0.12940596833339346 -0.622202192713802 0.35104307245749455
v 0.5135672193442897 -0.9860333029946895 0.39912097942647184
v 0.5128639310987593 -0.9445969136224378 0.4942727384561131
vt 0.4653496037034619 0.8124999999999999
vt 0.2916674014407876 0.8125
vt 0.2916666666666667 0.7779053596624403
vt 0.4653506194625238 0.7779042300999793
vt 0.9166666666666661 0.8958319556440884
vt 0.9166666666666661 0.861914705636308
vt 0.9512620586759436 0.861916083325553
vt 0.9512620586759436 0.8958333333333334
vt 0.2708340681074543 0.8612375634333126
vt 0.4445162703701286 0.8612375634333127
vt 0.44451728612919045 0.8958333333333334
vt 0.2708333333333333 0.8958322037708722
vt 0.8958333333333323 0.8195712746573888
vt 0.9297505833411126 0.8195712746573888
vt 0.9297519610303576 0.8541666666666663
vt 0.8958347110225774 0.8541666666666663
vt 0.5416670836462156 0.7994174384742566
vt 0.7153491627467793 0.7994174384742566
vt 0.7153502831387902 0.8333333333333334
vt 0.5416666666666666 0.8333319273580617
vt 0.5208333333333334 0.8619174384844376
vt 0.6945169498111476 0.8619174384844375
vt 0.6945155548687186 0.8958333333333334
vt 0.5208334757738458 0.8958319273705069
vn -0.6770203050375421 -0.6765780926793782 0.2896300935213885
vn -0.7359331403231316 0.6187404681098488 -0.2748866058892993
vn 0.6770203050375423 0.6765780926793779 -0.28963009352138896
vn 0.7359331403231312 -0.6187404681098494 0.27488660588929936
vn -0.006776395871566527 0.3992521980271848 0.9168161008781714
vn 0.006776395871566532 -0.39925219802718487 -0.9168161008781714
usemtl m_a9f0366a-59e8-790f-a4c5-baa3ce4733a0
f 57/169/43 58/170/43 59/171/43 60/172/43
f 61/173/44 57/174/44 60/175/44 62/176/44
f 63/177/45 61/178/45 62/179/45 64/180/45
f 58/181/46 63/182/46 64/183/46 59/184/46
f 64/185/47 62/186/47 60/187/47 59/188/47
f 58/189/48 57/190/48 61/191/48 63/192/48