# Made in Blockbench 4.8.1
mtllib poplar_twig_branch_up_2.mtl

o cube
v 0.15671015071464212 0.7194720441472087 -0.1848335816662412
v 0.054692242939691216 0.7033889721419953 -0.15697689908092305
v 0.13532520343130405 0.6812739243712227 -0.2852041366302535
v 0.03330729565635315 0.6651908523660093 -0.2573474540449353
v 0.26789335072667175 -0.15912281241511878 0.12584542878322336
v 0.36991125850162265 -0.1430397404099053 0.09798874619790521
v 0.2465084034433337 -0.1973209321911048 0.025474873819211097
v 0.3485263112182846 -0.18123786018589133 -0.0023818087661071075
vt 0.3515625 0.5963708333333344
vt 0.3515625 0.7351208333333334
vt 0.36378369140625 0.7351208333333334
vt 0.36378369140625 0.5963708333333344
vt 0.34375 0.54211953125
vt 0.34375 0.5580375
vt 0.35597119140625 0.5580375
vt 0.35597119140625 0.54211953125
vt 0.40625 0.6172041666666677
vt 0.40625 0.7559541666666667
vt 0.41847119140625 0.7559541666666667
vt 0.41847119140625 0.6172041666666677
vt 0.34375 0.54211953125
vt 0.34375 0.5580375
vt 0.35597119140625 0.5580375
vt 0.35597119140625 0.54211953125
vt 0.3203125 0.5130375000000009
vt 0.3203125 0.6517875
vt 0.33225097656249997 0.6517875
vt 0.33225097656249997 0.5130375000000009
vt 0.390625 0.5963708333333344
vt 0.390625 0.7351208333333334
vt 0.40256347656249997 0.7351208333333334
vt 0.40256347656249997 0.5963708333333344
vn -0.9537169292428974 -0.15035299566661767 0.2604188848174654
vn -0.22865841675995507 0.9250448139823252 -0.3033272499615492
vn 0.9537169292428974 0.15035299566661767 -0.2604188848174654
vn 0.22865841675995507 -0.9250448139823252 0.3033272499615492
vn 0.19529297816442093 0.34883530328577605 0.9166103773475357
vn -0.19529297816442093 -0.34883530328577605 -0.9166103773475357
usemtl m_890a103a-2c95-a057-8483-4c3958a0f191
f 4/4/1 7/3/1 5/2/1 2/1/1
f 3/8/2 4/7/2 2/6/2 1/5/2
f 8/12/3 3/11/3 1/10/3 6/9/3
f 7/16/4 8/15/4 6/14/4 5/13/4
f 6/20/5 1/19/5 2/18/5 5/17/5
f 7/24/6 4/23/6 3/22/6 8/21/6
o cube
v 0.7385335954570891 0.8870728768818874 0.20474725519855608
v 0.6845856813582918 0.8887708085668118 0.2029362838067159
v 0.7405251753788011 0.895034576743196 0.15288384062434535
v 0.6865772612800041 0.8967325084281204 0.15107286923250518
v 0.6749147048268322 0.5208627865449429 0.14608630979718795
v 0.7288626189256293 0.5191648548600185 0.147897281189028
v 0.6769062847485443 0.5288244864062515 0.09422289522297722
v 0.7308541988473416 0.5271265547213271 0.09603386661481728
vt 0.4140625 0.7559541666666667
vt 0.4140625 0.7005375
vt 0.4199228515625001 0.7005375
vt 0.4199228515625001 0.7559541666666667
vt 0.375 0.8913708333333333
vt 0.375 0.8833343750000001
vt 0.3808603515625001 0.8833343750000001
vt 0.3808603515625001 0.8913708333333333
vt 0.3671875 0.8913708333333333
vt 0.3671875 0.8359541666666667
vt 0.3730478515625001 0.8359541666666667
vt 0.3730478515625001 0.8913708333333333
vt 0.375 0.8913708333333333
vt 0.375 0.8833343750000001
vt 0.3808603515625001 0.8833343750000001
vt 0.3808603515625001 0.8913708333333333
vt 0.4044648437499999 0.7005375
vt 0.4044648437499999 0.7559541666666667
vt 0.3984375 0.7559541666666667
vt 0.3984375 0.7005375
vt 0.4279023437499999 0.7109541666666666
vt 0.4279023437499999 0.7663708333333333
vt 0.421875 0.7663708333333333
vt 0.421875 0.7109541666666666
vn -0.9989429515562968 0.03144026821450568 -0.03353340231164009
vn 0.025969324735391087 0.9879377605313343 0.1526583620019548
vn 0.9989429515562968 -0.03144026821450568 0.03353340231164009
vn -0.025969324735391087 -0.9879377605313343 -0.1526583620019548
vn -0.037928534229286645 -0.1516261549038689 0.9877099449941192
vn 0.037928534229286645 0.1516261549038689 -0.9877099449941192
usemtl m_890a103a-2c95-a057-8483-4c3958a0f191
f 12/28/7 15/27/7 13/26/7 10/25/7
f 11/32/8 12/31/8 10/30/8 9/29/8
f 16/36/9 11/35/9 9/34/9 14/33/9
f 15/40/10 16/39/10 14/38/10 13/37/10
f 14/44/11 9/43/11 10/42/11 13/41/11
f 15/48/12 12/47/12 11/46/12 16/45/12
o cube
v 0.16347323146949144 1.275714657374346 -0.29232353771811864
v 0.09349642286559823 1.280541993983337 -0.27951073775323465
v 0.15018273825605133 1.265931097705458 -0.3612232135510242
v 0.08020592965215811 1.270758434314449 -0.3484104135861402
v 0.06857947460012181 0.6804027925025928 -0.18948627618406527
v 0.13855628320401503 0.6755754558936022 -0.20229907614894926
v 0.0552889813866817 0.6706192328337048 -0.25838595201697084
v 0.12526578999057492 0.665791896224714 -0.27119875198185484
vt 0.328125 0.8809541666666667
vt 0.328125 0.7905724609375003
vt 0.33603220703125003 0.7905724609375003
vt 0.33603220703125003 0.8809541666666667
vt 0.34375 0.5059541666666667
vt 0.34375 0.4953434895833334
vt 0.35165720703125003 0.4953434895833334
vt 0.35165720703125003 0.5059541666666667
vt 0.375 0.9122041666666667
vt 0.375 0.8218224609375003
vt 0.38290720703125003 0.8218224609375003
vt 0.38290720703125003 0.9122041666666667
vt 0.34375 0.5580375
vt 0.34375 0.5474268229166668
vt 0.35165720703125003 0.5474268229166668
vt 0.35165720703125003 0.5580375
vt 0.3438955078125 0.5614057942708337
vt 0.3438955078125 0.6517875
vt 0.3359375 0.6517875
vt 0.3359375 0.5614057942708337
vt 0.4142080078125 0.6864057942708337
vt 0.4142080078125 0.7767875000000001
vt 0.40625 0.7767875000000001
vt 0.40625 0.6864057942708337
vn -0.9813903000037579 0.0677010200584232 0.17969321339878971
vn 0.041024665071966296 0.9881029360011048 -0.14822133693139372
vn 0.9813903000037579 -0.0677010200584232 -0.17969321339878971
vn -0.041024665071966296 -0.9881029360011048 0.14822133693139372
vn 0.18759012744349568 0.1380911284226678 0.9724920484696457
vn -0.18759012744349568 -0.1380911284226678 -0.9724920484696457
usemtl m_890a103a-2c95-a057-8483-4c3958a0f191
f 20/52/13 23/51/13 21/50/13 18/49/13
f 19/56/14 20/55/14 18/54/14 17/53/14
f 24/60/15 19/59/15 17/58/15 22/57/15
f 23/64/16 24/63/16 22/62/16 21/61/16
f 22/68/17 17/67/17 18/66/17 21/65/17
f 23/72/18 20/71/18 19/70/18 24/69/18
o cube
v -0.027477563092242474 -0.3611288693268947 0.5407370821949697
v -0.0747882226954274 -0.4239300821306832 0.5821970378597419
v -0.06361353306582296 -0.38623983908853543 0.46146502611426676
v -0.11092419266900788 -0.4490410518923239 0.5029249817790389
v 0.4921039081452898 -0.9182243820822087 0.4803580267627372
v 0.5394145677484747 -0.8554231692784202 0.4388980710979651
v 0.4559679381717092 -0.9433353518438494 0.4010859706820342
v 0.5032785977748941 -0.880534139040061 0.359626015017262
vt 0.3515625 0.6013426666666672
vt 0.3515625 0.7142875
vt 0.3616815374999999 0.7142875
vt 0.3616815374999999 0.6013426666666672
vt 0.34375 0.5580375
vt 0.34375 0.54481
vt 0.3538690374999999 0.54481
vt 0.3538690374999999 0.5580375
vt 0.34375 0.5580375
vt 0.34375 0.44509266666666714
vt 0.3538690374999999 0.44509266666666714
vt 0.3538690374999999 0.5580375
vt 0.34375 0.5580375
vt 0.34375 0.54481
vt 0.3538690374999999 0.54481
vt 0.3538690374999999 0.5580375
vt 0.377108125 0.9330375000000001
vt 0.377108125 0.8200926666666671
vt 0.3671875 0.8200926666666671
vt 0.3671875 0.9330375000000001
vt 0.408358125 0.8184541666666667
vt 0.408358125 0.7055093333333338
vt 0.3984375 0.7055093333333338
vt 0.3984375 0.8184541666666667
vn -0.5322454527812823 -0.7065143505569694 0.4664249676536534
vn -0.7469040021760514 0.6512533351611076 0.13417714028451783
vn 0.5322454527812823 0.7065143505569694 -0.4664249676536534
vn 0.7469040021760514 -0.6512533351611076 -0.13417714028451783
vn 0.3985588909145609 0.2769595022717182 0.874325022273958
vn -0.3985588909145609 -0.2769595022717182 -0.874325022273958
usemtl m_890a103a-2c95-a057-8483-4c3958a0f191
f 28/76/19 31/75/19 29/74/19 26/73/19
f 27/80/20 28/79/20 26/78/20 25/77/20
f 32/84/21 27/83/21 25/82/21 30/81/21
f 31/88/22 32/87/22 30/86/22 29/85/22
f 30/92/23 25/91/23 26/90/23 29/89/23
f 31/96/24 28/95/24 27/94/24 32/93/24
o cube
v 0.6599290307314387 -0.010655871218360868 0.1534973850905491
v 0.5781601685369062 0.02303391500721208 0.1615570062695627
v 0.6468480968022057 -0.019891908494160226 0.05939209830398373
v 0.565079234607673 0.013797877731412722 0.06745171948299722
v 0.3905937984786121 -0.4495437062253307 0.23401082955958818
v 0.4723626606731448 -0.48323349245090375 0.2259512083805746
v 0.37751286454937893 -0.45877974350113004 0.1399055427730227
v 0.45928172674391154 -0.4924695297267031 0.1318459215940091
vt 0.390625 0.38786250000000067
vt 0.390625 0.4642875000000001
vt 0.4012787890625001 0.4642875000000001
vt 0.4012787890625001 0.38786250000000067
vt 0.34375 0.54482265625
vt 0.34375 0.5580375
vt 0.3544037890625001 0.5580375
vt 0.3544037890625001 0.54482265625
vt 0.40625 0.6482791666666674
vt 0.40625 0.7247041666666667
vt 0.4169037890625001 0.7247041666666667
vt 0.4169037890625001 0.6482791666666674
vt 0.34375 0.54482265625
vt 0.34375 0.5580375
vt 0.3544037890625001 0.5580375
vt 0.3544037890625001 0.54482265625
vt 0.375 0.6274458333333339
vt 0.375 0.7038708333333334
vt 0.3849111328125 0.7038708333333334
vt 0.3849111328125 0.6274458333333339
vt 0.390625 0.6795291666666674
vt 0.390625 0.7559541666666667
vt 0.4005361328125 0.7559541666666667
vt 0.4005361328125 0.6795291666666674
vn -0.92078163584908 0.37937346368338054 0.09075766709191431
vn 0.3652163848355367 0.9201707658312432 -0.1410771206014809
vn 0.92078163584908 -0.37937346368338054 -0.09075766709191431
vn -0.3652163848355367 -0.9201707658312432 0.1410771206014809
vn 0.1370334679220855 0.09675503481689328 0.9858297479315729
vn -0.1370334679220855 -0.09675503481689328 -0.9858297479315729
usemtl m_890a103a-2c95-a057-8483-4c3958a0f191
f 36/100/25 39/99/25 37/98/25 34/97/25
f 35/104/26 36/103/26 34/102/26 33/101/26
f 40/108/27 35/107/27 33/106/27 38/105/27
f 39/112/28 40/111/28 38/110/28 37/109/28
f 38/116/29 33/115/29 34/114/29 37/113/29
f 39/120/30 36/119/30 35/118/30 40/117/30
o cube
v 0.7362391635579102 0.5219207519951468 0.1530286505332622
v 0.6690286884633863 0.5327937346451672 0.15480872156085768
v 0.7347778458678744 0.5236957396002138 0.08701147266594456
v 0.6675673707733505 0.5345687222502344 0.08879154369354003
v 0.5810532264052022 -0.00895373619647627 0.14219026415724256
v 0.6482637014997261 -0.019826718846496783 0.1404101931296471
v 0.5795919087151664 -0.0071787485914092675 0.07617308628992481
v 0.6468023838096904 -0.01805173124142978 0.07439301526232933
vt 0.4140625 0.6742593333333338
vt 0.4140625 0.7559541666666667
vt 0.42143495546875004 0.7559541666666667
vt 0.42143495546875004 0.6742593333333338
vt 0.359375 0.56873578125
vt 0.359375 0.5788708333333334
vt 0.36674745546875004 0.5788708333333334
vt 0.36674745546875004 0.56873578125
vt 0.421875 0.3721760000000005
vt 0.421875 0.45387083333333333
vt 0.42924745546875004 0.45387083333333333
vt 0.42924745546875004 0.3721760000000005
vt 0.34375 0.5479024479166668
vt 0.34375 0.5580375
vt 0.35112245546875004 0.5580375
vt 0.35112245546875004 0.5479024479166668
vt 0.40625 0.3721760000000005
vt 0.40625 0.45387083333333333
vt 0.4138512890625 0.45387083333333333
vt 0.4138512890625 0.3721760000000005
vt 0.390625 0.6742593333333338
vt 0.390625 0.7559541666666667
vt 0.3982262890625 0.7559541666666667
vt 0.3982262890625 0.6742593333333338
vn -0.9868285541694503 0.15964430742289898 0.026136177671865192
vn 0.16024987238035768 0.9868088332100882 0.02298488852754136
vn 0.9868285541694503 -0.15964430742289898 -0.026136177671865192
vn -0.16024987238035768 -0.9868088332100882 -0.02298488852754136
vn 0.022122004382772852 -0.026870463449806425 0.9993941140091237
vn -0.022122004382772852 0.026870463449806425 -0.9993941140091237
usemtl m_890a103a-2c95-a057-8483-4c3958a0f191
f 44/124/31 47/123/31 45/122/31 42/121/31
f 43/128/32 44/127/32 42/126/32 41/125/32
f 48/132/33 43/131/33 41/130/33 46/129/33
f 47/136/34 48/135/34 46/134/34 45/133/34
f 46/140/35 41/139/35 42/138/35 45/137/35
f 47/144/36 44/143/36 43/142/36 48/141/36
o cube
v 0.15976970284769498 1.6022617813773965 -0.2862424612388654
v 0.10607933135396619 1.6043174519066272 -0.2821047090736562
v 0.15553604903003193 1.6033873080042937 -0.34173639828362906
v 0.10184567753630314 1.6054429785335245 -0.3375986461184199
v 0.09266189607980402 1.2656442519243867 -0.28795004904409693
v 0.1463522675735328 1.263588581395156 -0.29208780120930605
v 0.08842824226214097 1.2667697785512841 -0.3434439860888606
v 0.14211861375586976 1.2647141080220534 -0.34758173825406974
vt 0.3203125 0.601342666666667
vt 0.3203125 0.6517875
vt 0.32652528750000004 0.6517875
vt 0.32652528750000004 0.601342666666667
vt 0.359375 0.6021016666666665
vt 0.359375 0.6101208333333334
vt 0.36558778750000004 0.6101208333333334
vt 0.36558778750000004 0.6021016666666665
vt 0.40625 0.695092666666667
vt 0.40625 0.7455375
vt 0.4124627875 0.7455375
vt 0.4124627875 0.695092666666667
vt 0.34375 0.5500183333333333
vt 0.34375 0.5580375
vt 0.34996278750000004 0.5580375
vt 0.34996278750000004 0.5500183333333333
vt 0.3984375 0.2784260000000005
vt 0.3984375 0.32887083333333333
vt 0.40445187500000007 0.32887083333333333
vt 0.40445187500000007 0.2784260000000005
vt 0.40625 0.7159260000000005
vt 0.40625 0.7663708333333333
vt 0.41226437500000007 0.7663708333333333
vt 0.41226437500000007 0.7159260000000005
vn -0.9963178154593973 0.038146526351128786 0.07678315652248913
vn 0.03958070672371187 0.9990675810817456 0.01724343604741918
vn 0.9963178154593973 -0.038146526351128786 -0.07678315652248913
vn -0.03958070672371187 -0.9990675810817456 -0.01724343604741918
vn 0.07605378526717727 -0.02021907413341622 0.9968986963517014
vn -0.07605378526717727 0.02021907413341622 -0.9968986963517014
usemtl m_890a103a-2c95-a057-8483-4c3958a0f191
f 52/148/37 55/147/37 53/146/37 50/145/37
f 51/152/38 52/151/38 50/150/38 49/149/38
f 56/156/39 51/155/39 49/154/39 54/153/39
f 55/160/40 56/159/40 54/158/40 53/157/40
f 54/164/41 49/163/41 50/162/41 53/161/41
f 55/168/42 52/167/42 51/166/42 56/165/42
o cube
v 0.38965543228600297 -0.11236398584629947 0.11127073622691264
v 0.22870079009147015 -0.1449848092527375 0.15014645124228587
v 0.3709423987789552 -0.18652117379923627 -0.028431341095247975
v 0.20998775658442237 -0.2191419972056743 0.010444373920125205
v 0.5061664803227892 -1.010679093020466 0.5725111725393237
v 0.6671211225173221 -0.9780582696140282 0.5336354575239506
v 0.48745344681574143 -1.084836280973403 0.43280909521716304
v 0.6484080890102744 -1.0522154575669649 0.3939333802017899
vt 0.34375 0.4088708333333343
vt 0.34375 0.5580375
vt 0.361525390625 0.5580375
vt 0.361525390625 0.4088708333333343
vt 0.34375 0.5329235677083333
vt 0.34375 0.5580375
vt 0.361525390625 0.5580375
vt 0.361525390625 0.5329235677083333
vt 0.390625 0.5234541666666677
vt 0.390625 0.6726208333333334
vt 0.408400390625 0.6726208333333334
vt 0.408400390625 0.5234541666666677
vt 0.34375 0.5329235677083333
vt 0.34375 0.5580375
vt 0.361525390625 0.5580375
vt 0.361525390625 0.5329235677083333
vt 0.375 0.2005375000000008
vt 0.375 0.3497041666666667
vt 0.39383544921875 0.3497041666666667
vt 0.39383544921875 0.2005375000000008
vt 0.34375 0.6484541666666677
vt 0.34375 0.7976208333333333
vt 0.36258544921875 0.7976208333333333
vt 0.36258544921875 0.6484541666666677
vn -0.95371697995094 -0.19329068586353382 0.2303532784912405
vn -0.2768013669506394 0.863621591947061 -0.4213534729619319
vn 0.95371697995094 0.19329068586353382 -0.2303532784912405
vn 0.2768013669506394 -0.863621591947061 0.4213534729619319
vn 0.11749436330103591 0.4656140640930303 0.877153702558027
vn -0.11749436330103591 -0.4656140640930303 -0.877153702558027
usemtl m_890a103a-2c95-a057-8483-4c3958a0f191
f 60/172/43 63/171/43 61/170/43 58/169/43
f 59/176/44 60/175/44 58/174/44 57/173/44
f 64/180/45 59/179/45 57/178/45 62/177/45
f 63/184/46 64/183/46 62/182/46 61/181/46
f 62/188/47 57/187/47 58/186/47 61/185/47
f 63/192/48 60/191/48 59/190/48 64/189/48
o cube
v -0.33870402174431224 0.020381072849183335 0.5893041372172441
v -0.38778564247786645 -0.021796863109131592 0.6213380591204627
v -0.3701559660514451 0.0037250206758047133 0.5191837719841317
v -0.4192375867849992 -0.03845291528251027 0.5512176938873503
v -0.06252583242480991 -0.4363176540710508 0.573908564153216
v -0.013444211691255703 -0.39413971811273585 0.5418746422499974
v -0.09397777673194274 -0.45297370624442945 0.5037881989201036
v -0.044896155998388476 -0.4107957702861145 0.471754277016885
vt 0.3984375 0.7559541666666667
vt 0.3984375 0.6772297109375005
vt 0.40721376406250004 0.6772297109375005
vt 0.40721376406250004 0.7559541666666667
vt 0.4140625 0.7351208333333334
vt 0.4140625 0.7243754296875
vt 0.42283876406250004 0.7243754296875
vt 0.42283876406250004 0.7351208333333334
vt 0.3671875 0.8913708333333333
vt 0.3671875 0.8126463776041671
vt 0.37596376406250004 0.8126463776041671
vt 0.37596376406250004 0.8913708333333333
vt 0.34375 0.5580375
vt 0.34375 0.5472920963541668
vt 0.35252626406250004 0.5472920963541668
vt 0.35252626406250004 0.5580375
vt 0.359621552734375 0.8022297109375006
vt 0.359621552734375 0.8809541666666667
vt 0.3515625 0.8809541666666667
vt 0.3515625 0.8022297109375006
vt 0.367434052734375 0.5938963776041672
vt 0.367434052734375 0.6726208333333334
vt 0.359375 0.6726208333333334
vt 0.359375 0.5938963776041672
vn -0.6797150530489363 -0.5841082170662997 0.4436271378244464
vn -0.6148249232092111 0.7835511969038254 0.08965397722003357
vn 0.6797150530489363 0.5841082170662997 -0.4436271378244464
vn 0.6148249232092111 -0.7835511969038254 -0.08965397722003357
vn 0.3999721996082597 0.21181386306427394 0.8917158330736983
vn -0.3999721996082597 -0.21181386306427394 -0.8917158330736983
usemtl m_890a103a-2c95-a057-8483-4c3958a0f191
f 68/196/49 71/195/49 69/194/49 66/193/49
f 67/200/50 68/199/50 66/198/50 65/197/50
f 72/204/51 67/203/51 65/202/51 70/201/51
f 71/208/52 72/207/52 70/206/52 69/205/52
f 70/212/53 65/211/53 66/210/53 69/209/53
f 71/216/54 68/215/54 67/214/54 72/213/54
o cube
v -0.19744472137882563 1.0681117501980153 -0.21585463295359525
v -0.2253215908570937 1.0457474698447913 -0.16437179087597026
v -0.23722148557873257 1.0328819873965238 -0.2526968094806585
v -0.26509835505700063 1.0105177070433 -0.2012139674030335
v 0.1082084464593176 0.656935668375275 -0.15267319071444307
v 0.13608531593758566 0.6792999487284987 -0.20415603279206807
v 0.06843168225941065 0.6217059055737835 -0.1895153672415063
v 0.09630855173767872 0.6440701859270075 -0.2409982093191313
vt 0.34375 0.627620833333334
vt 0.34375 0.7038708333333334
vt 0.34864697265625 0.7038708333333334
vt 0.34864697265625 0.627620833333334
vt 0.359375 0.3531546875
vt 0.359375 0.36012083333333333
vt 0.36427197265625 0.36012083333333333
vt 0.36427197265625 0.3531546875
vt 0.4140625 0.7005375000000007
vt 0.4140625 0.7767875000000001
vt 0.41895947265625 0.7767875000000001
vt 0.41895947265625 0.7005375000000007
vt 0.34375 0.5510713541666667
vt 0.34375 0.5580375
vt 0.34864697265625 0.5580375
vt 0.34864697265625 0.5510713541666667
vt 0.3984375 0.7005375000000007
vt 0.3984375 0.7767875000000001
vt 0.403662109375 0.7767875000000001
vt 0.403662109375 0.7005375000000007
vt 0.421875 0.25262083333333407
vt 0.421875 0.32887083333333333
vt 0.427099609375 0.32887083333333333
vt 0.427099609375 0.25262083333333407
vn -0.44480669324586036 -0.35684715597265526 0.8214664405305372
vn -0.6509173249734845 0.7588052331567504 -0.022830991728195315
vn 0.44480669324586036 0.35684715597265526 -0.8214664405305372
vn 0.6509173249734845 -0.7588052331567504 0.022830991728195315
vn 0.6151858594709785 0.5448621159597692 0.5697996427682249
vn -0.6151858594709785 -0.5448621159597692 -0.5697996427682249
usemtl m_890a103a-2c95-a057-8483-4c3958a0f191
f 76/220/55 79/219/55 77/218/55 74/217/55
f 75/224/56 76/223/56 74/222/56 73/221/56
f 80/228/57 75/227/57 73/226/57 78/225/57
f 79/232/58 80/231/58 78/230/58 77/229/58
f 78/236/59 73/235/59 74/234/59 77/233/59
f 79/240/60 76/239/60 75/238/60 80/237/60
o cube
v -0.4210104371671373 1.3492004221486653 -0.14890692634556985
v -0.4394409036135498 1.3274858096692121 -0.11175583392980248
v -0.45206745698304585 1.3317436642469878 -0.17451753515290114
v -0.47049792342945834 1.3100290517675346 -0.13736644273713378
v -0.221028456094771 1.0327153284108919 -0.17569428986668634
v -0.2025979896483585 1.054429940890345 -0.21284538228245375
v -0.2520854759106795 1.0152585705092143 -0.20130489867401763
v -0.23365500946426698 1.0369731829886675 -0.238455991089785
vt 0.359375 0.8151208333333341
vt 0.359375 0.8913708333333333
vt 0.36427197265625 0.8913708333333333
vt 0.36427197265625 0.8151208333333341
vt 0.359375 0.3531546875
vt 0.359375 0.36012083333333333
vt 0.36427197265625 0.36012083333333333
vt 0.36427197265625 0.3531546875
vt 0.4140625 0.7005375000000007
vt 0.4140625 0.7767875000000001
vt 0.41895947265625 0.7767875000000001
vt 0.41895947265625 0.7005375000000007
vt 0.34375 0.5510713541666667
vt 0.34375 0.5580375
vt 0.34864697265625 0.5580375
vt 0.34864697265625 0.5510713541666667
vt 0.3984375 0.7005375000000007
vt 0.3984375 0.7767875000000001
vt 0.403662109375 0.7767875000000001
vt 0.403662109375 0.7005375000000007
vt 0.4296875 0.2630375000000007
vt 0.4296875 0.3392875000000001
vt 0.434912109375 0.3392875000000001
vt 0.434912109375 0.2630375000000007
vn -0.3937082284947893 -0.4638635509629462 0.793614791258039
vn -0.5864995905445235 0.79154264569904 0.17169295364362075
vn 0.3937082284947893 0.4638635509629462 -0.793614791258039
vn 0.5864995905445235 -0.79154264569904 -0.17169295364362075
vn 0.707822054690726 0.3978578214988495 0.5836926355245443
vn -0.707822054690726 -0.3978578214988495 -0.5836926355245443
usemtl m_890a103a-2c95-a057-8483-4c3958a0f191
f 84/244/61 87/243/61 85/242/61 82/241/61
f 83/248/62 84/247/62 82/246/62 81/245/62
f 88/252/63 83/251/63 81/250/63 86/249/63
f 87/256/64 88/255/64 86/254/64 85/253/64
f 86/260/65 81/259/65 82/258/65 85/257/65
f 87/264/66 84/263/66 83/262/66 88/261/66
o cube
v -0.6666840537424947 0.36685095938526324 0.7718353336854726
v -0.6992862816865435 0.3268860809788189 0.7931393870612109
v -0.6916791218223475 0.3667685172889098 0.733429980443892
v -0.7242813497663962 0.32680363888246544 0.7547340338196302
v -0.3813738337818745 -0.04232998627952478 0.5870273827678241
v -0.3487716058378256 -0.0023651078730803077 0.5657233293920858
v -0.40636890186172725 -0.04241242837587822 0.5486220295262434
v -0.37376667391767837 -0.002447549969433749 0.5273179761505051
vt 0.421875 0.3392875000000001
vt 0.421875 0.2605630442708339
vt 0.42698915468750004 0.2605630442708339
vt 0.42698915468750004 0.3392875000000001
vt 0.3515625 0.6101208333333334
vt 0.3515625 0.6018168359375
vt 0.35667665468750004 0.6018168359375
vt 0.35667665468750004 0.6101208333333334
vt 0.421875 0.7663708333333333
vt 0.421875 0.6876463776041672
vt 0.42698915468750004 0.6876463776041672
vt 0.42698915468750004 0.7663708333333333
vt 0.34375 0.5580375
vt 0.34375 0.5497335026041668
vt 0.34886415468750004 0.5497335026041668
vt 0.34886415468750004 0.5580375
vt 0.326540498046875 0.8647297109375005
vt 0.326540498046875 0.9434541666666667
vt 0.3203125 0.9434541666666667
vt 0.3203125 0.8647297109375005
vt 0.404665498046875 0.6980630442708338
vt 0.404665498046875 0.7767875000000001
vt 0.3984375 0.7767875000000001
vt 0.3984375 0.6980630442708338
vn -0.5842393469340185 -0.7161797193906378 0.3817734865436032
vn -0.6009365139159272 0.69791358533564 0.38960484294541975
vn 0.5842393469340185 0.7161797193906378 -0.3817734865436032
vn 0.6009365139159272 -0.69791358533564 -0.38960484294541975
vn 0.5454719898736181 0.0017991491042790857 0.8381271212207706
vn -0.5454719898736181 -0.0017991491042790857 -0.8381271212207706
usemtl m_890a103a-2c95-a057-8483-4c3958a0f191
f 92/268/67 95/267/67 93/266/67 90/265/67
f 91/272/68 92/271/68 90/270/68 89/269/68
f 96/276/69 91/275/69 89/274/69 94/273/69
f 95/280/70 96/279/70 94/278/70 93/277/70
f 94/284/71 89/283/71 90/282/71 93/281/71
f 95/288/72 92/287/72 91/286/72 96/285/72