# Made in Blockbench 4.12.3
mtllib poplar_twig_branch.mtl

o cube
v 0.5786340953735398 1.6210899372153804 0.1406283455976185
v 0.4711165488574336 0.7458968917280542 0.8772952379728376
v 0.4692974370008096 0.8310045512520805 0.978141422399474
v 0.5768149835169161 1.7061975967394067 0.2414745300242549
v 0.7131455282236001 1.6126224580598656 0.15020073230547282
v 0.7113264163669761 1.697730117583892 0.2510469167321092
v 0.6056279817074939 0.7374294125725394 0.8868676246806921
v 0.6038088698508699 0.8225370720965657 0.9877138091073285
vt 0.5080006494157722 0.35416666666666663
vt 0.12500080382430134 0.35416666666666663
vt 0.125 0.3125
vt 0.5080011917580635 0.31250150597312987
vt 0.8582344442158668 0.8290552083333336
vt 0.8582344442158668 0.7873885416666669
vt 0.8998993377518235 0.7873900409287337
vt 0.8999011108825336 0.8290546029409745
vt 0.16666747049096817 0.7291666666666667
vt 0.5496673160824388 0.729166666666667
vt 0.5496678584247302 0.7708318273602037
vt 0.16666666666666666 0.7708333333333334
vt 0.8780190475357122 0.8498885416666658
vt 0.8363523808690455 0.8498885416666659
vt 0.8363529862614046 0.8082218749999993
vt 0.8780175482736454 0.8082236481307091
vt 0.14583333333333334 0.875
vt 0.5288334167221859 0.875
vt 0.5288341695165717 0.9166666666666666
vt 0.14583408612771906 0.9166666666666666
vt 0.14583408612771906 0.8125000000000001
vt 0.5288341695165718 0.8125
vt 0.528833416722186 0.8541666666666665
vt 0.14583333333333334 0.8541666666666666
vn -0.9955168201681273 0.06266766880057258 -0.07084507074908185
vn 0.09357488817763805 0.7616997784920195 -0.6411374172108122
vn 0.9955168201681273 -0.06266766880057244 0.07084507074908179
vn -0.09357488817763909 -0.7616997784920196 0.641137417210812
vn -0.013784087379404444 0.6448924024457956 0.7641490615075092
vn 0.013784087379405136 -0.6448924024457955 -0.7641490615075092
usemtl m_e70c3b80-addb-3b2a-1023-bae92a63ff32
f 1/1/1 2/2/1 3/3/1 4/4/1
f 5/5/2 1/6/2 4/7/2 6/8/2
f 7/9/3 5/10/3 6/11/3 8/12/3
f 2/13/4 7/14/4 8/15/4 3/16/4
f 8/17/5 6/18/5 4/19/5 3/20/5
f 2/21/6 1/22/6 5/23/6 7/24/6
o cube
v 0.44324024027416664 0.8283953729158936 1.0378111708282147
v 0.6370822402741665 0.8283953762713966 1.0378111633792744
v 0.6370822326919405 0.7765657289606728 0.8171531496484193
v 0.4432402326919407 0.7765657256051698 0.8171531570973597
v 0.6365976654837175 -0.05754474040784198 1.4248601876894005
v 0.44372487548371764 -0.05754474374656743 1.424860195101096
v 0.6365976718455237 -0.01006846801365498 1.6117984573987802
v 0.4437248818455239 -0.01006847135238043 1.6117984648104757
vt 0.4505541666666666 0.7708333333333334
vt 0.4505541666666666 0.8333333333333334
vt 0.375 0.8333333333333334
vt 0.375 0.7708333333333334
vt 0.9273374999999998 0.75
vt 0.9273374999999998 0.8125
vt 0.5833333333333334 0.8123448331452523
vt 0.5833333333333334 0.7501571820087055
vt 0.4583333333333333 0.875
vt 0.4583333333333333 0.9375
vt 0.3958333333333333 0.9375
vt 0.3958333333333333 0.875
vt 0.42203690974434666 0.39583333333333337
vt 0.08333333333333333 0.39583333333333337
vt 0.10547454923037576 0.3354756922275832
vt 0.4493307232500114 0.3253820570355147
vt 0.5272920944047591 0.39583333333333337
vt 0.5 0.3253808801880931
vt 0.84385445491873 0.3354756922275829
vt 0.8659956708157724 0.39583333333333315
vt 0.9012329676953432 0.9583333333333333
vt 0.5625308453804835 0.9583333333333334
vt 0.5625 0.8961456821967866
vt 0.9012019673882891 0.8958333333333334
vn -2.563893206551031e-8 0.9735055089074788 -0.22866356099472904
vn -2.0865456564079257e-8 -0.5888567411765996 -0.8082374269797673
vn 2.623702988137078e-8 -0.9692309097067574 0.2461532930289803
vn 0.9999998709832695 -0.000492348270388419 0.0001250064998928503
vn -0.9999998701463039 -0.0004961052901042265 0.00011656292923687932
vn 2.1931044243642384e-8 0.5648860076155977 0.8251689514275913
usemtl m_e70c3b80-addb-3b2a-1023-bae92a63ff32
f 9/25/7 10/26/7 11/27/7 12/28/7
f 12/29/8 11/30/8 13/31/8 14/32/8
f 13/33/9 15/34/9 16/35/9 14/36/9
f 10/37/10 15/38/10 13/39/10 11/40/10
f 9/41/11 12/42/11 14/43/11 16/44/11
f 9/45/12 16/46/12 15/47/12 10/48/12
o cube
v 0.6366697698989658 1.9928552642924267 -0.27748680182797103
v 0.5921200356767655 1.5894828100408254 0.19651951071625084
v 0.5974808117013213 1.6707990553595402 0.26622228411290594
v 0.6420305459235216 2.0741715096111415 -0.20778402843131594
v 0.7398412964285241 1.9841164355173682 -0.27522678704006553
v 0.7452020724530799 2.0654326808360826 -0.20552401364341044
v 0.6952915622063238 1.5807439812657664 0.19877952550415634
v 0.7006523382308794 1.6620602265844813 0.26848229890081143
vt 0.3746664210552267 0.8541666666666666
vt 0.16666709149359024 0.8541666666666666
vt 0.16666666666666666 0.8184215955006059
vt 0.3746659962283032 0.8184215955006059
vt 0.720646483178199 0.849888236281093
vt 0.7206464831781988 0.8153661906249514
vt 0.7563927083333337 0.8153662656826656
vt 0.7563906377713678 0.8498885416666667
vt 0.16666709149359024 0.9017549288339392
vt 0.3746664210552267 0.9017549288339393
vt 0.3746659962283032 0.9375
vt 0.16666666666666666 0.9374999999999999
vt 0.7563927083333329 0.9540552083333333
vt 0.7218706626771914 0.9540552083333332
vt 0.7218703572916176 0.9183110537401644
vt 0.7563926332756189 0.9183089831781985
vt 0.4791666666666667 0.8196449604086863
vt 0.687168506372907 0.8196449604086863
vt 0.6871668439568883 0.854166397008428
vt 0.4791670700585315 0.8541666666666666
vt 0.4583336919700412 0.9029782937415257
vt 0.6663334658685729 0.9029782937415257
vt 0.6663351730393989 0.9374997303390832
vt 0.4583333333333333 0.9375
vn -0.9961946980917455 0.0843796266865469 -0.02182205522252617
vn 0.07139380484326736 0.6464302151467973 -0.7596255008721515
vn 0.9961946980917455 -0.08437962668654712 0.021822055222525914
vn -0.07139380484327013 -0.6464302151467972 0.7596255008721513
vn 0.049990480332730076 0.7582928560559594 0.6499945356159532
vn -0.04999048033272711 -0.7582928560559598 -0.6499945356159532
usemtl m_e70c3b80-addb-3b2a-1023-bae92a63ff32
f 17/49/13 18/50/13 19/51/13 20/52/13
f 21/53/14 17/54/14 20/55/14 22/56/14
f 23/57/15 21/58/15 22/59/15 24/60/15
f 18/61/16 23/62/16 24/63/16 19/64/16
f 24/65/17 22/66/17 20/67/17 19/68/17
f 18/69/18 17/70/18 21/71/18 23/72/18
o cube
v 0.6775371267029975 2.2275144903355724 -0.8195693376156143
v 0.6444295246941356 1.9850977324030463 -0.24553623564090643
v 0.6500212186439467 2.059301447031825 -0.21387717026264308
v 0.6831288206528086 2.301718204964351 -0.787910272237351
v 0.7626137104742488 2.2203083383733744 -0.8177057000026493
v 0.7682054044240598 2.2945120530021534 -0.786046634624386
v 0.7295061084653869 1.9778915804408488 -0.24367259802794133
v 0.735097802415198 2.052095295069627 -0.21201353264967804
vt 0.5205009768210404 0.875
vt 0.3125 0.875
vt 0.3125009601776154 0.8480444391569609
vt 0.5205000185214208 0.848043626923696
vt 0.8752691991892826 0.8498877448293023
vt 0.8752691991892826 0.8214223481796222
vt 0.9022260416666662 0.8214208796873406
vt 0.9022241578309128 0.8498885416666675
vt 0.3125 0.910543626923696
vt 0.5205009768210404 0.910543626923696
vt 0.5205000185214208 0.9375
vt 0.3125009601776154 0.937499187766735
vt 0.8605579065077172 0.8290552083333351
vt 0.8320925098580371 0.8290552083333352
vt 0.832091713020672 0.802100249691705
vt 0.8605593749999989 0.8020983658559515
vt 0.5625005200622532 0.8673660786816613
vt 0.7705001247001318 0.8673660786816612
vt 0.7704996046378788 0.8958333333333331
vt 0.5625 0.8958333333333334
vt 0.5625 0.9298660786816613
vt 0.7704996046378788 0.9298660786816613
vt 0.7705001247001318 0.9583333333333334
vt 0.5625005200622532 0.9583333333333334
vn -0.9961946980917454 0.08437962668654828 -0.021822055222525904
vn 0.053057054501381734 0.3884883941226385 -0.9199248429081863
vn 0.9961946980917454 -0.08437962668654789 0.021822055222526164
vn -0.05305705450138041 -0.3884883941226399 0.9199248429081857
vn 0.06914529963441512 0.917582065121291 0.39148701294706345
vn -0.06914529963441977 -0.9175820651212907 -0.3914870129470628
usemtl m_e70c3b80-addb-3b2a-1023-bae92a63ff32
f 25/73/19 26/74/19 27/75/19 28/76/19
f 29/77/20 25/78/20 28/79/20 30/80/20
f 31/81/21 29/82/21 30/83/21 32/84/21
f 26/85/22 31/86/22 32/87/22 27/88/22
f 32/89/23 30/90/23 28/91/23 27/92/23
f 26/93/24 25/94/24 29/95/24 31/96/24
o cube
v 1.4313530276977637 1.5002288823586092 0.2721456022841735
v 1.7944024395641072 1.6090442659110655 -0.2759260480562384
v 1.7442202548845547 1.6504134242326138 -0.3009538191433918
v 1.3811708430182115 1.5415980406801575 0.24711783119702013
v 1.4014685144003969 1.4454181177657586 0.2414674795641747
v 1.3512863297208446 1.4867872760873064 0.21643970847702132
v 1.7645179262667403 1.554233501318215 -0.30660417077623714
v 1.7143357415871883 1.5956026596397628 -0.3316319418633906
vt 0.25 0.8333333333333334
vt 0.47211912557495034 0.8333333333333334
vt 0.4721191472060795 0.8541666666666666
vt 0.25000002163112917 0.8541666666666666
vt 0.8373314036183737 0.8290551269272481
vt 0.8373314036183737 0.8082218750000001
vt 0.858164736951707 0.8082219564060854
vt 0.858164736951707 0.8290552083333335
vt 0.47211912557495034 0.9166666666666666
vt 0.25 0.9166666666666665
vt 0.25000002163112917 0.8958333333333334
vt 0.4721191472060795 0.8958333333333335
vt 0.8333333333333321 0.9374999999999997
vt 0.8333333333333323 0.9166667480727516
vt 0.8541666666666655 0.9166666666666664
vt 0.8541666666666655 0.9374999185939145
vt 0.7429517523116286 0.8541666666666665
vt 0.5208342312954756 0.8541666666666666
vt 0.5208333333333334 0.8333333333333334
vt 0.7429524715567547 0.8333355461236469
vt 0.763785804903741 0.9166666666666666
vt 0.5416666666666666 0.9166666666666666
vt 0.5416678217141865 0.8958333333333334
vt 0.7637853427166865 0.8958355461075369
vn 0.429628419507534 0.7879754282664042 0.44103757844409974
vn -0.5448293093100469 -0.1632995628843448 0.8224927212313305
vn -0.42962841950753133 -0.7879754282664063 -0.44103757844409863
vn 0.5448293093100481 0.16329956288434314 -0.82249272123133
vn -0.7201252980337531 0.5936564471225358 -0.359153975227403
vn 0.7201252980337516 -0.593656447122539 0.3591539752274013
usemtl m_e70c3b80-addb-3b2a-1023-bae92a63ff32
f 33/97/25 34/98/25 35/99/25 36/100/25
f 37/101/26 33/102/26 36/103/26 38/104/26
f 39/105/27 37/106/27 38/107/27 40/108/27
f 34/109/28 39/110/28 40/111/28 35/112/28
f 40/113/29 38/114/29 36/115/29 35/116/29
f 34/117/30 33/118/30 37/119/30 39/120/30
o cube
v 0.6367614310563667 0.6269713670866925 1.141693646229241
v 1.0869068453864683 1.1214388488393627 0.7971484970198679
v 0.9785312817569443 1.2021919880981176 0.7714480580478185
v 0.5283858674268429 0.7077245063454471 1.1159932072571916
v 0.6160329288710482 0.5598982682783584 1.0183533334624708
v 0.5076573652415242 0.640651407537113 0.9926528944904212
v 1.0661783432011496 1.0543657500310286 0.6738081842530974
v 0.9578027795716255 1.1351188892897834 0.648107745281048
vt 0.16666666666666666 0.7916666666666667
vt 0.41740894987156524 0.7916666666666666
vt 0.4174083249561887 0.8333320725904435
vt 0.16666759571375808 0.8333333333333334
vt 0.8355340159735856 0.8290552083333339
vt 0.8355340159735856 0.7873885416666672
vt 0.8772003953839995 0.7873891145836822
vt 0.8772006826402522 0.8290532012652349
vt 0.5007422832048986 0.9166666666666666
vt 0.25 0.9166666666666666
vt 0.2500009290470914 0.875
vt 0.500741658289522 0.8750012607428899
vt 0.10416666666666674 0.9375
vt 0.10416666666666667 0.8958333333333334
vt 0.14583333333333334 0.8958353404014323
vt 0.14583304607708064 0.9374994270829848
vt 0.7507412730452168 0.8541666666666666
vt 0.5000011795982262 0.8541666666666666
vt 0.5 0.8125010711352786
vt 0.7507417849672362 0.8125
vt 0.854908451636852 0.9375
vt 0.6041666666666666 0.9375
vt 0.6041676168161901 0.8958344044613861
vt 0.8549077102602313 0.8958333333333334
vn 0.14605758918207 0.4726118184194978 0.8690829935814748
vn -0.5984196910733764 -0.6573410908042137 0.4580355484850179
vn -0.14605758918206846 -0.47261181841949884 -0.8690829935814742
vn 0.5984196910733766 0.6573410908042134 -0.45803554848501804
vn -0.7877569764705142 0.58697594450756 -0.1868105633830474
vn 0.7877569764705142 -0.5869759445075594 0.18681056338304902
usemtl m_e70c3b80-addb-3b2a-1023-bae92a63ff32
f 41/121/31 42/122/31 43/123/31 44/124/31
f 45/125/32 41/126/32 44/127/32 46/128/32
f 47/129/33 45/130/33 46/131/33 48/132/33
f 42/133/34 47/134/34 48/135/34 43/136/34
f 48/137/35 46/138/35 44/139/35 43/140/35
f 42/141/36 41/142/36 45/143/36 47/144/36
o cube
v 1.070578519429998 1.1205603258041716 0.7816928650159229
v 1.4709828218134247 1.493695052099786 0.2656626187492015
v 1.3866092124414005 1.5565637113386628 0.24565395391374945
v 0.9862049100579737 1.1834289850430486 0.7616842001804709
v 1.0380263998461934 1.0533727393673402 0.7078521731489382
v 0.953652790474169 1.116241398606217 0.6878435083134864
v 1.43843070222962 1.4265074656629544 0.19182192688221678
v 1.354057092857596 1.4893761249018311 0.17181326204676473
vt 0.5833333333333334 0.8601318047890497
vt 0.8340760488739875 0.8601318047890497
vt 0.8340765250115317 0.8958333333333334
vt 0.5833338094708777 0.8958333333333334
vt 0.8248556446916643 0.8290528642059168
vt 0.8248556446916643 0.7940510931693757
vt 0.8605593749999999 0.7940533105670937
vt 0.86055643144855 0.8290552083333332
vt 0.8132427155406541 0.9583333333333334
vt 0.5625 0.9583333333333334
vt 0.5625004761375444 0.9226318047890497
vt 0.8132431916781985 0.9226318047890497
vt 0.9438927083333337 0.8082218750000013
vt 0.9088909372967926 0.8082218750000013
vt 0.9088885931693761 0.7725210882431156
vt 0.9438904909356157 0.7725181446916656
vt 0.41740691810105646 0.875
vt 0.16666704727636975 0.8749999999999999
vt 0.16666666666666666 0.8399980332914526
vt 0.41740653749135337 0.8399980332914528
vt 0.41740653749135337 0.8125
vt 0.16666666666666666 0.8124999999999999
vt 0.16666704727636975 0.7774980332914527
vt 0.41740691810105646 0.7774980332914528
vn 0.3100024720854486 0.639845213005271 0.7032045013331117
vn -0.5322942571642655 -0.496042302176661 0.6860064564136559
vn -0.31000247208544934 -0.6398452130052706 -0.7032045013331116
vn 0.5322942571642643 0.49604230217666095 -0.6860064564136568
vn -0.7877571269692552 0.5869754150264874 -0.1868115924230293
vn 0.7877571269692552 -0.5869754150264873 0.1868115924230287
usemtl m_e70c3b80-addb-3b2a-1023-bae92a63ff32
f 49/145/37 50/146/37 51/147/37 52/148/37
f 53/149/38 49/150/38 52/151/38 54/152/38
f 55/153/39 53/154/39 54/155/39 56/156/39
f 50/157/40 55/158/40 56/159/40 51/160/40
f 56/161/41 54/162/41 52/163/41 51/164/41
f 50/165/42 49/166/42 53/167/42 55/168/42
o cube
v -0.019874583654119427 2.7208499540920874 -0.6558352587744369
v 0.16167463308726626 2.3916032794959214 -0.43076148621132254
v 0.20353066583172996 2.4170328431228305 -0.42732408303847924
v 0.021981449090344163 2.7462795177189965 -0.6523978556015937
v -0.0014767460700139123 2.697242009207944 -0.7052099603388636
v 0.04037928667444968 2.722671572834853 -0.7017725571660204
v 0.1800724706713719 2.367995334611778 -0.48013618777574923
v 0.22192850341583537 2.393424898238687 -0.47669878460290593
vt 0.45856763257366134 0.8541666666666666
vt 0.31250028965425747 0.8541666666666666
vt 0.3125 0.8378027692191437
vt 0.45856787572515806 0.8377998715177127
vt 0.8541666666666657 0.7753012585277195
vt 0.8734125601003958 0.7753012585277196
vt 0.8734133645198368 0.7916666666666661
vt 0.8541674710861065 0.791666666666666
vt 0.31250028965425747 0.9002998715177127
vt 0.45856763257366134 0.9002998715177127
vt 0.45856787572515806 0.9166666666666666
vt 0.3125 0.9166637689652357
vt 0.881391903913892 0.8082218749999998
vt 0.8621460104801618 0.8082218749999998
vt 0.8621468148996025 0.7918564668610532
vt 0.8813927083333328 0.7918564668610532
vt 0.6041678325293205 0.8557536248764476
vt 0.7502357577126445 0.8557536248764477
vt 0.7502335960114501 0.875
vt 0.6041666666666666 0.8749981700865104
vt 0.5833333333333334 0.9182536248508765
vt 0.729400262689579 0.9182536248508765
vt 0.7294021832738989 0.9375
vt 0.5833342581020377 0.9374981700740349
vn -0.31864348581705687 0.40888054460049333 0.8551508809523376
vn -0.41430410015953273 0.7513568480077457 -0.5136292432707324
vn 0.31864348581705687 -0.4088805446004935 -0.8551508809523377
vn 0.4143041001595329 -0.7513568480077453 0.5136292432707332
vn 0.8525364751946717 0.517957128726953 0.07001407903825886
vn -0.8525364751946716 -0.5179571287269531 -0.07001407903825942
usemtl m_e70c3b80-addb-3b2a-1023-bae92a63ff32
f 57/169/43 58/170/43 59/171/43 60/172/43
f 61/173/44 57/174/44 60/175/44 62/176/44
f 63/177/45 61/178/45 62/179/45 64/180/45
f 58/181/46 63/182/46 64/183/46 59/184/46
f 64/185/47 62/186/47 60/187/47 59/188/47
f 58/189/48 57/190/48 61/191/48 63/192/48
o cube
v 0.14695977554791462 2.386479116029341 -0.4344783248883425
v 0.33745491350224266 1.9701786384871007 -0.06517079891344335
v 0.4101857010562948 2.013523663441612 -0.053826071594531344
v 0.21969056310196677 2.429824140983852 -0.4231335975694305
v 0.17900022283648453 2.348305133986451 -0.494036808898206
v 0.2517310103905367 2.3916501589409624 -0.482692081579294
v 0.3694953607908126 1.9320046564442115 -0.12472928292330687
v 0.44222614834486484 1.9753496813987228 -0.11338455560439487
vt 0.42523496135587835 0.8333333333333334
vt 0.2291680008462805 0.8333333333333334
vt 0.22916666666666666 0.8125008881276188
vt 0.42523532032479533 0.8125
vt 0.8737510900994719 0.8290540229685828
vt 0.8737510900994719 0.8082218750000014
vt 0.8945844234328053 0.8082230603647533
vt 0.8945844234328053 0.8290552083333348
vt 0.20833466751294716 0.8958333333333334
vt 0.40440162802254503 0.8958333333333334
vt 0.40440198699146196 0.9166666666666666
vt 0.20833333333333334 0.916665778539048
vt 0.8555048944352919 0.8498885416666663
vt 0.8346727464667104 0.8498885416666663
vt 0.8346715611019585 0.829055208333333
vt 0.8555037090705401 0.829055208333333
vt 0.5208337956816089 0.8333333333333335
vt 0.7169003681010616 0.8333333333333334
vt 0.7169010941645059 0.8541652895982687
vt 0.5208333333333334 0.8541666666666666
vt 0.5208333333333334 0.8958333333333334
vt 0.7169010941719725 0.8958333333333334
vt 0.71690059401715 0.9166652896066152
vt 0.5208340216051638 0.9166666666666666
vn -0.412574026014978 0.49155348296516527 0.7669144974784394
vn -0.32385962452801814 0.7077499079267243 -0.6278574770043631
vn 0.41257402601497833 -0.49155348296516554 -0.7669144974784393
vn 0.3238596245280194 -0.7077499079267265 0.62785747700436
vn 0.8514091946052526 0.5074103282497563 0.13280490249651888
vn -0.8514091946052528 -0.5074103282497557 -0.13280490249651913
usemtl m_e70c3b80-addb-3b2a-1023-bae92a63ff32
f 65/193/49 66/194/49 67/195/49 68/196/49
f 69/197/50 65/198/50 68/199/50 70/200/50
f 71/201/51 69/202/51 70/203/51 72/204/51
f 66/205/52 71/206/52 72/207/52 67/208/52
f 72/209/53 70/210/53 68/211/53 67/212/53
f 66/213/54 65/214/54 69/215/54 71/216/54
o cube
v 0.32123919817916924 1.985805314691846 -0.0557014300656109
v 0.5328433725037809 1.5400146717029335 0.3282835222852989
v 0.6215856745238213 1.5845848359486179 0.33112405190478333
v 0.40998150019920965 2.03037547893753 -0.052860900446126347
v 0.3526873282172449 1.9285320215183748 -0.13952360482427206
v 0.4414296302372853 1.9731021857640592 -0.13668307520478762
v 0.5642915025418567 1.4827413785294623 0.24446134752663762
v 0.6530338045618971 1.5273115427751467 0.24730187714612217
vt 0.4375879667003854 0.8749999999999999
vt 0.22916734030107588 0.875
vt 0.22916666666666666 0.8418861762895498
vt 0.4375879467920605 0.8418833034516215
vt 0.5982775659327771 0.8498885416666677
vt 0.5982775659327771 0.8144612662334926
vt 0.6313927083333336 0.8144610640881612
vt 0.6313927083333337 0.8498883395213364
vt 0.2083340069677426 0.9043833034516217
vt 0.4167546333670522 0.9043833034516215
vt 0.41675461345872716 0.9375
vt 0.20833333333333334 0.9374971271620719
vt 0.5688925061880008 0.8498885416666662
vt 0.5334652307548257 0.8498885416666663
vt 0.5334654329001571 0.8167733992661097
vt 0.5688927083333323 0.8167733992661096
vt 0.4791679190819676 0.8604068417648042
vt 0.6875881177433966 0.8604068417648042
vt 0.6875868653280954 0.8958333333333334
vt 0.4791666666666667 0.8958333333333334
vt 0.4791666666666667 0.9229068417648042
vt 0.6875868653280955 0.9229068417648042
vt 0.6875881177433966 0.9583333333333334
vt 0.4791679190819676 0.9583333333333334
vn -0.2958997224947213 0.5388921864629224 0.7886942155212994
vn -0.33842589374757664 0.7129684339137534 -0.6141204496544012
vn 0.2958997224947214 -0.5388921864629221 -0.7886942155212996
vn 0.33842589374757953 -0.7129684339137523 0.6141204496544009
vn 0.8932587915429089 0.4486326154124137 0.028592091905274383
vn -0.8932587915429094 -0.4486326154124125 -0.028592091905273093
usemtl m_e70c3b80-addb-3b2a-1023-bae92a63ff32
f 73/217/55 74/218/55 75/219/55 76/220/55
f 77/221/56 73/222/56 76/223/56 78/224/56
f 79/225/57 77/226/57 78/227/57 80/228/57
f 74/229/58 79/230/58 80/231/58 75/232/58
f 80/233/59 78/234/59 76/235/59 75/236/59
f 74/237/60 73/238/60 77/239/60 79/240/60