# Made in Blockbench 4.12.3
mtllib poplar_twig_branch_up_2.mtl

o cube
v 0.03330729565635315 0.6651908523660093 -0.2573474540449353
v 0.2465084034433337 -0.1973209321911048 0.025474873819211097
v 0.26789335072667175 -0.15912281241511878 0.12584542878322336
v 0.054692242939691216 0.7033889721419953 -0.15697689908092305
v 0.13532520343130405 0.6812739243712227 -0.2852041366302535
v 0.15671015071464212 0.7194720441472087 -0.1848335816662412
v 0.3485263112182846 -0.18123786018589133 -0.0023818087661071075
v 0.36991125850162265 -0.1430397404099053 0.09798874619790521
vt 0.4149676199205468 0.27083333333333337
vt 0.10416700975461746 0.27083333333333337
vt 0.10416666666666667 0.234331552080845
vt 0.4149672768325959 0.23433155208084477
vt 0.7718259941489283 0.8126925989356377
vt 0.7361685649518529 0.8126925989356377
vt 0.7361683548604466 0.7761934386410116
vt 0.7718238708380992 0.7761926140991889
vt 0.10416700975461746 0.31766488541417826
vt 0.4149676199205467 0.31766488541417814
vt 0.4149672768325959 0.3541666666666665
vt 0.10416666666666667 0.35416666666666663
vt 0.7353260093124788 0.8751923888442318
vt 0.7353260093124788 0.8395349596471564
vt 0.7718259941489277 0.8395370829579856
vt 0.7718251696071049 0.875192598935638
vt 0.25000075162928487 0.7768422572520169
vt 0.560801269285182 0.7768422572520172
vt 0.5608008518762803 0.8125
vt 0.25 0.8124979436501966
vt 0.25 0.8393422572500356
vt 0.5608008518830828 0.8393422572500359
vt 0.5608010333698762 0.875
vt 0.25000051572078186 0.8749979436524078
vn -0.9537169292428974 -0.15035299566661775 0.26041888481746545
vn -0.22865841675995463 0.9250448139823255 -0.30332724996154914
vn 0.9537169292428975 0.1503529956666179 -0.2604188848174653
vn 0.22865841675995516 -0.9250448139823252 0.3033272499615493
vn 0.1952929781644208 0.3488353032857761 0.9166103773475357
vn -0.19529297816442162 -0.3488353032857762 -0.9166103773475356
usemtl m_98ffa785-34c5-62ec-93ff-1856b11d694b
f 1/1/1 2/2/1 3/3/1 4/4/1
f 5/5/2 1/6/2 4/7/2 6/8/2
f 7/9/3 5/10/3 6/11/3 8/12/3
f 2/13/4 7/14/4 8/15/4 3/16/4
f 8/17/5 6/18/5 4/19/5 3/20/5
f 2/21/6 1/22/6 5/23/6 7/24/6
o cube
v 0.6865772612800041 0.8967325084281204 0.15107286923250518
v 0.6769062847485443 0.5288244864062515 0.09422289522297722
v 0.6749147048268322 0.5208627865449429 0.14608630979718795
v 0.6845856813582918 0.8887708085668118 0.2029362838067159
v 0.7405251753788011 0.895034576743196 0.15288384062434535
v 0.7385335954570891 0.8870728768818874 0.20474725519855608
v 0.7308541988473416 0.5271265547213271 0.09603386661481728
v 0.7288626189256293 0.5191648548600185 0.147897281189028
vt 0.37413458313823256 0.8333333333333333
vt 0.25 0.8333333333333334
vt 0.2500009659235231 0.8158309163641991
vt 0.3741334898397947 0.8158306003219662
vt 0.7466708780586697 0.9194966774029916
vt 0.7466708780586697 0.937498538442008
vt 0.729168706627436 0.9375000000000009
vt 0.7291666666666675 0.9194977160687511
vt 0.20833333333333334 0.8783306003219663
vt 0.33246791647156587 0.8783306003219663
vt 0.33246682317312803 0.8958333333333334
vt 0.20833429925685643 0.8958330172911005
vt 0.7680018610390164 0.9374999999999992
vt 0.7499999999999999 0.9374999999999992
vt 0.7500010386657593 0.9199957886079971
vt 0.7680033225970092 0.9199978285687656
vt 0.4166666666666667 0.8153325471624043
vt 0.5408002951886539 0.8153325471624041
vt 0.5408007193087742 0.8333333333333331
vt 0.4166670907867869 0.8333333333333334
vt 0.39583375745345345 0.8778325471624043
vt 0.5199673859754407 0.8778325471624043
vt 0.5199669618553207 0.8958333333333334
vt 0.3958333333333333 0.8958333333333334
vn -0.9989429515562969 0.03144026821450579 -0.033533402311639766
vn 0.025969324735391576 0.9879377605313344 0.15265836200195354
vn 0.9989429515562968 -0.031440268214505206 0.03353340231163985
vn -0.025969324735391784 -0.9879377605313345 -0.15265836200195357
vn -0.037928534229287734 -0.15162615490386908 0.987709944994119
vn 0.037928534229287894 0.15162615490386877 -0.9877099449941192
usemtl m_98ffa785-34c5-62ec-93ff-1856b11d694b
f 9/25/7 10/26/7 11/27/7 12/28/7
f 13/29/8 9/30/8 12/31/8 14/32/8
f 15/33/9 13/34/9 14/35/9 16/36/9
f 10/37/10 15/38/10 16/39/10 11/40/10
f 16/41/11 14/42/11 12/43/11 11/44/11
f 10/45/12 9/46/12 13/47/12 15/48/12
o cube
v 0.08020592965215811 1.270758434314449 -0.3484104135861402
v 0.0552889813866817 0.6706192328337048 -0.25838595201697084
v 0.06857947460012181 0.6804027925025928 -0.18948627618406527
v 0.09349642286559823 1.280541993983337 -0.27951073775323465
v 0.15018273825605133 1.265931097705458 -0.3612232135510242
v 0.16347323146949144 1.275714657374346 -0.29232353771811864
v 0.12526578999057492 0.665791896224714 -0.27119875198185484
v 0.13855628320401503 0.6755754558936022 -0.20229907614894926
vt 0.32745503240860524 0.8333333333333334
vt 0.125 0.8333333333333334
vt 0.12500009306336132 0.8125018200956773
vt 0.3274548371063197 0.8125
vt 0.7273744113304143 0.812692598935638
vt 0.7273744113304143 0.7918611101113757
vt 0.748205285577872 0.7918592656023047
vt 0.7482077446637475 0.8126915899296345
vt 0.125 0.8750000000000001
vt 0.3274550324086054 0.875
vt 0.3274548371063199 0.8958333333333334
vt 0.12500009306336138 0.8958315132376562
vt 0.7480547289415814 0.8751925989356383
vt 0.727223240117319 0.8751925989356383
vt 0.7272242491233225 0.8543592656023049
vt 0.7480565734506524 0.8543617246881804
vt 0.375 0.7291666666666667
vt 0.5774569114930007 0.7291666666666667
vt 0.5774550888743833 0.7499998751716596
vt 0.3750002558414757 0.75
vt 0.39583357245559897 0.8958333333333334
vt 0.5982884054885568 0.8958333333333335
vt 0.598290244826284 0.9166665418370449
vt 0.3958333333333333 0.9166666666666666
vn -0.981390300003758 0.06770102005842317 0.17969321339878974
vn 0.04102466507196665 0.9881029360011049 -0.14822133693139303
vn 0.981390300003758 -0.06770102005842316 -0.17969321339878974
vn -0.04102466507196606 -0.9881029360011044 0.14822133693139602
vn 0.18759012744349574 0.1380911284226678 0.9724920484696457
vn -0.18759012744349562 -0.13809112842266774 -0.9724920484696455
usemtl m_98ffa785-34c5-62ec-93ff-1856b11d694b
f 17/49/13 18/50/13 19/51/13 20/52/13
f 21/53/14 17/54/14 20/55/14 22/56/14
f 23/57/15 21/58/15 22/59/15 24/60/15
f 18/61/16 23/62/16 24/63/16 19/64/16
f 24/65/17 22/66/17 20/67/17 19/68/17
f 18/69/18 17/70/18 21/71/18 23/72/18
o cube
v -0.11092419266900788 -0.4490410518923239 0.5029249817790389
v 0.4559679381717092 -0.9433353518438494 0.4010859706820342
v 0.4921039081452898 -0.9182243820822087 0.4803580267627372
v -0.0747882226954274 -0.4239300821306832 0.5821970378597419
v -0.06361353306582296 -0.38623983908853543 0.46146502611426676
v -0.027477563092242474 -0.3611288693268947 0.5407370821949697
v 0.5032785977748941 -0.880534139040061 0.359626015017262
v 0.5394145677484747 -0.8554231692784202 0.4388980710979651
vt 0.4196627794387648 0.8749999999999999
vt 0.16666739828273514 0.875
vt 0.16666666666666666 0.844777242748413
vt 0.4196620478226963 0.844777242748413
vt 0.7718257818925208 0.812692598935638
vt 0.7421962286500703 0.812692598935638
vt 0.7421964409064769 0.7824699686270854
vt 0.7718259941489274 0.7824699686270854
vt 0.2708340649494018 0.7406105760817463
vt 0.5238294461054315 0.7406105760817463
vt 0.523828714489363 0.7708333333333331
vt 0.2708333333333333 0.7708333333333334
vt 0.7416033638403743 0.8126925989356389
vt 0.7416033638403743 0.7830630456931883
vt 0.7718259941489269 0.7830628334367817
vt 0.7718259941489269 0.8126923866792325
vt 0.479166809914682 0.8245379478134617
vt 0.7321638191368214 0.8245379478134618
vt 0.7321636758888058 0.8541666666666666
vt 0.4791666666666667 0.8541666666666666
vt 0.7083333333333334 0.9078712811467952
vt 0.9613303425554727 0.9078712811467952
vt 0.961330485803488 0.9375
vt 0.7083334765813487 0.9375
vn -0.5322454527812822 -0.7065143505569693 0.4664249676536536
vn -0.7469040021760515 0.6512533351611074 0.13417714028451777
vn 0.5322454527812824 0.7065143505569695 -0.466424967653653
vn 0.7469040021760512 -0.6512533351611077 -0.1341771402845184
vn 0.3985588909145608 0.276959502271718 0.8743250222739584
vn -0.39855889091456087 -0.27695950227171806 -0.8743250222739581
usemtl m_98ffa785-34c5-62ec-93ff-1856b11d694b
f 25/73/19 26/74/19 27/75/19 28/76/19
f 29/77/20 25/78/20 28/79/20 30/80/20
f 31/81/21 29/82/21 30/83/21 32/84/21
f 26/85/22 31/86/22 32/87/22 27/88/22
f 32/89/23 30/90/23 28/91/23 27/92/23
f 26/93/24 25/94/24 29/95/24 31/96/24
o cube
v 0.565079234607673 0.013797877731412722 0.06745171948299722
v 0.37751286454937893 -0.45877974350113004 0.1399055427730227
v 0.3905937984786121 -0.4495437062253307 0.23401082955958818
v 0.5781601685369062 0.02303391500721208 0.1615570062695627
v 0.6468480968022057 -0.019891908494160226 0.05939209830398373
v 0.6599290307314387 -0.010655871218360868 0.1534973850905491
v 0.45928172674391154 -0.4924695297267031 0.1318459215940091
v 0.4723626606731448 -0.48323349245090375 0.2259512083805746
vt 0.5045263365587899 0.8125
vt 0.3333335626019586 0.8125
vt 0.3333333333333333 0.7806818228442155
vt 0.5045261072901646 0.7806818228442155
vt 0.7400054643890167 0.8335250316393511
vt 0.7400054643890167 0.8039257540991345
vt 0.771825994148926 0.803924636010424
vt 0.7718254793148982 0.8335259322689721
vt 0.29166689593529194 0.9056818228442155
vt 0.4628596698921232 0.9056818228442155
vt 0.4628594406234979 0.9375
vt 0.2916666666666667 0.9375
vt 0.771824876060216 0.8335259322689719
vt 0.7422255985199994 0.8335259322689718
vt 0.7422246978903785 0.8017059173430905
vt 0.7718259941489265 0.8017054025090626
vt 0.5 0.8453985126150364
vt 0.6711923818570873 0.8453985126150364
vt 0.671192773513599 0.875
vt 0.5000003916565118 0.875
vt 0.5625003916565118 0.9078985126150364
vt 0.733692773513599 0.9078985126150364
vt 0.7336923818570872 0.9375
vt 0.5625 0.9375
vn -0.9207816358490801 0.37937346368338043 0.0907576670919144
vn 0.36521638483553626 0.9201707658312432 -0.14107712060148128
vn 0.9207816358490805 -0.3793734636833806 -0.0907576670919131
vn -0.36521638483553764 -0.9201707658312429 0.14107712060148142
vn 0.13703346792208598 0.0967550348168931 0.9858297479315729
vn -0.13703346792208462 -0.09675503481689374 -0.985829747931573
usemtl m_98ffa785-34c5-62ec-93ff-1856b11d694b
f 33/97/25 34/98/25 35/99/25 36/100/25
f 37/101/26 33/102/26 36/103/26 38/104/26
f 39/105/27 37/106/27 38/107/27 40/108/27
f 34/109/28 39/110/28 40/111/28 35/112/28
f 40/113/29 38/114/29 36/115/29 35/116/29
f 34/117/30 33/118/30 37/119/30 39/120/30
o cube
v 0.6675673707733505 0.5345687222502344 0.08879154369354003
v 0.5795919087151664 -0.0071787485914092675 0.07617308628992481
v 0.5810532264052022 -0.00895373619647627 0.14219026415724256
v 0.6690286884633863 0.5327937346451672 0.15480872156085768
v 0.7347778458678744 0.5236957396002138 0.08701147266594456
v 0.7362391635579102 0.5219207519951468 0.1530286505332622
v 0.6468023838096904 -0.01805173124142978 0.07439301526232933
v 0.6482637014997261 -0.019826718846496783 0.1404101931296471
vt 0.43299762045802265 0.8125
vt 0.2500006454313201 0.8124999999999999
vt 0.25 0.7916666666666666
vt 0.4329969750267026 0.7916666666666666
vt 0.7491225519001171 0.7710259322689722
vt 0.7699550231565794 0.7710259322689722
vt 0.7699558852334505 0.7918573218809124
vt 0.749123731334957 0.7918592656023055
vt 0.22916731209798677 0.875
vt 0.4121642871246894 0.875
vt 0.41216364169336933 0.8958333333333334
vt 0.22916666666666666 0.8958333333333333
vt 0.7706394259902914 0.7918601276791764
vt 0.7706394259902914 0.8126925989356387
vt 0.7498060926569581 0.8126914195007987
vt 0.7498080363783511 0.7918592656023054
vt 0.4791675224997735 0.8333333333333334
vt 0.6621641629634906 0.8333333333333335
vt 0.6621633071303838 0.8541666666666666
vt 0.4791666666666667 0.8541666666666666
vt 0.4583333333333333 0.8958333333333334
vt 0.6413299737970505 0.8958333333333335
vt 0.6413308296301571 0.9166666666666666
vt 0.4583341891664401 0.9166666666666666
vn -0.9868285541694503 0.15964430742289898 0.02613617767186597
vn 0.16024987238036004 0.9868088332100878 0.022984888527544302
vn 0.9868285541694504 -0.15964430742289903 -0.026136177671866025
vn -0.16024987238035757 -0.9868088332100882 -0.02298488852754102
vn 0.022122004382773338 -0.026870463449806415 0.9993941140091237
vn -0.02212200438277321 0.0268704634498066 -0.9993941140091237
usemtl m_98ffa785-34c5-62ec-93ff-1856b11d694b
f 41/121/31 42/122/31 43/123/31 44/124/31
f 45/125/32 41/126/32 44/127/32 46/128/32
f 47/129/33 45/130/33 46/131/33 48/132/33
f 42/133/34 47/134/34 48/135/34 43/136/34
f 48/137/35 46/138/35 44/139/35 43/140/35
f 42/141/36 41/142/36 45/143/36 47/144/36
o cube
v 0.10184567753630314 1.6054429785335245 -0.3375986461184199
v 0.08842824226214097 1.2667697785512841 -0.3434439860888606
v 0.09266189607980402 1.2656442519243867 -0.28795004904409693
v 0.10607933135396619 1.6043174519066272 -0.2821047090736562
v 0.15553604903003193 1.6033873080042937 -0.34173639828362906
v 0.15976970284769498 1.6022617813773965 -0.2862424612388654
v 0.14211861375586976 1.2647141080220534 -0.34758173825406974
v 0.1463522675735328 1.263588581395156 -0.29208780120930605
vt 0.5208336377396127 0.7731107937172664
vt 0.6338296687739543 0.7731107937172665
vt 0.633829406504418 0.7916645837594981
vt 0.5208333333333334 0.7916666666666666
vt 0.7538623768556315 0.7941364083761437
vt 0.7718249353299816 0.7941364083761437
vt 0.771825994148927 0.8126925989356387
vt 0.7538634356745771 0.8126925989356387
vt 0.5 0.8356107937172664
vt 0.6129960310343415 0.8356107937172664
vt 0.612996335440621 0.8541666666666666
vt 0.5000002622695363 0.8541645837594981
vt 0.7718259941489277 0.7947300404612886
vt 0.7718259941489277 0.8126925989356387
vt 0.7532698035894324 0.8126915401166931
vt 0.7532698035894326 0.7947289816423431
vt 0.20833333333333334 0.8153702518611802
vt 0.3213280781141871 0.8153702518611804
vt 0.32132825626590883 0.8333333333333334
vt 0.20833351148505516 0.8333333333333331
vt 0.31250017815172176 0.919536918527847
vt 0.42549492293257557 0.919536918527847
vt 0.42549474478085375 0.9375
vt 0.3125 0.9375
vn -0.9963178154593973 0.03814652635112868 0.07678315652248885
vn 0.03958070672371171 0.9990675810817455 0.017243436047415465
vn 0.9963178154593973 -0.038146526351128696 -0.07678315652248865
vn -0.03958070672371199 -0.9990675810817456 -0.01724343604741944
vn 0.07605378526717792 -0.020219074133416143 0.9968986963517013
vn -0.0760537852671779 0.020219074133416316 -0.9968986963517013
usemtl m_98ffa785-34c5-62ec-93ff-1856b11d694b
f 49/145/37 50/146/37 51/147/37 52/148/37
f 53/149/38 49/150/38 52/151/38 54/152/38
f 55/153/39 53/154/39 54/155/39 56/156/39
f 50/157/40 55/158/40 56/159/40 51/160/40
f 56/161/41 54/162/41 52/163/41 51/164/41
f 50/165/42 49/166/42 53/167/42 55/168/42
o cube
v 0.20998775658442237 -0.2191419972056743 0.010444373920125205
v 0.48745344681574143 -1.084836280973403 0.43280909521716304
v 0.5061664803227892 -1.010679093020466 0.5725111725393237
v 0.22870079009147015 -0.1449848092527375 0.15014645124228587
v 0.3709423987789552 -0.18652117379923627 -0.028431341095247975
v 0.38965543228600297 -0.11236398584629947 0.11127073622691264
v 0.6484080890102744 -1.0522154575669649 0.3939333802017899
v 0.6671211225173221 -0.9780582696140282 0.5336354575239506
vt 0.47996736397676804 0.35416666666666663
vt 0.14583333333333334 0.35416666666666663
vt 0.14583365835988138 0.3010786260518733
vt 0.47996768900331604 0.30107862605187297
vt 0.7718256990380349 0.8335259322689703
vt 0.7155703624856242 0.8335259322689703
vt 0.7155706575965154 0.7804377454740735
vt 0.7718259941489262 0.7804377454740735
vt 0.4166666666666667 0.9052452927185396
vt 0.7508006973101015 0.9052452927185398
vt 0.7508010223366494 0.9583333333333334
vt 0.4166669916932146 0.9583333333333331
vt 0.7187378073540308 0.8335259322689715
vt 0.7187378073540308 0.7772705957165609
vt 0.7718259941489277 0.7772703006056697
vt 0.7718259941489277 0.8335256371580805
vt 0.2916670089197327 0.8187437655857314
vt 0.6257988261292008 0.8187437655857314
vt 0.6258000618799572 0.874997511936598
vt 0.2916666666666667 0.875
vt 0.2708333333333333 0.7562437655898395
vt 0.6049667285558873 0.7562437655898396
vt 0.6049659116883959 0.8124975119483485
vt 0.27083409448819123 0.8125
vn -0.95371697995094 -0.19329068586353376 0.2303532784912406
vn -0.27680136695063945 0.863621591947061 -0.4213534729619319
vn 0.95371697995094 0.19329068586353373 -0.23035327849124057
vn 0.2768013669506391 -0.8636215919470613 0.4213534729619315
vn 0.11749436330103584 0.4656140640930303 0.8771537025580269
vn -0.11749436330103556 -0.4656140640930304 -0.877153702558027
usemtl m_98ffa785-34c5-62ec-93ff-1856b11d694b
f 57/169/43 58/170/43 59/171/43 60/172/43
f 61/173/44 57/174/44 60/175/44 62/176/44
f 63/177/45 61/178/45 62/179/45 64/180/45
f 58/181/46 63/182/46 64/183/46 59/184/46
f 64/185/47 62/186/47 60/187/47 59/188/47
f 58/189/48 57/190/48 61/191/48 63/192/48
o cube
v -0.4192375867849992 -0.03845291528251027 0.5512176938873503
v -0.09397777673194274 -0.45297370624442945 0.5037881989201036
v -0.06252583242480991 -0.4363176540710508 0.573908564153216
v -0.38778564247786645 -0.021796863109131592 0.6213380591204627
v -0.3701559660514451 0.0037250206758047133 0.5191837719841317
v -0.33870402174431224 0.020381072849183335 0.5893041372172441
v -0.044896155998388476 -0.4107957702861145 0.471754277016885
v -0.013444211691255703 -0.39413971811273585 0.5418746422499974
vt 0.28050927192092434 0.7916666666666666
vt 0.10416754734014044 0.7916666666666665
vt 0.10416666666666667 0.7708333333333334
vt 0.28050839124745036 0.7708333333333335
vt 0.7500000000000006 0.8958333333333323
vt 0.7500000000000008 0.8750011959859609
vt 0.7708333333333339 0.8749999999999989
vt 0.7708333333333338 0.8958321373473701
vt 0.12500088067347379 0.875
vt 0.30134260525425755 0.875
vt 0.30134172458078373 0.8958333333333333
vt 0.125 0.8958333333333334
vt 0.7247809572233322 0.8126914029496765
vt 0.7247809572233322 0.7918592656023052
vt 0.7456142905566656 0.7918604615882673
vt 0.7456142905566656 0.8126925989356385
vt 0.3125 0.7708333333333334
vt 0.48884324352123704 0.7708333333333334
vt 0.48884376420223696 0.7916666666666666
vt 0.31250052068100004 0.7916666666666666
vt 0.39583385401433335 0.8333333333333335
vt 0.5721770975355703 0.8333333333333334
vt 0.5721765768545702 0.8541666666666665
vt 0.3958333333333333 0.8541666666666666
vn -0.6797150530489364 -0.5841082170662997 0.4436271378244463
vn -0.6148249232092118 0.7835511969038251 0.08965397722003358
vn 0.6797150530489365 0.5841082170662997 -0.44362713782444607
vn 0.6148249232092106 -0.7835511969038259 -0.08965397722003285
vn 0.3999721996082604 0.21181386306427502 0.8917158330736976
vn -0.39997219960826075 -0.21181386306427513 -0.8917158330736974
usemtl m_98ffa785-34c5-62ec-93ff-1856b11d694b
f 65/193/49 66/194/49 67/195/49 68/196/49
f 69/197/50 65/198/50 68/199/50 70/200/50
f 71/201/51 69/202/51 70/203/51 72/204/51
f 66/205/52 71/206/52 72/207/52 67/208/52
f 72/209/53 70/210/53 68/211/53 67/212/53
f 66/213/54 65/214/54 69/215/54 71/216/54
o cube
v -0.26509835505700063 1.0105177070433 -0.2012139674030335
v 0.06843168225941065 0.6217059055737835 -0.1895153672415063
v 0.1082084464593176 0.656935668375275 -0.15267319071444307
v -0.2253215908570937 1.0457474698447913 -0.16437179087597026
v -0.23722148557873257 1.0328819873965238 -0.2526968094806585
v -0.19744472137882563 1.0681117501980153 -0.21585463295359525
v 0.09630855173767872 0.6440701859270075 -0.2409982093191313
v 0.13608531593758566 0.6792999487284987 -0.20415603279206807
vt 0.3791343357236434 0.7916666666666666
vt 0.20833333333333334 0.7916666666666666
vt 0.20833383078520176 0.7708333333333334
vt 0.37913483317551183 0.7708333333333334
vt 0.7291666666666655 0.7916662746345058
vt 0.7291666666666655 0.7708333333333338
vt 0.7499999999999988 0.7708337253654951
vt 0.7499999999999988 0.7916666666666672
vt 0.375 0.8333333333333334
vt 0.54580100239031 0.8333333333333334
vt 0.5458014998421786 0.8541666666666666
vt 0.37500049745186853 0.8541666666666666
vt 0.791940686737774 0.854359265602305
vt 0.791940686737774 0.833526324301133
vt 0.8127740200711072 0.8335259322689718
vt 0.8127740200711072 0.8543588735701437
vt 0.4791666666666667 0.7291666666666667
vt 0.6499669482889665 0.7291666666666667
vt 0.6499654201986061 0.75
vt 0.47916702384959314 0.7499991158635373
vt 0.5625004656185972 0.8750000000000001
vt 0.7332988619699113 0.875
vt 0.7333002816199988 0.8958333333333334
vt 0.5625 0.8958324491871119
vn -0.4448066932458598 -0.35684715597265465 0.8214664405305377
vn -0.650917324973484 0.7588052331567507 -0.022830991728196203
vn 0.44480669324585964 0.3568471559726547 -0.821466440530538
vn 0.6509173249734853 -0.75880523315675 0.022830991728193983
vn 0.6151858594709777 0.5448621159597685 0.5697996427682263
vn -0.6151858594709786 -0.5448621159597693 -0.5697996427682246
usemtl m_98ffa785-34c5-62ec-93ff-1856b11d694b
f 73/217/55 74/218/55 75/219/55 76/220/55
f 77/221/56 73/222/56 76/223/56 78/224/56
f 79/225/57 77/226/57 78/227/57 80/228/57
f 74/229/58 79/230/58 80/231/58 75/232/58
f 80/233/59 78/234/59 76/235/59 75/236/59
f 74/237/60 73/238/60 77/239/60 79/240/60
o cube
v -0.47049792342945834 1.3100290517675346 -0.13736644273713378
v -0.2520854759106795 1.0152585705092143 -0.20130489867401763
v -0.221028456094771 1.0327153284108919 -0.17569428986668634
v -0.4394409036135498 1.3274858096692121 -0.11175583392980248
v -0.45206745698304585 1.3317436642469878 -0.17451753515290114
v -0.4210104371671373 1.3492004221486653 -0.14890692634556985
v -0.23365500946426698 1.0369731829886675 -0.238455991089785
v -0.2025979896483585 1.054429940890345 -0.21284538228245375
vt 0.43663475919886 0.8958333333333334
vt 0.31250196442710276 0.8958333333333334
vt 0.3125 0.8812075569842078
vt 0.4366346561925727 0.8812066213612465
vt 0.7500000000000003 0.7708333333333329
vt 0.7500000000000003 0.7552285750557184
vt 0.7646238252859016 0.7552274052068807
vt 0.7646267629804863 0.7708323882200778
vt 0.5416686310937694 0.8187066213612464
vt 0.6658014258655267 0.8187066213612464
vt 0.6658013228592393 0.8333333333333334
vt 0.5416666666666666 0.8333323977103718
vt 0.7363658978351076 0.7918580957534672
vt 0.7363658978351076 0.7762533374758528
vt 0.7509926608155936 0.7762542825891077
vt 0.750989723121009 0.7918592656023049
vt 0.27083347658342904 0.8177293456570023
vt 0.3949668530806076 0.8177293456570024
vt 0.3949667098305119 0.8333333333333334
vt 0.2708333333333333 0.8333333333333334
vt 0.5 0.921896012323669
vt 0.6241333764971786 0.921896012323669
vt 0.6241335197472742 0.9375
vt 0.5000001432500957 0.9375
vn -0.39370822849478954 -0.46386355096294607 0.7936147912580391
vn -0.5864995905445238 0.7915426456990398 0.1716929536436211
vn 0.39370822849478926 0.4638635509629458 -0.7936147912580396
vn 0.586499590544524 -0.7915426456990395 -0.17169295364362078
vn 0.7078220546907263 0.39785782149884946 0.5836926355245439
vn -0.7078220546907262 -0.39785782149884974 -0.5836926355245439
usemtl m_98ffa785-34c5-62ec-93ff-1856b11d694b
f 81/241/61 82/242/61 83/243/61 84/244/61
f 85/245/62 81/246/62 84/247/62 86/248/62
f 87/249/63 85/250/63 86/251/63 88/252/63
f 82/253/64 87/254/64 88/255/64 83/256/64
f 88/257/65 86/258/65 84/259/65 83/260/65
f 82/261/66 81/262/66 85/263/66 87/264/66
o cube
v -0.7242813497663962 0.32680363888246544 0.7547340338196302
v -0.40636890186172725 -0.04241242837587822 0.5486220295262434
v -0.3813738337818745 -0.04232998627952478 0.5870273827678241
v -0.6992862816865435 0.3268860809788189 0.7931393870612109
v -0.6916791218223475 0.3667685172889098 0.733429980443892
v -0.6666840537424947 0.36685095938526324 0.7718353336854726
v -0.37376667391767837 -0.002447549969433749 0.5273179761505051
v -0.3487716058378256 -0.0023651078730803077 0.5657233293920858
vt 0.5721774254946347 0.7916666666666666
vt 0.3958351739774815 0.7916666666666666
vt 0.3958333333333333 0.7763916207465382
vt 0.5721776681769103 0.7763916153809464
vt 0.7718259941489268 0.8126925989356377
vt 0.7532238491019912 0.8126925989356377
vt 0.7532240912895629 0.7974196309762472
vt 0.771824147643685 0.7974175530162168
vt 0.22916850731081487 0.8597249487142798
vt 0.405510758827968 0.8597249487142797
vt 0.40551100151024366 0.875
vt 0.22916666666666666 0.8749999946344081
vt 0.756550948229506 0.8126925989356374
vt 0.756550948229506 0.794090453888702
vt 0.7718259941489269 0.7940923003939436
vt 0.7718239161888963 0.8126923567480658
vt 0.5625 0.8355637891222271
vt 0.7388435683712418 0.8355637891222271
vt 0.7388422103943769 0.8541652126759592
vt 0.5625001340649579 0.8541666666666666
vt 0.5 0.9188971224550874
vt 0.6763420763354132 0.9188971224550871
vt 0.6763435876863199 0.9374985459969901
vt 0.5000000193210726 0.9375
vn -0.5842393469340194 -0.7161797193906376 0.3817734865436026
vn -0.6009365139159282 0.6979135853356394 0.3896048429454192
vn 0.5842393469340188 0.7161797193906381 -0.3817734865436023
vn 0.6009365139159283 -0.6979135853356393 -0.3896048429454194
vn 0.545471989873618 0.0017991491042792691 0.8381271212207705
vn -0.5454719898736183 -0.001799149104279269 -0.8381271212207705
usemtl m_98ffa785-34c5-62ec-93ff-1856b11d694b
f 89/265/67 90/266/67 91/267/67 92/268/67
f 93/269/68 89/270/68 92/271/68 94/272/68
f 95/273/69 93/274/69 94/275/69 96/276/69
f 90/277/70 95/278/70 96/279/70 91/280/70
f 96/281/71 94/282/71 92/283/71 91/284/71
f 90/285/72 89/286/72 93/287/72 95/288/72