# Made in Blockbench 4.8.1
mtllib poplar_twig_branch_up.mtl

o cube
v 0.4165914176425114 0.4816745582375881 -0.3917123768181706
v 0.3048113947832375 0.4710661413595376 -0.40013378845250497
v 0.42853121252557 0.4339469195444796 -0.49007069167892325
v 0.3167511896662961 0.42333850266642903 -0.4984921033132576
v 0.35441354218957744 -0.3868371693647358 0.022178639047565563
v 0.46619356504885134 -0.3762287524866852 0.03060005068189997
v 0.36635333707263606 -0.43456480805784437 -0.07617967581318702
v 0.47813335993191 -0.4239563911797938 -0.06775826417885267
vt 0.3515625 0.3151208333333342
vt 0.3515625 0.4747041666666667
vt 0.3653095703125 0.4747041666666667
vt 0.3653095703125 0.3151208333333342
vt 0.3515625 0.643437890625
vt 0.3515625 0.6622041666666667
vt 0.3653095703125 0.6622041666666667
vt 0.3653095703125 0.643437890625
vt 0.3984375 0.2942875000000008
vt 0.3984375 0.45387083333333333
vt 0.4121845703125 0.45387083333333333
vt 0.4121845703125 0.2942875000000008
vt 0.34375 0.5392712239583333
vt 0.34375 0.5580375
vt 0.3574970703125 0.5580375
vt 0.3574970703125 0.5392712239583333
vt 0.359375 0.1380375000000008
vt 0.359375 0.29762083333333333
vt 0.37344970703125 0.29762083333333333
vt 0.37344970703125 0.1380375000000008
vt 0.3984375 0.7109541666666674
vt 0.3984375 0.8705375000000001
vt 0.41251220703125 0.8705375000000001
vt 0.41251220703125 0.7109541666666674
vn -0.9927384510658828 -0.09421525484062238 -0.07479206863450465
vn -0.05180380930166077 0.895982569947026 -0.44105736553532365
vn 0.9927384510658828 0.09421525484062238 0.07479206863450465
vn 0.05180380930166077 -0.895982569947026 0.44105736553532365
vn -0.10856672196004187 0.4339800918319175 0.8943570577663104
vn 0.10856672196004187 -0.4339800918319175 -0.8943570577663104
usemtl m_890a103a-2c95-a057-8483-4c3958a0f191
f 4/4/1 7/3/1 5/2/1 2/1/1
f 3/8/2 4/7/2 2/6/2 1/5/2
f 8/12/3 3/11/3 1/10/3 6/9/3
f 7/16/4 8/15/4 6/14/4 5/13/4
f 6/20/5 1/19/5 2/18/5 5/17/5
f 7/24/6 4/23/6 3/22/6 8/21/6
o cube
v 0.5991480784257937 -1.0507438717282815 0.43880740155939446
v 0.5915924960187153 -1.0016544509129566 0.5916681713473335
v 0.44029137707624194 -1.0751942590052754 0.4388074045174776
v 0.49907240833284827 -0.39788726265812124 -0.11199203630244614
v 0.49068655836166764 -0.3434035040264547 0.06867108608457373
v 0.33103158213096245 -0.3679767575711723 0.0686710890575215
v 0.33941743210214304 -0.42246051620283875 -0.11199203332949836
v 0.4327357946691637 -1.0261048381899507 0.5916681743054165
vt 0.3951921875 0.4476854166666667
vt 0.375 0.4476854166666667
vt 0.375 0.47916666666666663
vt 0.3951921875 0.47916666666666663
vt 0.3717546875 0.18999791666666666
vt 0.3515625 0.18999791666666666
vt 0.35161328125 0.33333333333333337
vt 0.37170390625 0.33333333333333337
vt 0.37946562500000003 0.0625
vt 0.37946562500000003 0.035712499999999925
vt 0.359375 0.035712499999999925
vt 0.359375 0.0625
vt 0.3854522314712625 0.7647259722348183
vt 0.38882255706825686 0.9057809672366701
vt 0.40745442722255903 0.8957595241135482
vt 0.4071854513074069 0.7524256995740312
vt 0.40379440785580567 0.6085418164845959
vt 0.3817313709039121 0.597333911108596
vt 0.3854830914002776 0.7405808689494315
vt 0.4043834491323047 0.7496670696927366
vt 0.3359375 0.6505395833333334
vt 0.33598828125 0.7916666666666666
vt 0.35607890625 0.7916666666666666
vt 0.3561296875 0.6505395833333334
vn -0.1455008425997391 0.9453340257486892 -0.2918442813634398
vn 0.09742851495610924 -0.6330032567486362 -0.7679938550659552
vn 0.14467795721221974 -0.9399876519850562 0.30901699437493724
vn 0.9884348765408468 0.15164587103153213 0.00015696104235615288
vn -0.9882872342220662 -0.15260511312001326 0.00014873912403731465
vn -0.09395827017107239 0.6104567187913436 0.7864568888050801
usemtl m_890a103a-2c95-a057-8483-4c3958a0f191
f 14/25/7 13/26/7 12/27/7 15/28/7
f 15/29/8 12/30/8 9/31/8 11/32/8
f 9/33/9 10/34/9 16/35/9 11/36/9
f 13/37/10 10/38/10 9/39/10 12/40/10
f 14/41/11 15/42/11 11/43/11 16/44/11
f 14/45/12 16/46/12 10/47/12 13/48/12
o cube
v 0.35970017833616375 1.0848402733988918 -0.6202142552921476
v 0.28873204837264954 1.0798772956814404 -0.6221567170443734
v 0.36291063795516476 1.063981591186455 -0.6842150729688471
v 0.29194250799165067 1.0590186134690038 -0.6861575347210729
v 0.32961161162792696 0.408931939494557 -0.40143644085907987
v 0.40057974159144105 0.4138949172120081 -0.39949397910685414
v 0.332822071246928 0.3880732572821204 -0.46543725853577933
v 0.40379020121044207 0.3930362349995715 -0.4634947967835536
vt 0.40625 0.6692875000000003
vt 0.40625 0.7872041666666667
vt 0.4146738281250001 0.7872041666666667
vt 0.4146738281250001 0.6692875000000003
vt 0.3125 0.6295095052083333
vt 0.3125 0.6413708333333334
vt 0.3209238281250001 0.6413708333333334
vt 0.3209238281250001 0.6295095052083333
vt 0.3125 0.8255375000000001
vt 0.3125 0.9434541666666667
vt 0.3209238281250001 0.9434541666666667
vt 0.3209238281250001 0.8255375000000001
vt 0.34375 0.546176171875
vt 0.34375 0.5580375
vt 0.3521738281250001 0.5580375
vt 0.3521738281250001 0.546176171875
vt 0.375 0.7734541666666669
vt 0.375 0.8913708333333333
vt 0.38389599609375 0.8913708333333333
vt 0.38389599609375 0.7734541666666669
vt 0.3515625 0.7012499999999997
vt 0.3515625 0.5833333333333333
vt 0.36045849609375 0.5833333333333333
vt 0.36045849609375 0.7012499999999997
vn -0.9971920122212834 -0.06973611590468747 -0.027294045149008513
vn -0.05778030142088687 0.9483326589213916 -0.3119721218166698
vn 0.9971920122212834 0.06973611590468747 0.027294045149008513
vn 0.05778030142088687 -0.9483326589213916 0.3119721218166698
vn -0.04763955845491832 0.30951904975560324 0.9496991262018772
vn 0.04763955845491832 -0.30951904975560324 -0.9496991262018772
usemtl m_890a103a-2c95-a057-8483-4c3958a0f191
f 20/52/13 23/51/13 21/50/13 18/49/13
f 19/56/14 20/55/14 18/54/14 17/53/14
f 24/60/15 19/59/15 17/58/15 22/57/15
f 23/64/16 24/63/16 22/62/16 21/61/16
f 22/68/17 17/67/17 18/66/17 21/65/17
f 23/72/18 20/71/18 19/70/18 24/69/18
o cube
v 0.8286154710293543 0.22461033454682688 -0.08870252324582673
v 0.7803302707153463 0.2472343030578632 -0.06597080357097296
v 0.8552461207387045 0.22986570424516506 -0.03736593482088579
v 0.8069609204246968 0.2524896727562014 -0.014634215146032026
v 0.9522194845498801 0.7560124467912319 -0.20722169118689499
v 1.000504684863888 0.7333884782801956 -0.22995341086174875
v 0.9788501342592306 0.7612678164895701 -0.15588510276195405
v 1.0271353345732384 0.7386438479785338 -0.17861682243680782
vt 0.3671875 0.6726208333333334
vt 0.3671875 0.5800716100000003
vt 0.3744463908046875 0.5800716100000003
vt 0.3744463908046875 0.6726208333333334
vt 0.34375 0.5580375
vt 0.34375 0.5483765309895834
vt 0.3510088908046875 0.5483765309895834
vt 0.3510088908046875 0.5580375
vt 0.3125 0.9434541666666667
vt 0.3125 0.8509049433333338
vt 0.3197588908046875 0.8509049433333338
vt 0.3197588908046875 0.9434541666666667
vt 0.3359375 0.5163708333333334
vt 0.3359375 0.5067098643229166
vt 0.3431963908046875 0.5067098643229166
vt 0.3431963908046875 0.5163708333333334
vt 0.40625 0.7767875000000001
vt 0.40625 0.684238276666667
vt 0.41349572675781254 0.684238276666667
vt 0.41349572675781254 0.7767875000000001
vt 0.359375 0.4122041666666667
vt 0.359375 0.31965494333333366
vt 0.36662072675781254 0.31965494333333366
vt 0.36662072675781254 0.4122041666666667
vn -0.8329944311994908 0.3902984694848325 0.392157343815508
vn -0.30954557233369673 -0.9162298097682064 0.2543707419117235
vn 0.8329944311994908 -0.3902984694848325 -0.392157343815508
vn 0.30954557233369673 0.9162298097682064 -0.2543707419117235
vn -0.4585867597731549 -0.09049884203631495 -0.8840294923535329
vn 0.4585867597731549 0.09049884203631495 0.8840294923535329
usemtl m_890a103a-2c95-a057-8483-4c3958a0f191
f 28/76/19 31/75/19 29/74/19 26/73/19
f 27/80/20 28/79/20 26/78/20 25/77/20
f 32/84/21 27/83/21 25/82/21 30/81/21
f 31/88/22 32/87/22 30/86/22 29/85/22
f 30/92/23 25/91/23 26/90/23 29/89/23
f 31/96/24 28/95/24 27/94/24 32/93/24
o cube
v 0.4808759616986429 -0.48133880991397016 -0.015458490030060279
v 0.4094847614561212 -0.44160211377349423 0.015869078224939992
v 0.5140612703441396 -0.48689327768314206 0.06721167420053975
v 0.44267007010161796 -0.44715658154266613 0.09853924245553991
v 0.7701491594434886 0.28217100696070296 -0.08027909043201542
v 0.8415403596860103 0.24243431082022715 -0.11160665868701564
v 0.8033344680889853 0.27661653919153095 0.0023910737985846087
v 0.874725668331507 0.23687984305105503 -0.028936494456415662
vt 0.390625 0.5892875
vt 0.390625 0.4535620000000006
vt 0.40178188750000005 0.4535620000000006
vt 0.40178188750000005 0.5892875
vt 0.34375 0.5580375
vt 0.34375 0.5434533333333333
vt 0.35490688750000005 0.5434533333333333
vt 0.35490688750000005 0.5580375
vt 0.34375 0.6830375
vt 0.34375 0.5473120000000005
vt 0.35490688750000005 0.5473120000000005
vt 0.35490688750000005 0.6830375
vt 0.3359375 0.5163708333333334
vt 0.3359375 0.5017866666666666
vt 0.34709438750000005 0.5017866666666666
vt 0.34709438750000005 0.5163708333333334
vt 0.3828125 0.7247041666666667
vt 0.3828125 0.5889786666666672
vt 0.393750625 0.5889786666666672
vt 0.393750625 0.7247041666666667
vt 0.3671875 0.36809166666666604
vt 0.3671875 0.23236616666666654
vt 0.378125625 0.23236616666666654
vt 0.378125625 0.36809166666666604
vn -0.8158528111824646 0.4541077211642278 0.35800889383463935
vn -0.4428845942574887 -0.8887707428279872 0.11806694229278414
vn 0.8158528111824646 -0.4541077211642278 -0.35800889383463935
vn 0.4428845942574887 0.8887707428279872 -0.11806694229278414
vn -0.37180294062184305 0.06223137690924077 -0.9262234228699522
vn 0.37180294062184305 -0.06223137690924077 0.9262234228699522
usemtl m_890a103a-2c95-a057-8483-4c3958a0f191
f 36/100/25 39/99/25 37/98/25 34/97/25
f 35/104/26 36/103/26 34/102/26 33/101/26
f 40/108/27 35/107/27 33/106/27 38/105/27
f 39/112/28 40/111/28 38/110/28 37/109/28
f 38/116/29 33/115/29 34/114/29 37/113/29
f 39/120/30 36/119/30 35/118/30 40/117/30
o cube
v -0.34887327810140384 -0.03360279786886866 0.1128395485748841
v -0.38936468598557655 -0.05403314648181812 0.12890503854907864
v -0.36041029921835915 -0.04721528040057443 0.06645079898663797
v -0.40090170710253187 -0.06764562901352389 0.0825162889608324
v -0.21125176306531918 -0.36915763907636445 0.17707909190594018
v -0.17076035518114646 -0.3487272904634151 0.16101360193174563
v -0.22278878418227455 -0.38277012160807034 0.13069034231769394
v -0.18229737629810183 -0.36233977299512077 0.1146248523434995
vt 0.3515625 0.6517875
vt 0.3515625 0.5909260000000005
vt 0.3577752875000001 0.5909260000000005
vt 0.3577752875000001 0.6517875
vt 0.328125 0.5059541666666667
vt 0.328125 0.4979349999999999
vt 0.3343377875000001 0.4979349999999999
vt 0.3343377875000001 0.5059541666666667
vt 0.421875 0.45387083333333333
vt 0.421875 0.3930093333333339
vt 0.4280877875000001 0.3930093333333339
vt 0.4280877875000001 0.45387083333333333
vt 0.34375 0.5580375
vt 0.34375 0.5500183333333333
vt 0.3499627875000001 0.5500183333333333
vt 0.3499627875000001 0.5580375
vt 0.42788937500000007 0.268009333333334
vt 0.42788937500000007 0.32887083333333333
vt 0.421875 0.32887083333333333
vt 0.421875 0.268009333333334
vt 0.41226437500000007 0.6846760000000005
vt 0.41226437500000007 0.7455375
vt 0.40625 0.7455375
vt 0.40625 0.6846760000000005
vn -0.8415547726108787 -0.42461495610411065 0.3338977444496389
vn -0.4877547735986869 0.8629552141461879 -0.13192262584409406
vn 0.8415547726108787 0.42461495610411065 -0.3338977444496389
vn 0.4877547735986869 -0.8629552141461879 0.13192262584409406
vn 0.23212247958253832 0.2738803341436024 0.9333320507953442
vn -0.23212247958253832 -0.2738803341436024 -0.9333320507953442
usemtl m_890a103a-2c95-a057-8483-4c3958a0f191
f 44/124/31 47/123/31 45/122/31 42/121/31
f 43/128/32 44/127/32 42/126/32 41/125/32
f 48/132/33 43/131/33 41/130/33 46/129/33
f 47/136/34 48/135/34 46/134/34 45/133/34
f 46/140/35 41/139/35 42/138/35 45/137/35
f 47/144/36 44/143/36 43/142/36 48/141/36
o cube
v -0.16567628096620612 -0.3086217972139088 0.16920962287731256
v -0.22670886362539777 -0.348572235343933 0.20047924986850174
v -0.1738541193141333 -0.35014323499906896 0.10019971025964369
v -0.23488670197332495 -0.39009367312909315 0.13146933725083287
v 0.0826869862720041 -0.6894189453674671 0.36889355120124256
v 0.14371956893119564 -0.6494685072374429 0.3376239242100534
v 0.07450914792407692 -0.7309403831526273 0.2998836385835737
v 0.13554173058326846 -0.6909899450226031 0.2686140115923845
vt 0.34375 0.4122041666666667
vt 0.34375 0.3305093333333339
vt 0.35386903750000004 0.3305093333333339
vt 0.35386903750000004 0.4122041666666667
vt 0.34375 0.6622041666666667
vt 0.34375 0.6489766666666665
vt 0.35386903750000004 0.6489766666666665
vt 0.35386903750000004 0.6622041666666667
vt 0.328125 0.8913708333333333
vt 0.328125 0.8096760000000005
vt 0.33824403750000004 0.8096760000000005
vt 0.33824403750000004 0.8913708333333333
vt 0.34375 0.5580375
vt 0.34375 0.54481
vt 0.35386903750000004 0.54481
vt 0.35386903750000004 0.5580375
vt 0.40054562500000007 0.632592666666667
vt 0.40054562500000007 0.7142875
vt 0.390625 0.7142875
vt 0.390625 0.632592666666667
vt 0.42398312500000007 0.6846760000000005
vt 0.42398312500000007 0.7663708333333333
vt 0.4140625 0.7663708333333333
vt 0.4140625 0.6846760000000005
vn -0.7690113105171219 -0.5033760238143263 0.3939976940866756
vn -0.6312024014113563 0.6953657004493053 -0.34358415430747685
vn 0.7690113105171219 0.5033760238143263 -0.3939976940866756
vn 0.6312024014113563 -0.6953657004493053 0.34358415430747685
vn 0.10102045708308663 0.5129123914349565 0.8524762436356796
vn -0.10102045708308663 -0.5129123914349565 -0.8524762436356796
usemtl m_890a103a-2c95-a057-8483-4c3958a0f191
f 52/148/37 55/147/37 53/146/37 50/145/37
f 51/152/38 52/151/38 50/150/38 49/149/38
f 56/156/39 51/155/39 49/154/39 54/153/39
f 55/160/40 56/159/40 54/158/40 53/157/40
f 54/164/41 49/163/41 50/162/41 53/161/41
f 55/168/42 52/167/42 51/166/42 56/165/42
o cube
v 0.12940596833339346 -0.622202192713802 0.35104307245749455
v 0.0605191522958235 -0.6910440136439288 0.3805129344732958
v 0.13010925657892392 -0.6636385820860535 0.2558913134278533
v 0.06122244054135406 -0.7324804030161803 0.2853611754436546
v 0.4439771150611893 -1.0134387345525646 0.5237426004719143
v 0.5128639310987593 -0.9445969136224378 0.4942727384561131
v 0.4446804033067199 -1.0548751239248162 0.4285908414422731
v 0.5135672193442897 -0.9860333029946895 0.39912097942647184
vt 0.34375 0.8184541666666667
vt 0.34375 0.7316125000000004
vt 0.35672312500000003 0.7316125000000004
vt 0.35672312500000003 0.8184541666666667
vt 0.3515625 0.6517875
vt 0.3515625 0.6348291666666668
vt 0.36453562500000003 0.6348291666666668
vt 0.36453562500000003 0.6517875
vt 0.34375 0.5580375
vt 0.34375 0.4711958333333337
vt 0.35672312500000003 0.4711958333333337
vt 0.35672312500000003 0.5580375
vt 0.34375 0.5580375
vt 0.34375 0.5410791666666668
vt 0.35672312500000003 0.5410791666666668
vt 0.35672312500000003 0.5580375
vt 0.41115625 0.2732791666666671
vt 0.41115625 0.36012083333333333
vt 0.3984375 0.36012083333333333
vt 0.3984375 0.2732791666666671
vt 0.41115625 0.6274458333333337
vt 0.41115625 0.7142875
vt 0.3984375 0.7142875
vt 0.3984375 0.6274458333333337
vn -0.6770203050375421 -0.6765780926793782 0.2896300935213888
vn -0.7359331403231308 0.6187404681098498 -0.2748866058892989
vn 0.6770203050375421 0.6765780926793782 -0.2896300935213888
vn 0.7359331403231308 -0.6187404681098498 0.2748866058892989
vn -0.006776395871566087 0.39925219802718553 0.9168161008781712
vn 0.006776395871566087 -0.39925219802718553 -0.9168161008781712
usemtl m_890a103a-2c95-a057-8483-4c3958a0f191
f 60/172/43 63/171/43 61/170/43 58/169/43
f 59/176/44 60/175/44 58/174/44 57/173/44
f 64/180/45 59/179/45 57/178/45 62/177/45
f 63/184/46 64/183/46 62/182/46 61/181/46
f 62/188/47 57/187/47 58/186/47 61/185/47
f 63/192/48 60/191/48 59/190/48 64/189/48