# Made in Blockbench 4.8.1
mtllib poplar_twig_branch.mtl

o cube
v 0.6855400489236385 1.3700055462564202 0.5192700090557447
v 0.5734471882152545 1.377061778886016 0.5112930201325327
v 0.6870559754708252 1.2990824966530652 0.43523152203354787
v 0.5749631147624412 1.3061387292826607 0.4272545331103358
v 0.483849232785166 0.647734240979911 1.125182097111882
v 0.59594209349355 0.6406780083503152 1.1331590860350942
v 0.4853651593323526 0.5768111913765557 1.0411436100896851
v 0.5974580200407367 0.5697549587469599 1.0491205990128971
vt 0.3515625 0.3151208333333342
vt 0.3515625 0.4747041666666667
vt 0.3653095703125 0.4747041666666667
vt 0.3653095703125 0.3151208333333342
vt 0.3515625 0.643437890625
vt 0.3515625 0.6622041666666667
vt 0.3653095703125 0.6622041666666667
vt 0.3653095703125 0.643437890625
vt 0.3984375 0.2942875000000008
vt 0.3984375 0.45387083333333333
vt 0.4121845703125 0.45387083333333333
vt 0.4121845703125 0.2942875000000008
vt 0.34375 0.5392712239583333
vt 0.34375 0.5580375
vt 0.3574970703125 0.5580375
vt 0.3574970703125 0.5392712239583333
vt 0.359375 0.1380375000000008
vt 0.359375 0.29762083333333333
vt 0.37344970703125 0.29762083333333333
vt 0.37344970703125 0.1380375000000008
vt 0.3984375 0.7109541666666674
vt 0.3984375 0.8705375000000001
vt 0.41251220703125 0.8705375000000001
vt 0.41251220703125 0.7109541666666674
vn -0.9955168201681273 0.06266766880057296 -0.07084507074908138
vn 0.09357488817763876 0.7616997784920198 -0.6411374172108119
vn 0.9955168201681273 -0.06266766880057296 0.07084507074908138
vn -0.09357488817763876 -0.7616997784920198 0.6411374172108119
vn -0.01378408737940489 0.6448924024457956 0.7641490615075093
vn 0.01378408737940489 -0.6448924024457956 -0.7641490615075093
usemtl m_890a103a-2c95-a057-8483-4c3958a0f191
f 4/4/1 7/3/1 5/2/1 2/1/1
f 3/8/2 4/7/2 2/6/2 1/5/2
f 8/12/3 3/11/3 1/10/3 6/9/3
f 7/16/4 8/15/4 6/14/4 5/13/4
f 6/20/5 1/19/5 2/18/5 5/17/5
f 7/24/6 4/23/6 3/22/6 8/21/6
o cube
v 0.6232660898542565 -0.09272350207002444 1.4974477348534876
v 0.6232660951557617 -0.053159941741535266 1.6532296262779707
v 0.46253876485425655 -0.09272350485229564 1.4974477410299007
v 0.623669895861109 0.6023685557370713 0.9910252031526701
v 0.6236699021796306 0.6455599284960077 1.1749068812617158
v 0.4621349021796307 0.6455599256997553 1.1749068874691662
v 0.4621348958611091 0.6023685529408188 0.9910252093601204
v 0.4625387701557618 -0.05315994452380647 1.6532296324543838
vt 0.3951921875 0.4476854166666667
vt 0.375 0.4476854166666667
vt 0.375 0.47916666666666663
vt 0.3951921875 0.47916666666666663
vt 0.3717546875 0.18999791666666666
vt 0.3515625 0.18999791666666666
vt 0.35161328125 0.33333333333333337
vt 0.37170390625 0.33333333333333337
vt 0.37946562500000003 0.0625
vt 0.37946562500000003 0.035712499999999925
vt 0.359375 0.035712499999999925
vt 0.359375 0.0625
vt 0.3854522314712625 0.7647259722348183
vt 0.38882255706825686 0.9057809672366701
vt 0.40745442722255903 0.8957595241135482
vt 0.4071854513074069 0.7524256995740312
vt 0.40379440785580567 0.6085418164845959
vt 0.3817313709039121 0.597333911108596
vt 0.3854830914002776 0.7405808689494315
vt 0.4043834491323047 0.7496670696927366
vt 0.3359375 0.6505395833333334
vt 0.33598828125 0.7916666666666666
vt 0.35607890625 0.7916666666666666
vt 0.3561296875 0.6505395833333334
vn -2.56389319192542e-8 0.9735055089074788 -0.22866356099472945
vn -2.0865456638874374e-8 -0.5888567411765996 -0.8082374269797674
vn 2.6237030063148776e-8 -0.9692309097067573 0.24615329302898026
vn 0.9999998709832696 -0.0004923482703886285 0.00012500649989255366
vn -0.9999998701463039 -0.000496105290104166 0.00011656292923696202
vn 2.1931045020283737e-8 0.5648860076155979 0.8251689514275911
usemtl m_890a103a-2c95-a057-8483-4c3958a0f191
f 14/25/7 13/26/7 12/27/7 15/28/7
f 15/29/8 12/30/8 9/31/8 11/32/8
f 9/33/9 10/34/9 16/35/9 11/36/9
f 13/37/10 10/38/10 9/39/10 12/40/10
f 14/41/11 15/42/11 11/43/11 16/44/11
f 14/45/12 16/46/12 10/47/12 13/48/12
o cube
v 0.7137697623287249 1.6764243489665795 0.13879423374281163
v 0.6277934902207598 1.6837067062791284 0.13691088808622376
v 0.7093024489749284 1.6086608112009841 0.0807085892455991
v 0.6233261768669633 1.615943168513533 0.07882524358901111
v 0.5906687117022593 1.3475629944027943 0.5319161485397419
v 0.6766449838102244 1.3402806370902451 0.5337994941963298
v 0.5862013983484631 1.2797994566371986 0.47383050404252924
v 0.6721776704564282 1.2725170993246495 0.47571384969911723
vt 0.40625 0.7005375
vt 0.40625 0.7872041666666667
vt 0.4174204101562502 0.7872041666666667
vt 0.4174204101562502 0.7005375
vt 0.3125 0.62698671875
vt 0.3125 0.6413708333333334
vt 0.3236704101562502 0.6413708333333334
vt 0.3236704101562502 0.62698671875
vt 0.3125 0.8567875
vt 0.3125 0.9434541666666667
vt 0.3236704101562502 0.9434541666666667
vt 0.3236704101562502 0.8567875
vt 0.34375 0.5436533854166667
vt 0.34375 0.5580375
vt 0.3549204101562502 0.5580375
vt 0.3549204101562502 0.5436533854166667
vt 0.375 0.8047041666666667
vt 0.375 0.8913708333333333
vt 0.3857880859375 0.8913708333333333
vt 0.3857880859375 0.8047041666666667
vt 0.3671875 0.4999999999999998
vt 0.3671875 0.5866666666666664
vt 0.3779755859375 0.5866666666666664
vt 0.3779755859375 0.4999999999999998
vn -0.9961946980917455 0.08437962668654694 -0.021822055222526573
vn 0.07139380484327024 0.6464302151467978 -0.7596255008721507
vn 0.9961946980917455 -0.08437962668654694 0.021822055222526573
vn -0.07139380484327024 -0.6464302151467978 0.7596255008721507
vn 0.04999048033273014 0.7582928560559594 0.6499945356159534
vn -0.04999048033273014 -0.7582928560559594 -0.6499945356159534
usemtl m_890a103a-2c95-a057-8483-4c3958a0f191
f 20/52/13 23/51/13 21/50/13 18/49/13
f 19/56/14 20/55/14 18/54/14 17/53/14
f 24/60/15 19/59/15 17/58/15 22/57/15
f 23/64/16 24/63/16 22/62/16 21/61/16
f 22/68/17 17/67/17 18/66/17 21/65/17
f 23/72/18 20/71/18 19/70/18 24/69/18
o cube
v 0.732939205637875 1.8673238257716385 -0.34497461707466787
v 0.6620420524951656 1.873328952406803 -0.3465276484188054
v 0.728279460679699 1.8054873969143226 -0.371357171556554
v 0.6573823075369898 1.8114925235494876 -0.37291020290069155
v 0.6344523841544474 1.671314987463031 0.13183326989345112
v 0.7053495372971565 1.6653098608278665 0.13338630123758866
v 0.6297926391962716 1.6094785586057156 0.10545071541156492
v 0.7006897923389808 1.603473431970551 0.10700374675570257
vt 0.40625 0.7005375
vt 0.40625 0.7872041666666667
vt 0.41467382812500014 0.7872041666666667
vt 0.41467382812500014 0.7005375
vt 0.3125 0.6295095052083333
vt 0.3125 0.6413708333333334
vt 0.32092382812500014 0.6413708333333334
vt 0.32092382812500014 0.6295095052083333
vt 0.3125 0.8567875
vt 0.3125 0.9434541666666667
vt 0.32092382812500014 0.9434541666666667
vt 0.32092382812500014 0.8567875
vt 0.34375 0.546176171875
vt 0.34375 0.5580375
vt 0.35217382812500014 0.5580375
vt 0.35217382812500014 0.546176171875
vt 0.390625 0.6765791666666668
vt 0.390625 0.7632458333333335
vt 0.39952099609375 0.7632458333333335
vt 0.39952099609375 0.6765791666666668
vt 0.3671875 0.4999999999999999
vt 0.3671875 0.5866666666666664
vt 0.37608349609375 0.5866666666666664
vt 0.37608349609375 0.4999999999999999
vn -0.9961946980917455 0.08437962668654708 -0.021822055222526573
vn 0.053057054501381484 0.38848839412263825 -0.9199248429081863
vn 0.9961946980917455 -0.08437962668654708 0.021822055222526573
vn -0.053057054501381484 -0.38848839412263825 0.9199248429081863
vn 0.06914529963441834 0.9175820651212909 0.3914870129470629
vn -0.06914529963441834 -0.9175820651212909 -0.3914870129470629
usemtl m_890a103a-2c95-a057-8483-4c3958a0f191
f 28/76/19 31/75/19 29/74/19 26/73/19
f 27/80/20 28/79/20 26/78/20 25/77/20
f 32/84/21 27/83/21 25/82/21 30/81/21
f 31/88/22 32/87/22 30/86/22 29/85/22
f 30/92/23 25/91/23 26/90/23 29/89/23
f 31/96/24 28/95/24 27/94/24 32/93/24
o cube
v 1.2188399767185287 1.1942198450092658 0.4904306688431712
v 1.2437437377996678 1.2398954821699748 0.5159957711098369
v 1.260658463951489 1.159745546407976 0.5112871447491325
v 1.2855622250326282 1.2054211835686848 0.5368522470157981
v 1.546284914354954 1.3305749684636885 0.05926939582616031
v 1.5213811532738148 1.2848993313029795 0.03370429355949467
v 1.5881034015879143 1.2961006698623985 0.08012587173212149
v 1.5631996405067752 1.2504250327016897 0.05456076946545585
vt 0.421875 0.7663708333333333
vt 0.421875 0.6738216100000003
vt 0.4291338908046875 0.6738216100000003
vt 0.4291338908046875 0.7663708333333333
vt 0.34375 0.5580375
vt 0.34375 0.5483765309895834
vt 0.3510088908046875 0.5483765309895834
vt 0.3510088908046875 0.5580375
vt 0.3125 0.9434541666666667
vt 0.3125 0.8509049433333336
vt 0.3197588908046875 0.8509049433333336
vt 0.3197588908046875 0.9434541666666667
vt 0.3515625 0.8601208333333333
vt 0.3515625 0.8504598643229168
vt 0.3588213908046875 0.8504598643229168
vt 0.3588213908046875 0.8601208333333333
vt 0.375 0.8137955683333336
vt 0.375 0.9063447916666667
vt 0.38224572675781243 0.9063447916666667
vt 0.38224572675781243 0.8137955683333336
vt 0.3984375 0.7663708333333333
vt 0.3984375 0.6738216100000003
vt 0.40568322675781243 0.6738216100000003
vt 0.40568322675781243 0.7663708333333333
vn 0.42962841950753083 0.7879754282664068 0.44103757844409847
vn -0.5448293093100454 -0.1632995628843453 0.8224927212313315
vn -0.42962841950753083 -0.7879754282664068 -0.44103757844409847
vn 0.5448293093100454 0.1632995628843453 -0.8224927212313315
vn -0.720125298033752 0.5936564471225382 -0.35915397522740167
vn 0.720125298033752 -0.5936564471225382 0.35915397522740167
usemtl m_890a103a-2c95-a057-8483-4c3958a0f191
f 36/100/25 39/99/25 37/98/25 34/97/25
f 35/104/26 36/103/26 34/102/26 33/101/26
f 40/108/27 35/107/27 33/106/27 38/105/27
f 39/112/28 40/111/28 38/110/28 37/109/28
f 38/116/29 33/115/29 34/114/29 37/113/29
f 39/120/30 36/119/30 35/118/30 40/117/30
o cube
v 0.5158158396524284 0.4891066212174382 1.1372749905210051
v 0.5330895914735274 0.5450008702243831 1.2400585844933134
v 0.6061288093436985 0.4218123385018093 1.158692022997713
v 0.6234025611647973 0.4777065875087543 1.2614756169700214
v 0.9082107700819453 0.957057105018275 0.9529376268188359
v 0.8909370182608463 0.9011628560113301 0.8501540328465274
v 0.9985237397732152 0.8897628223026461 0.9743546592955439
v 0.9812499879521164 0.8338685732957012 0.8715710653232354
vt 0.390625 0.5892875
vt 0.390625 0.48481200000000046
vt 0.404955715625 0.48481200000000046
vt 0.404955715625 0.5892875
vt 0.34375 0.5580375
vt 0.34375 0.5383263802083333
vt 0.358080715625 0.5383263802083333
vt 0.358080715625 0.5580375
vt 0.34375 0.6830375
vt 0.34375 0.5785620000000005
vt 0.358080715625 0.5785620000000005
vt 0.358080715625 0.6830375
vt 0.359375 0.8705375000000001
vt 0.359375 0.8508263802083333
vt 0.373705715625 0.8508263802083333
vt 0.373705715625 0.8705375000000001
vt 0.3828125 0.7663708333333333
vt 0.3828125 0.6618953333333337
vt 0.39759583984375 0.6618953333333337
vt 0.39759583984375 0.7663708333333333
vt 0.3671875 0.36809166666666604
vt 0.3671875 0.26361616666666654
vt 0.38197083984375 0.26361616666666654
vt 0.38197083984375 0.36809166666666604
vn 0.14605758918206949 0.4726118184194982 0.8690829935814746
vn -0.5984196910733769 -0.6573410908042134 0.45803554848501793
vn -0.14605758918206949 -0.4726118184194982 -0.8690829935814746
vn 0.5984196910733769 0.6573410908042134 -0.45803554848501793
vn -0.7877569764705142 0.5869759445075601 -0.18681056338304766
vn 0.7877569764705142 -0.5869759445075601 0.18681056338304766
usemtl m_890a103a-2c95-a057-8483-4c3958a0f191
f 44/124/31 47/123/31 45/122/31 42/121/31
f 43/128/32 44/127/32 42/126/32 41/125/32
f 48/132/33 43/131/33 41/130/33 46/129/33
f 47/136/34 48/135/34 46/134/34 45/133/34
f 46/140/35 41/139/35 42/138/35 45/137/35
f 47/144/36 44/143/36 43/142/36 48/141/36
o cube
v 0.8874786940129658 0.8854316137750247 0.8832671687068925
v 0.9146054603328029 0.9414212691390511 0.9448010785960466
v 0.9577900351563193 0.833041064409294 0.8999410560697694
v 0.9849168014761567 0.8890307197733205 0.9614749659589235
v 1.2482757123189918 1.2523668743853964 0.5147758733737788
v 1.2211489459991547 1.19637721902137 0.45324196348462475
v 1.3185870534623456 1.1999763250196658 0.5314497607366557
v 1.2914602871425083 1.1439866696556393 0.46991585084750154
vt 0.390625 0.7872041666666667
vt 0.390625 0.6827286666666672
vt 0.4017818875 0.6827286666666672
vt 0.4017818875 0.7872041666666667
vt 0.34375 0.5580375
vt 0.34375 0.5434533333333333
vt 0.3549068875 0.5434533333333333
vt 0.3549068875 0.5580375
vt 0.34375 0.6830375
vt 0.34375 0.5785620000000005
vt 0.3549068875 0.5785620000000005
vt 0.3549068875 0.6830375
vt 0.40625 0.7351208333333334
vt 0.40625 0.7205366666666666
vt 0.4174068875 0.7205366666666666
vt 0.4174068875 0.7351208333333334
vt 0.3984375 0.7663708333333333
vt 0.3984375 0.661895333333334
vt 0.409375625 0.661895333333334
vt 0.409375625 0.7663708333333333
vt 0.3515625 0.680591666666666
vt 0.3515625 0.5761161666666665
vt 0.362500625 0.5761161666666665
vt 0.362500625 0.680591666666666
vn 0.3100024720854484 0.6398452130052714 0.7032045013331115
vn -0.5322942571642643 -0.4960423021766613 0.6860064564136567
vn -0.3100024720854484 -0.6398452130052714 -0.7032045013331115
vn 0.5322942571642643 0.4960423021766613 -0.6860064564136567
vn -0.787757126969255 0.5869754150264872 -0.18681159242302922
vn 0.787757126969255 -0.5869754150264872 0.18681159242302922
usemtl m_890a103a-2c95-a057-8483-4c3958a0f191
f 52/148/37 55/147/37 53/146/37 50/145/37
f 51/152/38 52/151/38 50/150/38 49/149/38
f 56/156/39 51/155/39 49/154/39 54/153/39
f 55/160/40 56/159/40 54/158/40 53/157/40
f 54/164/41 49/163/41 50/162/41 53/161/41
f 55/168/42 52/167/42 51/166/42 56/165/42
o cube
v 0.12641744084653306 2.224123425632221 -0.27474621919269665
v 0.11108590952644515 2.2437967130356737 -0.23360063455567442
v 0.09153741355947997 2.2029321226097967 -0.27761072183673274
v 0.07620588223939206 2.2226054100132497 -0.23646513719971052
v 0.26237692347759967 1.9694244842055362 -0.046039157419746124
v 0.2777084547976876 1.949751196802083 -0.0871847420567683
v 0.22749689619054658 1.9482331811831117 -0.04890366006378222
v 0.2428284275106345 1.928559893779659 -0.09004924470080444
vt 0.3984375 0.6863145000000012
vt 0.3984375 0.7471760000000005
vt 0.4035516546875001 0.7471760000000005
vt 0.4035516546875001 0.6863145000000012
vt 0.328125 0.4899158333333332
vt 0.328125 0.4979349999999999
vt 0.3332391546875001 0.4979349999999999
vt 0.3332391546875001 0.4899158333333332
vt 0.421875 0.3321478333333344
vt 0.421875 0.3930093333333339
vt 0.4269891546875001 0.3930093333333339
vt 0.4269891546875001 0.3321478333333344
vt 0.34375 0.5419991666666666
vt 0.34375 0.5500183333333333
vt 0.3488641546875001 0.5500183333333333
vt 0.3488641546875001 0.5419991666666666
vt 0.42788937500000007 0.268009333333334
vt 0.42788937500000007 0.32887083333333333
vt 0.43390375000000014 0.32887083333333333
vt 0.43390375000000014 0.268009333333334
vt 0.41226437500000007 0.6846760000000006
vt 0.41226437500000007 0.7455375
vt 0.41827875000000014 0.7455375
vt 0.41827875000000014 0.6846760000000006
vn -0.31864348581705776 0.4088805446004929 0.8551508809523376
vn -0.41430410015953184 0.7513568480077464 -0.5136292432707326
vn 0.31864348581705776 -0.4088805446004929 -0.8551508809523376
vn 0.41430410015953184 -0.7513568480077464 0.5136292432707326
vn 0.8525364751946719 0.5179571287269528 0.07001407903825893
vn -0.8525364751946719 -0.5179571287269528 -0.07001407903825893
usemtl m_890a103a-2c95-a057-8483-4c3958a0f191
f 60/172/43 63/171/43 61/170/43 58/169/43
f 59/176/44 60/175/44 58/174/44 57/173/44
f 64/180/45 59/179/45 57/178/45 62/177/45
f 63/184/46 64/183/46 62/182/46 61/181/46
f 62/188/47 57/187/47 58/186/47 61/185/47
f 63/192/48 60/191/48 59/190/48 64/189/48
o cube
v 0.30254387727660537 1.9482722473873126 -0.09217915620375805
v 0.2758435045361304 1.9800838990897205 -0.042547086195538375
v 0.2419348876482289 1.9121513932585534 -0.10163309563618461
v 0.21523451490775392 1.9439630449609613 -0.05200102562796505
v 0.4345894528314037 1.6331668344711874 0.26520918545021077
v 0.4612898255718787 1.6013551827687795 0.2155771154419912
v 0.37398046320302725 1.5970459803424282 0.2557552460177842
v 0.40068083594350223 1.5652343286400203 0.20612317600956453
vt 0.3984375 0.7559541666666667
vt 0.3984375 0.6742593333333338
vt 0.4073358343750001 0.6742593333333338
vt 0.4073358343750001 0.7559541666666667
vt 0.34375 0.6622041666666667
vt 0.34375 0.6514180729166668
vt 0.3526483343750001 0.6514180729166668
vt 0.3526483343750001 0.6622041666666667
vt 0.328125 0.8913708333333333
vt 0.328125 0.8096760000000005
vt 0.3370233343750001 0.8096760000000005
vt 0.3370233343750001 0.8913708333333333
vt 0.34375 0.5580375
vt 0.34375 0.54725140625
vt 0.3526483343750001 0.54725140625
vt 0.3526483343750001 0.5580375
vt 0.3987145703125 0.6638426666666672
vt 0.3987145703125 0.7455375
vt 0.390625 0.7455375
vt 0.390625 0.6638426666666672
vt 0.4221520703125 0.6846760000000005
vt 0.4221520703125 0.7663708333333333
vt 0.4140625 0.7663708333333333
vt 0.4140625 0.6846760000000005
vn -0.41257402601497767 0.49155348296516566 0.7669144974784394
vn -0.32385962452801836 0.7077499079267258 -0.6278574770043615
vn 0.41257402601497767 -0.49155348296516566 -0.7669144974784394
vn 0.32385962452801836 -0.7077499079267258 0.6278574770043615
vn 0.8514091946052518 0.5074103282497571 0.13280490249652066
vn -0.8514091946052518 -0.5074103282497571 -0.13280490249652066
usemtl m_890a103a-2c95-a057-8483-4c3958a0f191
f 68/196/49 71/195/49 69/194/49 66/193/49
f 67/200/50 68/199/50 66/198/50 65/197/50
f 72/204/51 67/203/51 65/202/51 70/201/51
f 71/208/52 72/207/52 70/206/52 69/205/52
f 70/212/53 65/211/53 66/210/53 69/209/53
f 71/216/54 68/215/54 67/214/54 72/213/54
o cube
v 0.46062606048222965 1.5994822697398932 0.1961616824416641
v 0.4344192854504998 1.6472100140511188 0.2660134947405485
v 0.386674142132196 1.5623404662018228 0.19379457442542702
v 0.36046736710046623 1.6100682105130488 0.2636463867243114
v 0.610756097387676 1.275717811560359 0.586000955032973
v 0.6369628724194061 1.227990067249133 0.5161491427340885
v 0.5368041790376425 1.2385760080222885 0.5836338470167359
v 0.5630109540693724 1.1908482637110627 0.5137820347178514
vt 0.3515625 0.8149458333333336
vt 0.3515625 0.9017875000000001
vt 0.3619111132812499 0.9017875000000001
vt 0.3619111132812499 0.8149458333333336
vt 0.359375 0.6622041666666667
vt 0.359375 0.6474430989583333
vt 0.3697236132812499 0.6474430989583333
vt 0.3697236132812499 0.6622041666666667
vt 0.34375 0.5580375
vt 0.34375 0.4711958333333336
vt 0.3540986132812499 0.4711958333333336
vt 0.3540986132812499 0.5580375
vt 0.34375 0.5580375
vt 0.34375 0.5432764322916668
vt 0.3540986132812499 0.5432764322916668
vt 0.3540986132812499 0.5580375
vt 0.42513330078125 0.7767875000000001
vt 0.42513330078125 0.6899458333333336
vt 0.4140625 0.6899458333333336
vt 0.4140625 0.7767875000000001
vt 0.40950830078125 0.648279166666667
vt 0.40950830078125 0.7351208333333334
vt 0.3984375 0.7351208333333334
vt 0.3984375 0.648279166666667
vn -0.2958997224947219 0.5388921864629221 0.7886942155212995
vn -0.3384258937475802 0.7129684339137528 -0.6141204496544
vn 0.2958997224947219 -0.5388921864629221 -0.7886942155212995
vn 0.3384258937475802 -0.7129684339137528 0.6141204496544
vn 0.893258791542909 0.44863261541241317 0.028592091905273835
vn -0.893258791542909 -0.44863261541241317 -0.028592091905273835
usemtl m_890a103a-2c95-a057-8483-4c3958a0f191
f 76/220/55 79/219/55 77/218/55 74/217/55
f 75/224/56 76/223/56 74/222/56 73/221/56
f 80/228/57 75/227/57 73/226/57 78/225/57
f 79/232/58 80/231/58 78/230/58 77/229/58
f 78/236/59 73/235/59 74/234/59 77/233/59
f 79/240/60 76/239/60 75/238/60 80/237/60