# Made in Blockbench 4.8.1
mtllib poplar_twig_branch_3.mtl

o cube
v 0.42761765999304713 0.6650842702619768 -1.230805313798593
v 0.4744749438728637 0.6658813628119924 -1.241705442966315
v 0.4262574382796378 0.7147184339593784 -1.233023018972844
v 0.4731147221594544 0.715515526509394 -1.243923148140566
v 0.528631494618012 0.6778065494847203 -1.008026161695579
v 0.4817742107381955 0.6770094569347047 -0.9971260325278568
v 0.5272712729046027 0.7274407131821219 -1.01024386686983
v 0.48041398902478605 0.7266436206321063 -0.9993437377021078
vt 0.3984375 0.7159260000000003
vt 0.3984375 0.7559541666666667
vt 0.40465028750000004 0.7559541666666667
vt 0.40465028750000004 0.7159260000000003
vt 0.3984375 0.7375183333333333
vt 0.3984375 0.7455375
vt 0.40465028750000004 0.7455375
vt 0.40465028750000004 0.7375183333333333
vt 0.421875 0.7159260000000003
vt 0.421875 0.7559541666666667
vt 0.42808778750000004 0.7559541666666667
vt 0.42808778750000004 0.7159260000000003
vt 0.34375 0.5500183333333333
vt 0.34375 0.5580375
vt 0.34996278750000004 0.5580375
vt 0.34996278750000004 0.5500183333333333
vt 0.3984375 0.726342666666667
vt 0.3984375 0.7663708333333333
vt 0.404451875 0.7663708333333333
vt 0.404451875 0.726342666666667
vt 0.3984375 0.726342666666667
vt 0.3984375 0.7663708333333333
vt 0.404451875 0.7663708333333333
vt 0.404451875 0.726342666666667
vn 0.9738602074159042 0.01656640444800014 -0.2265432644231942
vn -0.2254935097583314 -0.04965331359471076 -0.9729785329111504
vn -0.9738602074159042 -0.01656640444800014 0.2265432644231942
vn 0.2254935097583314 0.04965331359471076 0.9729785329111504
vn 0.02736737964660233 -0.9986291116789711 0.044619769593176414
vn -0.02736737964660233 0.9986291116789711 -0.044619769593176414
usemtl m_890a103a-2c95-a057-8483-4c3958a0f191
f 4/4/1 7/3/1 5/2/1 2/1/1
f 3/8/2 4/7/2 2/6/2 1/5/2
f 8/12/3 3/11/3 1/10/3 6/9/3
f 7/16/4 8/15/4 6/14/4 5/13/4
f 6/20/5 1/19/5 2/18/5 5/17/5
f 7/24/6 4/23/6 3/22/6 8/21/6
o cube
v 0.4719551184185913 0.6725097051843536 -1.0048899530678705
v 0.5377125450728397 0.6717324073295687 -1.0181321418779608
v 0.4728168020603445 0.7328270006231778 -1.004151586121066
v 0.5385742287145927 0.7320497027683928 -1.0173937749311563
v 0.6281506078457453 0.6649380227579398 -0.5686403225528757
v 0.5623931811914971 0.6657153206127249 -0.5553981337427855
v 0.6290122914874985 0.7252553181967638 -0.5679019556060712
v 0.56325486483325 0.7260326160515489 -0.554659766795981
vt 0.3984375 0.6586958333333337
vt 0.3984375 0.7351208333333334
vt 0.40597849609375003 0.7351208333333334
vt 0.40597849609375003 0.6586958333333337
vt 0.390625 0.7239404947916668
vt 0.390625 0.7351208333333334
vt 0.39816599609375003 0.7351208333333334
vt 0.39816599609375003 0.7239404947916668
vt 0.359375 0.8045291666666671
vt 0.359375 0.8809541666666667
vt 0.36691599609375003 0.8809541666666667
vt 0.36691599609375003 0.8045291666666671
vt 0.34375 0.5468571614583333
vt 0.34375 0.5580375
vt 0.35129099609375003 0.5580375
vt 0.35129099609375003 0.5468571614583333
vt 0.3671875 0.8253625000000003
vt 0.3671875 0.9017875000000001
vt 0.37557275390625 0.9017875000000001
vt 0.37557275390625 0.8253625000000003
vt 0.4140625 0.6899458333333337
vt 0.4140625 0.7663708333333333
vt 0.42244775390625 0.7663708333333333
vt 0.42244775390625 0.6899458333333337
vn 0.9802539581603427 -0.01158727367524408 -0.19740291943068236
vn -0.1972261754942887 0.014817107341901368 -0.9802460349473059
vn -0.9802539581603427 0.01158727367524408 0.19740291943068236
vn 0.1972261754942887 -0.014817107341901368 0.9802460349473059
vn -0.014283319322816389 -0.9998230785587987 -0.01223921444901149
vn 0.014283319322816389 0.9998230785587987 0.01223921444901149
usemtl m_890a103a-2c95-a057-8483-4c3958a0f191
f 12/28/7 15/27/7 13/26/7 10/25/7
f 11/32/8 12/31/8 10/30/8 9/29/8
f 16/36/9 11/35/9 9/34/9 14/33/9
f 15/40/10 16/39/10 14/38/10 13/37/10
f 14/44/11 9/43/11 10/42/11 13/41/11
f 15/48/12 12/47/12 11/46/12 16/45/12
o cube
v 0.5430031637163304 0.6627320239155039 -0.5793406557953245
v 0.6313788950870594 0.6575875079025271 -0.5932981776787855
v 0.5502320121038742 0.7360491594669765 -0.5605928015893965
v 0.6386077434746031 0.7309046434539996 -0.5745503234728575
v 0.7150711411975372 0.49887147304402646 -0.004878491756589776
v 0.6266954098268083 0.5040159890570033 0.009079030126871168
v 0.722299989585081 0.572188608595499 0.01386936244933823
v 0.633924258214352 0.5773331246084759 0.02782688433279923
vt 0.40625 0.7055093333333338
vt 0.40625 0.8080375000000001
vt 0.41575258242187507 0.8080375000000001
vt 0.41575258242187507 0.7055093333333338
vt 0.359375 0.6622041666666667
vt 0.359375 0.6472676822916668
vt 0.36887758242187507 0.6472676822916668
vt 0.36887758242187507 0.6622041666666667
vt 0.34375 0.5580375
vt 0.34375 0.45550933333333377
vt 0.35325258242187507 0.45550933333333377
vt 0.35325258242187507 0.5580375
vt 0.34375 0.5580375
vt 0.34375 0.543101015625
vt 0.35325258242187507 0.543101015625
vt 0.35325258242187507 0.5580375
vt 0.37057736328125 0.9330375000000001
vt 0.37057736328125 0.8305093333333338
vt 0.359375 0.8305093333333338
vt 0.359375 0.9330375000000001
vt 0.42526486328125 0.8080375000000001
vt 0.42526486328125 0.7055093333333338
vt 0.4140625 0.7055093333333338
vt 0.4140625 0.8080375000000001
vn 0.9861282074141452 -0.057404360622586866 -0.15574305096432636
vn -0.1360475675960235 0.2580039547807208 -0.9565171293127547
vn -0.9861282074141452 0.057404360622586866 0.15574305096432636
vn 0.1360475675960235 -0.2580039547807208 0.9565171293127547
vn -0.09509057731116248 -0.9644369853437911 -0.2466152538015646
vn 0.09509057731116248 0.9644369853437911 0.2466152538015646
usemtl m_890a103a-2c95-a057-8483-4c3958a0f191
f 20/52/13 23/51/13 21/50/13 18/49/13
f 19/56/14 20/55/14 18/54/14 17/53/14
f 24/60/15 19/59/15 17/58/15 22/57/15
f 23/64/16 24/63/16 22/62/16 21/61/16
f 22/68/17 17/67/17 18/66/17 21/65/17
f 23/72/18 20/71/18 19/70/18 24/69/18
o cube
v 1.0252519743412423 1.0634453179959202 -0.48073875941339483
v 0.9216340316544618 1.0787123595776582 -0.5246630415290247
v 1.0413413691967073 0.971308738116945 -0.5507183434193048
v 0.9377234265099266 0.9865757796986832 -0.5946426255349346
v 0.6204091009057617 0.6101081854748105 0.023054690895411123
v 0.7240270435925422 0.5948411438930723 0.06697897301104094
v 0.6364984957612267 0.5179716055958354 -0.0469248931104988
v 0.7401164384480072 0.5027045640140972 -0.0030006109948689796
vt 0.3984375 0.7194990885416674
vt 0.3984375 0.8497041666666667
vt 0.41303906250000005 0.8497041666666667
vt 0.41303906250000005 0.7194990885416674
vt 0.34375 0.6328584635416667
vt 0.34375 0.6517875
vt 0.35835156250000005 0.6517875
vt 0.35835156250000005 0.6328584635416667
vt 0.359375 0.7403324218750009
vt 0.359375 0.8705375000000001
vt 0.37397656250000005 0.8705375000000001
vt 0.37397656250000005 0.7403324218750009
vt 0.34375 0.5391084635416667
vt 0.34375 0.5580375
vt 0.35835156250000005 0.5580375
vt 0.35835156250000005 0.5391084635416667
vt 0.3515625 0.22991575520833418
vt 0.3515625 0.36012083333333333
vt 0.36575927734375 0.36012083333333333
vt 0.36575927734375 0.22991575520833418
vt 0.3671875 0.3653324218750008
vt 0.3671875 0.4955375000000001
vt 0.38138427734375 0.4955375000000001
vt 0.38138427734375 0.3653324218750008
vn -0.9123368298474899 0.13442347875924196 -0.38674518388998186
vn 0.38557755079710837 0.5998283385601129 -0.7010962249089051
vn 0.9123368298474899 -0.13442347875924196 0.38674518388998186
vn -0.38557755079710837 -0.5998283385601129 0.7010962249089051
vn -0.1377369276016263 0.7887561680383097 0.5990761605642361
vn 0.1377369276016263 -0.7887561680383097 -0.5990761605642361
usemtl m_890a103a-2c95-a057-8483-4c3958a0f191
f 28/76/19 31/75/19 29/74/19 26/73/19
f 27/80/20 28/79/20 26/78/20 25/77/20
f 32/84/21 27/83/21 25/82/21 30/81/21
f 31/88/22 32/87/22 30/86/22 29/85/22
f 30/92/23 25/91/23 26/90/23 29/89/23
f 31/96/24 28/95/24 27/94/24 32/93/24
o cube
v 0.8107664105950101 1.5759987096615804 -1.028990992115888
v 0.765920234602175 1.5688365447521693 -1.0257051924487495
v 0.8146786579239933 1.5381714564248319 -1.0580480568126267
v 0.7698324819311582 1.5310092915154208 -1.054762257145488
v 0.8261718170743593 1.334967087215399 -0.713135482398249
v 0.8710179930671944 1.3421292521248098 -0.7164212820653876
v 0.8300840644033423 1.2971398339786504 -0.7421925470949876
v 0.8749302403961774 1.3043019988880613 -0.7454783467621262
vt 0.3809824218750001 0.8255375000000001
vt 0.3809824218750001 0.8913708333333333
vt 0.375 0.8913708333333333
vt 0.375 0.8255375000000001
vt 0.3809824218750001 0.8837819661458334
vt 0.3809824218750001 0.8913708333333333
vt 0.375 0.8913708333333333
vt 0.375 0.8837819661458334
vt 0.4122324218750001 0.7109541666666668
vt 0.4122324218750001 0.7767875000000001
vt 0.40625 0.7767875000000001
vt 0.40625 0.7109541666666668
vt 0.3809824218750001 0.8837819661458334
vt 0.3809824218750001 0.8913708333333333
vt 0.375 0.8913708333333333
vt 0.375 0.8837819661458334
vt 0.404129150390625 0.7005375
vt 0.404129150390625 0.7663708333333333
vt 0.3984375 0.7663708333333333
vt 0.3984375 0.7005375
vt 0.380691650390625 0.8255375000000001
vt 0.380691650390625 0.8913708333333333
vt 0.375 0.8913708333333333
vt 0.375 0.8255375000000001
vn -0.9849115132471838 -0.15729543317541425 0.07216271734976067
vn -0.15253565182831447 0.5920745760424576 -0.7913157216468376
vn 0.9849115132471838 0.15729543317541425 -0.07216271734976067
vn 0.15253565182831447 -0.5920745760424576 0.7913157216468376
vn -0.08174463893402363 0.7903833519921221 0.6071342280741907
vn 0.08174463893402363 -0.7903833519921221 -0.6071342280741907
usemtl m_890a103a-2c95-a057-8483-4c3958a0f191
f 36/100/25 39/99/25 37/98/25 34/97/25
f 35/104/26 36/103/26 34/102/26 33/101/26
f 40/108/27 35/107/27 33/106/27 38/105/27
f 39/112/28 40/111/28 38/110/28 37/109/28
f 38/116/29 33/115/29 34/114/29 37/113/29
f 39/120/30 36/119/30 35/118/30 40/117/30
o cube
v 0.8863906516268703 1.3612045919869762 -0.725574862149635
v 0.8157659893366964 1.3509158443846072 -0.7150329392483865
v 0.8845851024412199 1.3162692234181705 -0.7815271748950511
v 0.8139604401510461 1.3059804758158016 -0.7709852519938026
v 0.9084676773214602 1.0001523984152407 -0.43632583130804303
v 0.979092339611634 1.0104411460176097 -0.4468677542092914
v 0.9066621281358098 0.9552170298464349 -0.49227814405345915
v 0.9772867904259837 0.9655057774488038 -0.5028200669547076
vt 0.36834814453125014 0.8151208333333334
vt 0.36834814453125014 0.8913708333333333
vt 0.359375 0.8913708333333333
vt 0.359375 0.8151208333333334
vt 0.38397314453125014 0.8793467447916667
vt 0.38397314453125014 0.8913708333333333
vt 0.375 0.8913708333333333
vt 0.375 0.8793467447916667
vt 0.42303564453125014 0.6901208333333335
vt 0.42303564453125014 0.7663708333333333
vt 0.4140625 0.7663708333333333
vt 0.4140625 0.6901208333333335
vt 0.38397314453125014 0.8793467447916667
vt 0.38397314453125014 0.8913708333333333
vt 0.375 0.8913708333333333
vt 0.375 0.8793467447916667
vt 0.40745556640625 0.7005375
vt 0.40745556640625 0.7767875000000001
vt 0.3984375 0.7767875000000001
vt 0.3984375 0.7005375
vt 0.36839306640625 0.5859541666666668
vt 0.36839306640625 0.6622041666666667
vt 0.359375 0.6622041666666667
vt 0.359375 0.5859541666666668
vn -0.9789329983369166 -0.14261299400110755 0.14612227314524864
vn -0.2026266404038558 0.7666960567636436 -0.6091958643504783
vn 0.9789329983369166 0.14261299400110755 -0.14612227314524864
vn 0.2026266404038558 -0.7666960567636436 0.6091958643504783
vn 0.02515212447768784 0.6259701993586593 0.7794412615131042
vn -0.02515212447768784 -0.6259701993586593 -0.7794412615131042
usemtl m_890a103a-2c95-a057-8483-4c3958a0f191
f 44/124/31 47/123/31 45/122/31 42/121/31
f 43/128/32 44/127/32 42/126/32 41/125/32
f 48/132/33 43/131/33 41/130/33 46/129/33
f 47/136/34 48/135/34 46/134/34 45/133/34
f 46/140/35 41/139/35 42/138/35 45/137/35
f 47/144/36 44/143/36 43/142/36 48/141/36
o cube
v 1.564361874414418 1.9243765725549 -1.001912390998695
v 1.5330561135976613 1.9395992111530012 -1.0048147618223893
v 1.561816476351865 1.9124783618866767 -1.0368619354223771
v 1.530510715535108 1.9277010004847774 -1.0397643062460715
v 1.4152776805561187 1.7136840694170177 -0.9193264101411524
v 1.4465834413728755 1.6984614308189165 -0.916424039317458
v 1.4127322824935655 1.701785858748794 -0.9542759545648346
v 1.4440380433103224 1.6865632201506933 -0.9513735837411402
vt 0.3874383734375001 0.8809541666666667
vt 0.3874383734375001 0.8361652578125004
vt 0.3828125 0.8361652578125004
vt 0.3828125 0.8809541666666667
vt 0.3483758734375001 0.8705375000000001
vt 0.3483758734375001 0.8647155989583332
vt 0.34375 0.8647155989583332
vt 0.34375 0.8705375000000001
vt 0.3874383734375001 0.8705375000000001
vt 0.3874383734375001 0.8257485911458337
vt 0.3828125 0.8257485911458337
vt 0.3828125 0.8705375000000001
vt 0.3483758734375001 0.8913708333333333
vt 0.3483758734375001 0.8855489322916665
vt 0.34375 0.8855489322916665
vt 0.34375 0.8913708333333333
vt 0.359375 0.8361652578125004
vt 0.359375 0.8809541666666667
vt 0.3637414257812501 0.8809541666666667
vt 0.3637414257812501 0.8361652578125004
vt 0.359375 0.846581924479167
vt 0.359375 0.8913708333333333
vt 0.3637414257812501 0.8913708333333333
vt 0.3637414257812501 0.846581924479167
vn -0.8962067141730354 0.43578659528201524 -0.08308771776670978
vn 0.4382723165722121 0.8406662405030082 -0.31811577861678847
vn 0.8962067141730354 -0.43578659528201524 0.08308771776670978
vn -0.4382723165722121 -0.8406662405030082 0.31811577861678847
vn 0.06878155274198249 0.32151254322506256 0.9444039297627653
vn -0.06878155274198249 -0.32151254322506256 -0.9444039297627653
usemtl m_890a103a-2c95-a057-8483-4c3958a0f191
f 52/148/37 55/147/37 53/146/37 50/145/37
f 51/152/38 52/151/38 50/150/38 49/149/38
f 56/156/39 51/155/39 49/154/39 54/153/39
f 55/160/40 56/159/40 54/158/40 53/157/40
f 54/164/41 49/163/41 50/162/41 53/161/41
f 55/168/42 52/167/42 51/166/42 56/165/42
o cube
v 1.4612283613301398 1.6973576566768553 -0.9082667775212447
v 1.4129116598717857 1.725427787563146 -0.9106011657624556
v 1.4529435584882024 1.6790090811732217 -0.9574242263050236
v 1.4046268570298484 1.7070792120595124 -0.9597586145462345
v 1.2089290930336205 1.3876594241296991 -0.7501468732026938
v 1.2572457944919746 1.3595892932434084 -0.7478124849614829
v 1.200644290191683 1.3693108486260654 -0.7993043219864726
v 1.248960991650037 1.3412407177397747 -0.7969699337452618
vt 0.41636903750000004 0.6970159973958339
vt 0.41636903750000004 0.7680093333333338
vt 0.42300907109375 0.7680093333333338
vt 0.42300907109375 0.6970159973958339
vt 0.33043153750000004 0.6292387500000001
vt 0.33043153750000004 0.63856
vt 0.33707157109375 0.63856
vt 0.33707157109375 0.6292387500000001
vt 0.40074403750000004 0.6761826640625006
vt 0.40074403750000004 0.7471760000000005
vt 0.40738407109375 0.7471760000000005
vt 0.40738407109375 0.6761826640625006
vt 0.35386903750000004 0.5354887500000001
vt 0.35386903750000004 0.54481
vt 0.36050907109375 0.54481
vt 0.36050907109375 0.5354887500000001
vt 0.375 0.8203774973958335
vt 0.375 0.8913708333333333
vt 0.3819909374999999 0.8913708333333333
vt 0.3819909374999999 0.8203774973958335
vt 0.3125 0.8724608307291669
vt 0.3125 0.9434541666666667
vt 0.3194909374999999 0.9434541666666667
vt 0.3194909374999999 0.8724608307291669
vn -0.8639167039176571 0.5019021212514617 -0.041739542107387034
vn 0.478877263958373 0.792957909295428 -0.376688624927229
vn 0.8639167039176571 -0.5019021212514617 0.041739542107387034
vn -0.478877263958373 -0.792957909295428 0.376688624927229
vn 0.15596311985785022 0.345415712973667 0.9253990979437462
vn -0.15596311985785022 -0.345415712973667 -0.9253990979437462
usemtl m_890a103a-2c95-a057-8483-4c3958a0f191
f 60/172/43 63/171/43 61/170/43 58/169/43
f 59/176/44 60/175/44 58/174/44 57/173/44
f 64/180/45 59/179/45 57/178/45 62/177/45
f 63/184/46 64/183/46 62/182/46 61/181/46
f 62/188/47 57/187/47 58/186/47 61/185/47
f 63/192/48 60/191/48 59/190/48 64/189/48
o cube
v 1.269238338898282 1.3647325732265483 -0.7397203339475624
v 1.2067735312202332 1.402189307889647 -0.7523301291183246
v 1.259883692009724 1.3292254035205695 -0.7988526517550353
v 1.1974188843316753 1.3666821381836685 -0.8114624469257974
v 0.9371239725747968 1.040070112919107 -0.49223032778005865
v 0.9995887802528456 1.0026133782560083 -0.4796205326092965
v 0.9277693256862389 1.0045629432131284 -0.5513626455875315
v 0.9902341333642877 0.9671062085500295 -0.5387528504167693
vt 0.4227631640625001 0.7663708333333333
vt 0.4227631640625001 0.6795291666666674
vt 0.4140625 0.6795291666666674
vt 0.4140625 0.7663708333333333
vt 0.3993256640625001 0.7351208333333334
vt 0.3993256640625001 0.722801171875
vt 0.390625 0.722801171875
vt 0.390625 0.7351208333333334
vt 0.3833954882812501 0.9017875000000001
vt 0.3833954882812501 0.814945833333334
vt 0.37469482421875 0.814945833333334
vt 0.37469482421875 0.9017875000000001
vt 0.3524506640625001 0.5580375
vt 0.3524506640625001 0.5457178385416668
vt 0.34375 0.5457178385416668
vt 0.34375 0.5580375
vt 0.39765625 0.6691125000000007
vt 0.39765625 0.7559541666666667
vt 0.40689599609375 0.7559541666666667
vt 0.40689599609375 0.6691125000000007
vt 0.3828125 0.6274458333333339
vt 0.3828125 0.7142875
vt 0.39205224609375 0.7142875
vt 0.39205224609375 0.6274458333333339
vn -0.8450557927168248 0.5067338198886693 -0.17059174357739823
vn 0.5175118676622943 0.6949797427704494 -0.49918395804292853
vn 0.8450557927168248 -0.5067338198886693 0.17059174357739823
vn -0.5175118676622943 -0.6949797427704494 0.49918395804292853
vn 0.13439558781605576 0.5101215472019955 0.8495374229872509
vn -0.13439558781605576 -0.5101215472019955 -0.8495374229872509
usemtl m_890a103a-2c95-a057-8483-4c3958a0f191
f 68/196/49 71/195/49 69/194/49 66/193/49
f 67/200/50 68/199/50 66/198/50 65/197/50
f 72/204/51 67/203/51 65/202/51 70/201/51
f 71/208/52 72/207/52 70/206/52 69/205/52
f 70/212/53 65/211/53 66/210/53 69/209/53
f 71/216/54 68/215/54 67/214/54 72/213/54
o cube
v 0.5939008971543144 -0.028976715020387164 0.4236550760811715
v 0.5568294596844682 0.04122288271562593 0.5507401055090722
v 0.4576853465696703 -0.022666047452510565 0.3804343079438344
v 0.7683372000835007 0.5313700749886205 -0.07977295811707197
v 0.7390685436136183 0.6235898130695173 0.0626122781059778
v 0.60216849277478 0.62993219253472 0.019174320179005888
v 0.6314371492446624 0.5377124544538232 -0.12321091604404388
v 0.4206139090998241 0.04753355028350253 0.507519337371735
vt 0.3951921875 0.43832812500000007
vt 0.375 0.43832812500000007
vt 0.37655625 0.46875
vt 0.3967484375 0.46875
vt 0.3717526148091518 0.1928498731317917
vt 0.35156250000000006 0.1932356192277389
vt 0.3515625 0.33333333333333337
vt 0.3716510627343553 0.3329495274599533
vt 0.37946562500000003 0.0625
vt 0.37946562500000003 0.035712499999999925
vt 0.359375 0.035712499999999925
vt 0.359375 0.0625
vt 0.392118012540416 0.7540370297317198
vt 0.39554537122936395 0.8950895815805116
vt 0.4141731866479985 0.8850547469683184
vt 0.4138984219401892 0.744973079366806
vt 0.3820298653718557 0.698634465885478
vt 0.4040983636175972 0.7066329028581091
vt 0.4004312972714556 0.5666181819336209
vt 0.3815823936790532 0.5575211060345582
vt 0.3359375 0.6505395833333334
vt 0.33598828125 0.7916666666666666
vt 0.35607890625 0.7916666666666666
vt 0.3561296875 0.6505395833333334
vn 0.19875995327642473 0.8407253255344678 -0.5036619977509887
vn 0.1902582277604661 -0.6882213684605133 -0.7001093877129382
vn -0.17896618963927322 -0.8823676378993142 0.43519932738227485
vn 0.952156333308347 -0.0445338239014634 0.3023492276648274
vn -0.9657213739500546 0.07649131771972621 -0.24805504673261325
vn -0.19761744187952365 0.6652912169938201 0.7199548202879642
usemtl m_890a103a-2c95-a057-8483-4c3958a0f191
f 78/217/55 77/218/55 76/219/55 79/220/55
f 79/221/56 76/222/56 73/223/56 75/224/56
f 73/225/57 74/226/57 80/227/57 75/228/57
f 77/229/58 74/230/58 73/231/58 76/232/58
f 78/233/59 79/234/59 75/235/59 80/236/59
f 78/237/60 80/238/60 74/239/60 77/240/60