# Made in Blockbench 4.8.1
mtllib poplar_twig_branch_up_3.mtl

o cube
v 0.6811473807406114 2.0655630962006453 -0.2763741245958411
v 0.638316552736053 2.051617210215011 -0.26971792272524353
v 0.675154965627474 2.0613917814679947 -0.323673288118082
v 0.6323241376229158 2.047445895482361 -0.3170170862474845
v 0.762913532541242 1.6771796261973568 -0.2524816731782183
v 0.8057443605458001 1.6911255121829911 -0.25913787504881586
v 0.7569211174281043 1.6730083114647067 -0.29978083670045924
v 0.7997519454326627 1.6869541974503406 -0.30643703857105675
vt 0.375 0.8255375000000001
vt 0.375 0.8913708333333333
vt 0.3809824218750001 0.8913708333333333
vt 0.3809824218750001 0.8255375000000001
vt 0.375 0.8837819661458334
vt 0.375 0.8913708333333333
vt 0.3809824218750001 0.8913708333333333
vt 0.3809824218750001 0.8837819661458334
vt 0.40625 0.7109541666666668
vt 0.40625 0.7767875000000001
vt 0.4122324218750001 0.7767875000000001
vt 0.4122324218750001 0.7109541666666668
vt 0.375 0.8837819661458334
vt 0.375 0.8913708333333333
vt 0.3809824218750001 0.8913708333333333
vt 0.3809824218750001 0.8837819661458334
vt 0.375 0.8255375000000001
vt 0.375 0.8913708333333333
vt 0.380691650390625 0.8913708333333333
vt 0.380691650390625 0.8255375000000001
vt 0.3984375 0.7005375
vt 0.3984375 0.7663708333333333
vt 0.404129150390625 0.7663708333333333
vt 0.404129150390625 0.7005375
vn -0.940650449892072 -0.3062794846070703 0.1461834752175161
vn -0.31543539191187064 0.9479432506776061 -0.04363607480259573
vn 0.940650449892072 0.3062794846070703 -0.1461834752175161
vn 0.31543539191187064 -0.9479432506776061 0.04363607480259573
vn 0.12520880419222682 0.08715773519086195 0.9882946344836404
vn -0.12520880419222682 -0.08715773519086195 -0.9882946344836404
usemtl m_890a103a-2c95-a057-8483-4c3958a0f191
f 4/4/1 7/3/1 5/2/1 2/1/1
f 3/8/2 4/7/2 2/6/2 1/5/2
f 8/12/3 3/11/3 1/10/3 6/9/3
f 7/16/4 8/15/4 6/14/4 5/13/4
f 6/20/5 1/19/5 2/18/5 5/17/5
f 7/24/6 4/23/6 3/22/6 8/21/6
o cube
v 1.0148611758478583 1.3142800247118347 -0.06939223449303622
v 0.9112432331610778 1.3442740908200919 -0.10492786613685912
v 1.0309505707033235 1.2533415572026587 -0.1677426015847152
v 0.927332628016543 1.2833356233109159 -0.2032782332285381
v 0.6100183024123773 0.7105099254042395 0.2384779710784195
v 0.7136362450991578 0.6805158592959826 0.2740136027222424
v 0.6261076972678423 0.6495714578950635 0.1401276039867405
v 0.7297256399546228 0.6195773917868064 0.1756632356305634
vt 0.3984375 0.7194990885416674
vt 0.3984375 0.8497041666666667
vt 0.41303906250000005 0.8497041666666667
vt 0.41303906250000005 0.7194990885416674
vt 0.34375 0.6328584635416667
vt 0.34375 0.6517875
vt 0.35835156250000005 0.6517875
vt 0.35835156250000005 0.6328584635416667
vt 0.359375 0.7403324218750009
vt 0.359375 0.8705375000000001
vt 0.37397656250000005 0.8705375000000001
vt 0.37397656250000005 0.7403324218750009
vt 0.34375 0.5391084635416667
vt 0.34375 0.5580375
vt 0.35835156250000005 0.5580375
vt 0.35835156250000005 0.5391084635416667
vt 0.3515625 0.22991575520833418
vt 0.3515625 0.36012083333333333
vt 0.36575927734375 0.36012083333333333
vt 0.36575927734375 0.22991575520833418
vt 0.3671875 0.3653324218750008
vt 0.3671875 0.4955375000000001
vt 0.38138427734375 0.4955375000000001
vt 0.38138427734375 0.3653324218750008
vn -0.9123368298474896 0.2640922071784636 -0.3128846672680533
vn 0.38557755079710887 0.8112384126926128 -0.43957046089708185
vn 0.9123368298474896 -0.2640922071784636 0.3128846672680533
vn -0.38557755079710887 -0.8112384126926128 0.43957046089708185
vn -0.13773692760162715 0.5216776244766276 0.8419507081149625
vn 0.13773692760162715 -0.5216776244766276 -0.8419507081149625
usemtl m_890a103a-2c95-a057-8483-4c3958a0f191
f 12/28/7 15/27/7 13/26/7 10/25/7
f 11/32/8 12/31/8 10/30/8 9/29/8
f 16/36/9 11/35/9 9/34/9 14/33/9
f 15/40/10 16/39/10 14/38/10 13/37/10
f 14/44/11 9/43/11 10/42/11 13/41/11
f 15/48/12 12/47/12 11/46/12 16/45/12
o cube
v 1.1861208493416862 1.7454698841814142 -0.2425197235328445
v 1.1180210977542573 1.7668873769068036 -0.26169212409235604
v 1.1961723169879748 1.7201066773411537 -0.306555457815794
v 1.128072565400546 1.7415241700665427 -0.32572785837530555
v 0.9298832245620088 1.305744999268376 -0.10857468316327867
v 0.9979829761494377 1.2843275065429869 -0.08940228260376715
v 0.9399346922082974 1.2803817924281153 -0.17261041744622824
v 1.0080344437957263 1.2589642997027262 -0.15343801688671665
vt 0.4140625 0.7663708333333333
vt 0.4140625 0.6795291666666674
vt 0.4227631640625001 0.6795291666666674
vt 0.4227631640625001 0.7663708333333333
vt 0.390625 0.7351208333333334
vt 0.390625 0.722801171875
vt 0.3993256640625001 0.722801171875
vt 0.3993256640625001 0.7351208333333334
vt 0.37469482421875 0.9017875000000001
vt 0.37469482421875 0.814945833333334
vt 0.3833954882812501 0.814945833333334
vt 0.3833954882812501 0.9017875000000001
vt 0.34375 0.5580375
vt 0.34375 0.5457178385416668
vt 0.3524506640625001 0.5457178385416668
vt 0.3524506640625001 0.5580375
vt 0.39205224609375 0.6274458333333339
vt 0.39205224609375 0.7142875
vt 0.3828125 0.7142875
vt 0.3828125 0.6274458333333339
vt 0.40689599609375 0.6691125000000007
vt 0.40689599609375 0.7559541666666667
vt 0.39765625 0.7559541666666667
vt 0.39765625 0.6691125000000007
vn -0.9212881893136282 0.289746770475064 -0.2593740180328149
vn 0.3610745095331553 0.885025194584843 -0.2938632394762096
vn 0.9212881893136282 -0.289746770475064 0.2593740180328149
vn -0.3610745095331553 -0.885025194584843 0.2938632394762096
vn -0.14440661618017267 0.36438607814971663 0.9199834320541109
vn 0.14440661618017267 -0.36438607814971663 -0.9199834320541109
usemtl m_890a103a-2c95-a057-8483-4c3958a0f191
f 20/52/13 23/51/13 21/50/13 18/49/13
f 19/56/14 20/55/14 18/54/14 17/53/14
f 24/60/15 19/59/15 17/58/15 22/57/15
f 23/64/16 24/63/16 22/62/16 21/61/16
f 22/68/17 17/67/17 18/66/17 21/65/17
f 23/72/18 20/71/18 19/70/18 24/69/18
o cube
v 1.3055715974515183 2.1074404994926894 -0.2758015585909438
v 1.2537636073795464 2.124190649120672 -0.2885784873452484
v 1.3160167101118396 2.1003845412661897 -0.32740462077809795
v 1.2642087200398677 2.117134690894172 -0.34018154953240254
v 1.116907312186082 1.7217412820246052 -0.2612509133375915
v 1.1687153022580539 1.7049911323966223 -0.24847398458328696
v 1.1273524248464033 1.7146853237981055 -0.31285397552474564
v 1.1791604149183752 1.697935174170123 -0.30007704677044106
vt 0.42300907109375 0.6970159973958339
vt 0.42300907109375 0.7680093333333338
vt 0.41636903750000004 0.7680093333333338
vt 0.41636903750000004 0.6970159973958339
vt 0.33707157109375 0.6292387500000001
vt 0.33707157109375 0.63856
vt 0.33043153750000004 0.63856
vt 0.33043153750000004 0.6292387500000001
vt 0.40738407109375 0.6761826640625006
vt 0.40738407109375 0.7471760000000005
vt 0.40074403750000004 0.7471760000000005
vt 0.40074403750000004 0.6761826640625006
vt 0.36050907109375 0.5354887500000001
vt 0.36050907109375 0.54481
vt 0.35386903750000004 0.54481
vt 0.35386903750000004 0.5354887500000001
vt 0.3194909374999999 0.8724608307291669
vt 0.3194909374999999 0.9434541666666667
vt 0.3125 0.9434541666666667
vt 0.3125 0.8724608307291669
vt 0.3819909374999999 0.8203774973958335
vt 0.3819909374999999 0.8913708333333333
vt 0.375 0.8913708333333333
vt 0.375 0.8203774973958335
vn -0.9263419618608475 0.2994975571585154 -0.228455209946891
vn 0.3212890651078107 0.9448055036470133 -0.06415525637438059
vn 0.9263419618608475 -0.2994975571585154 0.228455209946891
vn -0.3212890651078107 -0.9448055036470133 0.06415525637438059
vn -0.19663139713165137 0.1328298668763744 0.9714382739668329
vn 0.19663139713165137 -0.1328298668763744 -0.9714382739668329
usemtl m_890a103a-2c95-a057-8483-4c3958a0f191
f 28/76/19 31/75/19 29/74/19 26/73/19
f 27/80/20 28/79/20 26/78/20 25/77/20
f 32/84/21 27/83/21 25/82/21 30/81/21
f 31/88/22 32/87/22 30/86/22 29/85/22
f 30/92/23 25/91/23 26/90/23 29/89/23
f 31/96/24 28/95/24 27/94/24 32/93/24
o cube
v 1.368311319407712 2.3616221066990035 -0.3072119130632761
v 1.33502675834388 2.370627059261613 -0.3128022589144566
v 1.3734510056018614 2.3579806834799455 -0.3436788952059019
v 1.3401664445380295 2.366985636042555 -0.3492692410570824
v 1.262529093850507 2.1123264927406766 -0.29722744570674153
v 1.2958136549143389 2.1033215401780674 -0.29163709985556097
v 1.2676687800446564 2.108685069521619 -0.33369442784936726
v 1.3009533411084881 2.0996801169590094 -0.32810408199818675
vt 0.3828125 0.8809541666666667
vt 0.3828125 0.8361652578125004
vt 0.3874383734375001 0.8361652578125004
vt 0.3874383734375001 0.8809541666666667
vt 0.34375 0.8705375000000001
vt 0.34375 0.8647155989583332
vt 0.3483758734375001 0.8647155989583332
vt 0.3483758734375001 0.8705375000000001
vt 0.3828125 0.8705375000000001
vt 0.3828125 0.8257485911458337
vt 0.3874383734375001 0.8257485911458337
vt 0.3874383734375001 0.8705375000000001
vt 0.34375 0.8913708333333333
vt 0.34375 0.8855489322916665
vt 0.3483758734375001 0.8855489322916665
vt 0.3483758734375001 0.8913708333333333
vt 0.3637414257812501 0.846581924479167
vt 0.3637414257812501 0.8913708333333333
vt 0.359375 0.8913708333333333
vt 0.359375 0.846581924479167
vt 0.3637414257812501 0.8361652578125004
vt 0.3637414257812501 0.8809541666666667
vt 0.359375 0.8809541666666667
vt 0.359375 0.8361652578125004
vn -0.9528548843873376 0.25778958047557277 -0.16003781271131506
vn 0.2697753616095264 0.9611775665338955 -0.057956361690744806
vn 0.9528548843873376 -0.25778958047557277 0.16003781271131506
vn -0.2697753616095264 -0.9611775665338955 0.057956361690744806
vn -0.13888420920912165 0.09839826111373783 0.9854080163273231
vn 0.13888420920912165 -0.09839826111373783 -0.9854080163273231
usemtl m_890a103a-2c95-a057-8483-4c3958a0f191
f 36/100/25 39/99/25 37/98/25 34/97/25
f 35/104/26 36/103/26 34/102/26 33/101/26
f 40/108/27 35/107/27 33/106/27 38/105/27
f 39/112/28 40/111/28 38/110/28 37/109/28
f 38/116/29 33/115/29 34/114/29 37/113/29
f 39/120/30 36/119/30 35/118/30 40/117/30
o cube
v 0.43190308430293023 1.2039151922900775 0.07343472789854921
v 0.351254018000846 1.1694048749680532 0.09177360628250508
v 0.42605195165632703 1.1794645500739152 0.0016916376822856405
v 0.3454028853542429 1.144954232751891 0.02003051606624151
v 0.6153010302736674 0.637268517659471 0.2515952916107076
v 0.6959500965757517 0.6717788349814953 0.23325641322675184
v 0.6094498976270644 0.6128178754433087 0.17985220139444413
v 0.6900989639291486 0.6473281927653329 0.16151332301048815
vt 0.40625 0.7055093333333338
vt 0.40625 0.8080375000000001
vt 0.41575258242187507 0.8080375000000001
vt 0.41575258242187507 0.7055093333333338
vt 0.359375 0.6622041666666667
vt 0.359375 0.6472676822916668
vt 0.36887758242187507 0.6472676822916668
vt 0.36887758242187507 0.6622041666666667
vt 0.34375 0.5580375
vt 0.34375 0.45550933333333377
vt 0.35325258242187507 0.45550933333333377
vt 0.35325258242187507 0.5580375
vt 0.34375 0.5580375
vt 0.34375 0.543101015625
vt 0.35325258242187507 0.543101015625
vt 0.35325258242187507 0.5580375
vt 0.37057736328125 0.9330375000000001
vt 0.37057736328125 0.8305093333333338
vt 0.359375 0.8305093333333338
vt 0.359375 0.9330375000000001
vt 0.42526486328125 0.8080375000000001
vt 0.42526486328125 0.7055093333333338
vt 0.4140625 0.7055093333333338
vt 0.4140625 0.8080375000000001
vn -0.8999112985948111 -0.38507853717556645 0.20463180316883006
vn -0.42922678527822833 0.8650246636429725 -0.25980126652708946
vn 0.8999112985948111 0.38507853717556645 -0.20463180316883006
vn 0.42922678527822833 -0.8650246636429725 0.25980126652708946
vn 0.07696766503616095 0.3216315461768136 0.9437314909669983
vn -0.07696766503616095 -0.3216315461768136 -0.9437314909669983
usemtl m_890a103a-2c95-a057-8483-4c3958a0f191
f 44/124/31 47/123/31 45/122/31 42/121/31
f 43/128/32 44/127/32 42/126/32 41/125/32
f 48/132/33 43/131/33 41/130/33 46/129/33
f 47/136/34 48/135/34 46/134/34 45/133/34
f 46/140/35 41/139/35 42/138/35 45/137/35
f 47/144/36 44/143/36 43/142/36 48/141/36
o cube
v 0.26373981686954817 1.6011308697056625 0.06014618054821286
v 0.20180580178772778 1.5776738622320674 0.07082070596410484
v 0.2553706282361973 1.596135560651701 0.0006107509068993267
v 0.19343661315437688 1.5726785531781058 0.011285276322791193
v 0.3660853639559013 1.1497530686820512 0.0836317325176077
v 0.4280193790377217 1.1732100761556463 0.07295720710171583
v 0.3577161753225504 1.1447577596280898 0.02409630287629405
v 0.4196501904043708 1.168214767101685 0.013421777460402184
vt 0.3984375 0.6586958333333337
vt 0.3984375 0.7351208333333334
vt 0.40597849609375003 0.7351208333333334
vt 0.40597849609375003 0.6586958333333337
vt 0.390625 0.7239404947916668
vt 0.390625 0.7351208333333334
vt 0.39816599609375003 0.7351208333333334
vt 0.39816599609375003 0.7239404947916668
vt 0.359375 0.8045291666666671
vt 0.359375 0.8809541666666667
vt 0.36691599609375003 0.8809541666666667
vt 0.36691599609375003 0.8045291666666671
vt 0.34375 0.5468571614583333
vt 0.34375 0.5580375
vt 0.35129099609375003 0.5580375
vt 0.35129099609375003 0.5468571614583333
vt 0.3671875 0.8253625000000003
vt 0.3671875 0.9017875000000001
vt 0.37557275390625 0.9017875000000001
vt 0.37557275390625 0.8253625000000003
vt 0.4140625 0.6899458333333337
vt 0.4140625 0.7663708333333333
vt 0.42244775390625 0.7663708333333333
vt 0.42244775390625 0.6899458333333337
vn -0.9232578967533933 -0.3496764638234642 0.15912644887138663
vn -0.3582587769450984 0.9332042166612566 -0.027938123549237925
vn 0.9232578967533933 0.3496764638234642 -0.15912644887138663
vn 0.3582587769450984 -0.9332042166612566 0.027938123549237925
vn 0.13872816882054917 0.08280254013958538 0.9868628245719513
vn -0.13872816882054917 -0.08280254013958538 -0.9868628245719513
usemtl m_890a103a-2c95-a057-8483-4c3958a0f191
f 52/148/37 55/147/37 53/146/37 50/145/37
f 51/152/38 52/151/38 50/150/38 49/149/38
f 56/156/39 51/155/39 49/154/39 54/153/39
f 55/160/40 56/159/40 54/158/40 53/157/40
f 54/164/41 49/163/41 50/162/41 53/161/41
f 55/168/42 52/167/42 51/166/42 56/165/42
o cube
v 0.18168400379209204 1.8163186686492283 0.06459273091906603
v 0.1365926100906154 1.800755711536322 0.07088668078860771
v 0.1750254739740289 1.815693050019263 0.015342439475442227
v 0.12993408027255238 1.8001300929063562 0.02163638934498402
v 0.2139650466523847 1.5735173146393442 0.06331267278852348
v 0.25905644035386133 1.589080271752251 0.05701872291898169
v 0.20730651683432166 1.5728916960093788 0.014062381344899788
v 0.2523979105357983 1.5884546531222852 0.007768431475357995
vt 0.3984375 0.7159260000000003
vt 0.3984375 0.7559541666666667
vt 0.40465028750000004 0.7559541666666667
vt 0.40465028750000004 0.7159260000000003
vt 0.3984375 0.7375183333333333
vt 0.3984375 0.7455375
vt 0.40465028750000004 0.7455375
vt 0.40465028750000004 0.7375183333333333
vt 0.421875 0.7159260000000003
vt 0.421875 0.7559541666666667
vt 0.42808778750000004 0.7559541666666667
vt 0.42808778750000004 0.7159260000000003
vt 0.34375 0.5500183333333333
vt 0.34375 0.5580375
vt 0.34996278750000004 0.5580375
vt 0.34996278750000004 0.5500183333333333
vt 0.3984375 0.726342666666667
vt 0.3984375 0.7663708333333333
vt 0.404451875 0.7663708333333333
vt 0.404451875 0.726342666666667
vt 0.3984375 0.726342666666667
vt 0.3984375 0.7663708333333333
vt 0.404451875 0.7663708333333333
vt 0.404451875 0.726342666666667
vn -0.9371587592533771 -0.32345333290879 0.13081055532664945
vn -0.32215829920501915 0.9461603991230352 0.03153615995438355
vn 0.9371587592533771 0.32345333290879 -0.13081055532664945
vn 0.32215829920501915 -0.9461603991230352 -0.03153615995438355
vn 0.13396824328175844 0.012587317487631136 0.9909056812989141
vn -0.13396824328175844 -0.012587317487631136 -0.9909056812989141
usemtl m_890a103a-2c95-a057-8483-4c3958a0f191
f 60/172/43 63/171/43 61/170/43 58/169/43
f 59/176/44 60/175/44 58/174/44 57/173/44
f 64/180/45 59/179/45 57/178/45 62/177/45
f 63/184/46 64/183/46 62/182/46 61/181/46
f 62/188/47 57/187/47 58/186/47 61/185/47
f 63/192/48 60/191/48 59/190/48 64/189/48
o cube
v 0.809793113679623 1.728924850371694 -0.24961092971703375
v 0.742773212393731 1.703069094625067 -0.24292915482691324
v 0.8112954857679304 1.7073420953305174 -0.3180582541408409
v 0.7442755844820383 1.6814863395838895 -0.3113764792507204
v 0.9118514835407203 1.2987149678770948 -0.11171738550788868
v 0.9788713848266124 1.324570723623722 -0.11839916039800918
v 0.9133538556290277 1.2771322128359177 -0.1801647099316958
v 0.9803737569149198 1.3029879685825452 -0.18684648482181632
vt 0.359375 0.8151208333333334
vt 0.359375 0.8913708333333333
vt 0.36834814453125014 0.8913708333333333
vt 0.36834814453125014 0.8151208333333334
vt 0.375 0.8793467447916667
vt 0.375 0.8913708333333333
vt 0.38397314453125014 0.8913708333333333
vt 0.38397314453125014 0.8793467447916667
vt 0.4140625 0.6901208333333335
vt 0.4140625 0.7663708333333333
vt 0.42303564453125014 0.7663708333333333
vt 0.42303564453125014 0.6901208333333335
vt 0.375 0.8793467447916667
vt 0.375 0.8913708333333333
vt 0.38397314453125014 0.8913708333333333
vt 0.38397314453125014 0.8793467447916667
vt 0.359375 0.5859541666666668
vt 0.359375 0.6622041666666667
vt 0.36839306640625 0.6622041666666667
vt 0.36839306640625 0.5859541666666668
vt 0.3984375 0.7005375
vt 0.3984375 0.7767875000000001
vt 0.40745556640625 0.7767875000000001
vt 0.40745556640625 0.7005375
vn -0.9289671735983748 -0.3583882977495596 0.09261651263581411
vn -0.36956999157812004 0.8838341568261708 -0.28680168157163916
vn 0.9289671735983748 0.3583882977495596 -0.09261651263581411
vn 0.36956999157812004 -0.8838341568261708 0.28680168157163916
vn -0.02092872909651596 0.30065763130767936 0.9535024787775123
vn 0.02092872909651596 -0.30065763130767936 -0.9535024787775123
usemtl m_890a103a-2c95-a057-8483-4c3958a0f191
f 68/196/49 71/195/49 69/194/49 66/193/49
f 67/200/50 68/199/50 66/198/50 65/197/50
f 72/204/51 67/203/51 65/202/51 70/201/51
f 71/208/52 72/207/52 70/206/52 69/205/52
f 70/212/53 65/211/53 66/210/53 69/209/53
f 71/216/54 68/215/54 67/214/54 72/213/54
o cube
v 0.5939008971543145 -0.0052771002531151814 0.42236605429491775
v 0.5568294596844682 0.023458240664286492 0.5646786272087299
v 0.45768534656967047 0.01373822601483254 0.38304332943438446
v 0.768337200083501 0.6805188611922798 0.11073773408750648
v 0.7390685436136185 0.7256543222975359 0.2742639574794102
v 0.6021684927747804 0.7447652029688402 0.23474363098641188
v 0.6314371492446629 0.6996297418635841 0.07121740759450823
v 0.4206139090998241 0.04247356693223421 0.5253559023481966
vt 0.3951921875 0.43832812500000007
vt 0.375 0.43832812500000007
vt 0.37655625 0.46875
vt 0.3967484375 0.46875
vt 0.3717526148091518 0.1928498731317917
vt 0.35156250000000006 0.1932356192277389
vt 0.3515625 0.33333333333333337
vt 0.3716510627343553 0.3329495274599533
vt 0.37946562500000003 0.0625
vt 0.37946562500000003 0.035712499999999925
vt 0.359375 0.035712499999999925
vt 0.359375 0.0625
vt 0.392118012540416 0.7540370297317198
vt 0.39554537122936395 0.8950895815805116
vt 0.4141731866479985 0.8850547469683184
vt 0.4138984219401892 0.744973079366806
vt 0.3820298653718557 0.698634465885478
vt 0.4040983636175972 0.7066329028581091
vt 0.4004312972714556 0.5666181819336209
vt 0.3815823936790532 0.5575211060345582
vt 0.3359375 0.6505395833333334
vt 0.33598828125 0.7916666666666666
vt 0.35607890625 0.7916666666666666
vt 0.3561296875 0.6505395833333334
vn 0.19875995327642473 0.9532680775991733 -0.22754000352450127
vn 0.19025822776046672 -0.4458414317952667 -0.8746583472786347
vn -0.1789661896392733 -0.9723959347404586 0.1497239094674927
vn 0.9521563333083468 -0.13339082897091348 0.2749640043483093
vn -0.9657213739500543 0.14754265744317127 -0.2135729199374919
vn -0.19761744187952435 0.4180049209892759 0.8866900431908222
usemtl m_890a103a-2c95-a057-8483-4c3958a0f191
f 78/217/55 77/218/55 76/219/55 79/220/55
f 79/221/56 76/222/56 73/223/56 75/224/56
f 73/225/57 74/226/57 80/227/57 75/228/57
f 77/229/58 74/230/58 73/231/58 76/232/58
f 78/233/59 79/234/59 75/235/59 80/236/59
f 78/237/60 80/238/60 74/239/60 77/240/60