# Made in Blockbench 4.12.3
mtllib poplar_twig_branch_up_3.mtl

o cube
v 0.6384713319547364 -0.16619386581239182 0.1816923571836942
v 0.8027513929613422 -0.18912692261795683 0.22911674897529216
v 0.8378737807252012 -0.2432894759442642 0.0328852809050077
v 0.6735937197185953 -0.22035641913869908 -0.014539110886590267
v 0.6285502172101773 -1.0662446296787382 0.40683926515390123
v 0.46509155650860445 -1.0434262381572008 0.3596519953212613
v 0.5840644922463617 -1.0317622205778563 0.5776143526504758
v 0.4206058315447889 -1.0089438290563189 0.5304270828178359
vt 0.9116736849958933 0.7708333333333327
vt 0.8541666666666662 0.7708333333333327
vt 0.8585989565885422 0.702116152646842
vt 0.9161059749177692 0.702116152646842
vt 0.7467558877108691 0.7715297371089159
vt 0.7467558877108691 0.829036387124431
vt 0.43750118019261414 0.8333333333333334
vt 0.4375 0.7761133720818519
vt 0.47916819144182665 0.880281342238988
vt 0.5391041684239828 0.880281342238988
vt 0.5391043558346076 0.9375
vt 0.4791666666666667 0.9374988131143203
vt 0.4584039548882091 0.375
vt 0.14583333333333334 0.3749999999999999
vt 0.160118533493916 0.31679025215017553
vt 0.4692211931171784 0.3071398061001481
vt 0.5733210974632467 0.375
vt 0.5625 0.306996138827173
vt 0.87162943057522 0.3169073398498822
vt 0.8858678837386954 0.37499999999999967
vt 0.9584323256816334 0.9166666666666666
vt 0.6458596820694289 0.9166666666666666
vt 0.6458333333333334 0.8594465939362093
vt 0.9584060865867174 0.8591602132859069
vn 0.1987599532764245 0.9532680775991733 -0.22754000352450168
vn 0.19025822776046664 -0.4458414317952668 -0.8746583472786348
vn -0.17896618963927405 -0.9723959347404585 0.1497239094674922
vn 0.9521563333083466 -0.1333908289709134 0.27496400434830975
vn -0.9657213739500544 0.14754265744317158 -0.2135729199374914
vn -0.19761744187952388 0.41800492098927583 0.8866900431908223
usemtl m_f23575e2-cc97-7a83-b840-6fcab659f436
f 1/1/1 2/2/1 3/3/1 4/4/1
f 4/5/2 3/6/2 5/7/2 6/8/2
f 5/9/3 7/10/3 8/11/3 6/12/3
f 2/13/4 7/14/4 5/15/4 3/16/4
f 1/17/5 4/18/5 6/19/5 8/20/5
f 1/21/6 8/22/6 7/23/6 2/24/6
o cube
v 1.0286682942448513 0.480090638598099 -0.3439338798742457
v 0.6671983773464105 -0.2804263599009238 0.06815312478408864
v 0.6478911035198527 -0.20730019888991258 0.18617356529410345
v 1.0093610204182932 0.5532167996091102 -0.22591343936423086
v 1.153009825468988 0.4440977592681903 -0.30129112190165813
v 1.13370255164243 0.5172239202792017 -0.18327068139164332
v 0.7915399085705475 -0.3164192392308325 0.11079588275667618
v 0.7722326347439892 -0.2432930782198212 0.228816323266691
vt 0.7916600267524676 0.9166666666666666
vt 0.47916922951991753 0.9166666666666666
vt 0.4791666666666667 0.875
vt 0.7916603430256703 0.8750005577338996
vt 0.8749999999999999 0.770833333333334
vt 0.9166666666666665 0.770833333333334
vt 0.9166657212477167 0.8125000000000008
vt 0.8750007593142372 0.8124991609330517
vt 0.06250256285325088 0.8125
vt 0.3749933600858009 0.8125
vt 0.37499367635900377 0.8541661089327671
vt 0.0625 0.8541666666666666
vt 0.8541666666666661 0.7916666666666673
vt 0.8541666666666661 0.7500000000000006
vt 0.8958324942663838 0.7500007593142378
vt 0.8958333333333327 0.7916657212477175
vt 0.16666696903475073 0.7291666666666667
vt 0.47915976245859954 0.7291666666666667
vt 0.4791588151867545 0.7708333333333334
vt 0.16666666666666666 0.7708315164798356
vt 0.3958333333333333 0.8125
vt 0.7083254818597005 0.8125
vt 0.7083261411262641 0.8541666666666666
vt 0.39583334770869455 0.8541648498094199
vn -0.9123368298474898 0.2640922071784646 -0.3128846672680518
vn 0.3855775507971089 0.811238412692613 -0.4395704608970815
vn 0.9123368298474898 -0.26409220717846327 0.3128846672680533
vn -0.38557755079710826 -0.8112384126926132 0.43957046089708135
vn -0.13773692760162792 0.5216776244766278 0.8419507081149624
vn 0.137736927601627 -0.5216776244766276 -0.8419507081149628
usemtl m_f23575e2-cc97-7a83-b840-6fcab659f436
f 9/25/7 10/26/7 11/27/7 12/28/7
f 13/29/8 9/30/8 12/31/8 14/32/8
f 15/33/9 13/34/9 14/35/9 16/36/9
f 10/37/10 15/38/10 16/39/10 11/40/10
f 16/41/11 14/42/11 12/43/11 11/44/11
f 10/45/12 9/46/12 13/47/12 15/48/12
o cube
v 0.8089998420034463 0.9578714981256673 -0.47365177510086404
v 1.0118937673798334 0.4726465460281015 -0.3161976519180348
v 1.0100909208738644 0.4985458520775139 -0.23406086260946624
v 0.8071969954974776 0.9837708041750797 -0.3915149857922955
v 0.8894237235465168 0.9888984050216203 -0.48166990496900863
v 0.887620877040548 1.0147977110710327 -0.39953311566044014
v 1.0923176489229038 0.5036734529240543 -0.3242157817861794
v 1.090514802416935 0.5295727589734669 -0.2420789924776109
vt 0.49549985201544183 0.8958333333333334
vt 0.3125 0.8958333333333333
vt 0.3125007676842881 0.875
vt 0.49550061969972986 0.875
vt 0.9446756183466722 0.8693741419531028
vt 0.9238432516014017 0.8693741419531028
vt 0.9238428146714573 0.8485408086197694
vt 0.9446761480047906 0.8485419666295582
vt 0.3333333333333333 0.8125
vt 0.5163331853487751 0.8125
vt 0.5163339530330632 0.8333333333333333
vt 0.3333341010176214 0.8333333333333334
vt 0.8750004369299438 0.8541666666666666
vt 0.8958328036752145 0.8541666666666666
vt 0.8958333333333327 0.8749988419902113
vt 0.8749999999999994 0.875
vt 0.5625001594286635 0.9166666666666666
vt 0.7454995435825301 0.9166666666666666
vt 0.7454993841538666 0.9374999999999998
vt 0.5625 0.9375
vt 0.5833333333333334 0.8333333333333334
vt 0.7663327174872 0.8333333333333334
vt 0.7663328769158633 0.8541666666666665
vt 0.5833334927619968 0.8541666666666666
vn -0.9289671735983749 -0.3583882977495603 0.09261651263581236
vn -0.3695699915781212 0.8838341568261706 -0.2868016815716385
vn 0.9289671735983748 0.35838829774955955 -0.09261651263581502
vn 0.36956999157811915 -0.8838341568261708 0.28680168157164104
vn -0.020928729096515726 0.3006576313076796 0.9535024787775123
vn 0.020928729096516597 -0.30065763130767925 -0.9535024787775123
usemtl m_f23575e2-cc97-7a83-b840-6fcab659f436
f 17/49/13 18/50/13 19/51/13 20/52/13
f 21/53/14 17/54/14 20/55/14 22/56/14
f 23/57/15 21/58/15 22/59/15 24/60/15
f 18/61/16 23/62/16 24/63/16 19/64/16
f 24/65/17 22/66/17 20/67/17 19/68/17
f 18/69/18 17/70/18 21/71/18 23/72/18
o cube
v 0.14799307641025228 0.8273021544387267 -0.08645766841265062
v 0.34512855101206064 0.3137972021787071 -0.0710844365484471
v 0.3551715773720816 0.31979157304346106 0.0003580790211291651
v 0.15803610277027325 0.8332965253034805 -0.015015152843074309
v 0.22231389450843686 0.8554505634070408 -0.09926709891172086
v 0.23235692086845783 0.8614449342717947 -0.02782458334214455
v 0.4194493691102452 0.3419456111470214 -0.08389386704751739
v 0.4294923954702662 0.34793998201177523 -0.012451351477941075
vt 0.4959213101472173 0.7083333333333333
vt 0.312501494252513 0.7083333333333333
vt 0.3125 0.6875
vt 0.4959200000171298 0.687501791534215
vt 0.895833333333333 0.8333333333333325
vt 0.895833333333333 0.812500219903889
vt 0.9166666666666664 0.8124999999999991
vt 0.9166666666666664 0.8333331134294426
vt 0.2708348275858463 0.8333333333333334
vt 0.4542546434805506 0.8333333333333334
vt 0.4542533333504632 0.8541648751324517
vt 0.2708333333333333 0.8541666666666666
vt 0.8750002199038902 0.7500000000000001
vt 0.8958333333333336 0.7500000000000002
vt 0.8958331134294438 0.7708333333333335
vt 0.8750000000000003 0.7708333333333335
vt 0.5 0.7708333333333334
vt 0.6834200647118217 0.7708333333333334
vt 0.6834206320570583 0.7916666666666666
vt 0.5000005673452366 0.7916666666666666
vt 0.5000005673452366 0.8750000000000001
vt 0.6834206320570585 0.875
vt 0.6834200647118219 0.8958333333333333
vt 0.5 0.8958333333333334
vn -0.9232578967533935 -0.34967646382346423 0.15912644887138655
vn -0.3582587769450981 0.933204216661257 -0.027938123549238077
vn 0.9232578967533935 0.34967646382346435 -0.15912644887138577
vn 0.35825877694509933 -0.9332042166612565 0.027938123549237876
vn 0.1387281688205489 0.08280254013958523 0.9868628245719513
vn -0.13872816882054895 -0.08280254013958535 -0.9868628245719513
usemtl m_f23575e2-cc97-7a83-b840-6fcab659f436
f 25/73/19 26/74/19 27/75/19 28/76/19
f 29/77/20 25/78/20 28/79/20 30/80/20
f 31/81/21 29/82/21 30/83/21 32/84/21
f 26/85/22 31/86/22 32/87/22 27/88/22
f 32/89/23 30/90/23 28/91/23 27/92/23
f 26/93/24 25/94/24 29/95/24 31/96/24
o cube
v 0.3303526030500916 0.3140329699272689 -0.07596338072051029
v 0.647209017777477 -0.3245306588430292 0.11582264167333267
v 0.654230376953401 -0.2951898881836344 0.20191434993284885
v 0.33737396222601534 0.3433737405866637 0.010128327539005944
v 0.4271314826125926 0.3554453507136981 -0.09797003478125726
v 0.4341528417885163 0.38478612137309276 -0.011878326521741034
v 0.743987897339978 -0.28311827805660006 0.0938159876125857
v 0.7510092565159019 -0.2537775073972053 0.17990769587210198
vt 0.30856851244488853 0.8958333333333334
vt 0.0625 0.8958333333333331
vt 0.06250036322948997 0.8654247064014583
vt 0.30856692295207594 0.8654254324547529
vt 0.875 0.8333333333333344
vt 0.875 0.7974837845555681
vt 0.9054079791209323 0.7974848302306309
vt 0.9054082425676079 0.8333314445320547
vt 0.041666666666666664 0.8029247064014583
vt 0.2877351791115552 0.8029247064014583
vt 0.28773358961874257 0.8333326072800387
vt 0.041667029896156636 0.8333333333333334
vt 0.8750000000000012 0.7404250907657255
vt 0.9108495487777675 0.7404250907657255
vt 0.9108476599764876 0.7708333333333336
vt 0.8750010456750639 0.770833069886658
vt 0.35416670180256954 0.7766515049033684
vt 0.6002350432245688 0.7766515049033685
vt 0.6002350080886659 0.8125
vt 0.3541666666666667 0.8124999999999999
vt 0.375 0.8599848382367018
vt 0.6210683414219993 0.8599848382367018
vt 0.6210683765579021 0.8958333333333331
vt 0.37500003513590285 0.8958333333333334
vn -0.8999112985948109 -0.38507853717556545 0.20463180316883242
vn -0.42922678527822883 0.8650246636429724 -0.2598012665270896
vn 0.8999112985948113 0.38507853717556656 -0.20463180316882906
vn 0.42922678527822794 -0.8650246636429729 0.2598012665270892
vn 0.07696766503616105 0.3216315461768139 0.9437314909669982
vn -0.07696766503616045 -0.3216315461768136 -0.9437314909669984
usemtl m_f23575e2-cc97-7a83-b840-6fcab659f436
f 33/97/25 34/98/25 35/99/25 36/100/25
f 37/101/26 33/102/26 36/103/26 38/104/26
f 39/105/27 37/106/27 38/107/27 40/108/27
f 34/109/28 39/110/28 40/111/28 35/112/28
f 40/113/29 38/114/29 36/115/29 35/116/29
f 34/117/30 33/118/30 37/119/30 39/120/30
o cube
v 1.2695562191056549 1.0299168947048516 -0.4908734300503666
v 1.0437907712749568 0.47654604153873903 -0.30713250093547395
v 1.0317290100994105 0.5069818897470517 -0.23028961979593454
v 1.2574944579301086 1.0603527429131643 -0.4140305489108272
v 1.3512759210105696 1.0042159034343845 -0.4678665493789527
v 1.3392141598350233 1.0346517516426974 -0.3910236682394133
v 1.1255104731798715 0.45084505026827193 -0.2841256202640601
v 1.1134487120043253 0.48128089847658484 -0.20728273912452067
vt 0.4792528214463288 0.8749999999999999
vt 0.27083366419703236 0.875
vt 0.2708333333333333 0.8471574438328966
vt 0.4792524905826297 0.8471574438328965
vt 0.8958333333333338 0.8054897064813513
vt 0.9254013876330243 0.8054897064813513
vt 0.9254009987878296 0.8333333333333333
vt 0.8958345751718948 0.8333320367423157
vt 0.2708336641970324 0.8054907771662299
vt 0.4792528214463288 0.8054907771662297
vt 0.4792524905826298 0.8333333333333331
vt 0.2708333333333333 0.8333333333333334
vt 0.8750000000000003 0.7708333333333344
vt 0.8750000000000003 0.7412652790336438
vt 0.9028423302609646 0.7412665208722047
vt 0.9028436268519823 0.7708329444881395
vt 0.625 0.7829322811176267
vt 0.8334201475889674 0.7829322811176265
vt 0.8334204524619242 0.8124999999999998
vt 0.6250003048729569 0.8125
vt 0.5625003048729569 0.8662656144509601
vt 0.7709204524619242 0.8662656144509601
vt 0.7709201475889674 0.8958333333333334
vt 0.5625 0.8958333333333334
vn -0.9212881893136285 0.2897467704750642 -0.25937401803281407
vn 0.3610745095331554 0.8850251945848434 -0.2938632394762083
vn 0.9212881893136282 -0.2897467704750639 0.2593740180328149
vn -0.36107450953315584 -0.8850251945848427 0.29386323947621046
vn -0.14440661618017295 0.3643860781497168 0.9199834320541108
vn 0.1444066161801724 -0.3643860781497165 -0.9199834320541111
usemtl m_f23575e2-cc97-7a83-b840-6fcab659f436
f 41/121/31 42/122/31 43/123/31 44/124/31
f 45/125/32 41/126/32 44/127/32 46/128/32
f 47/129/33 45/130/33 46/131/33 48/132/33
f 42/133/34 47/134/34 48/135/34 43/136/34
f 48/137/35 46/138/35 44/139/35 43/140/35
f 42/141/36 41/142/36 45/143/36 47/144/36
o cube
v 1.4329196046728412 1.4806495196980067 -0.5082178594388831
v 1.2686920504406838 0.9977102791827266 -0.4754247706296948
v 1.2561579152482982 1.0061774290545262 -0.4135010960051098
v 1.4203854694804556 1.4891166695698064 -0.44629418481429806
v 1.4950891927592074 1.4605493401444276 -0.49288554493371756
v 1.4825550575668218 1.4690164900162272 -0.4309618703091326
v 1.33086163852705 0.9776100996291475 -0.46009245612452926
v 1.3183275033346644 0.9860772495009469 -0.3981687814999443
vt 0.48288420712556346 0.8333333333333334
vt 0.3125019881514736 0.8333333333333333
vt 0.3125 0.8125002843758093
vt 0.48288428201845274 0.8125
vt 0.8750005748778394 0.7916666666666664
vt 0.8958333333333335 0.7916666666666664
vt 0.8958319718376085 0.8124999999999997
vt 0.8750000000000001 0.8124981329004898
vt 0.3750019881514735 0.8541666666666667
vt 0.5453842071255633 0.8541666666666666
vt 0.5453842820184527 0.875
vt 0.375 0.8749997156241907
vt 0.8749999999999996 0.7708333333333326
vt 0.8749999999999996 0.7500005748778386
vt 0.8958314662338229 0.7499999999999993
vt 0.8958333333333329 0.7708319718376077
vt 0.6041666666666666 0.7291666666666667
vt 0.7745503468737298 0.7291666666666667
vt 0.7745508863271704 0.75
vt 0.6041672061201072 0.75
vt 0.6875005394534405 0.8333333333333334
vt 0.8578842196605038 0.8333333333333334
vt 0.8578836802070632 0.8541666666666666
vt 0.6875 0.8541666666666666
vn -0.9263419618608474 0.29949755715851567 -0.22845520994689125
vn 0.32128906510781025 0.9448055036470135 -0.06415525637438009
vn 0.9263419618608474 -0.2994975571585156 0.2284552099468917
vn -0.32128906510780963 -0.9448055036470141 0.06415525637437698
vn -0.1966313971316513 0.1328298668763745 0.9714382739668329
vn 0.19663139713165206 -0.13282986687637477 -0.9714382739668327
usemtl m_f23575e2-cc97-7a83-b840-6fcab659f436
f 49/145/37 50/146/37 51/147/37 52/148/37
f 53/149/38 49/150/38 52/151/38 54/152/38
f 55/153/39 53/154/39 54/155/39 56/156/39
f 50/157/40 55/158/40 56/159/40 51/160/40
f 56/161/41 54/162/41 52/163/41 51/164/41
f 50/165/42 49/166/42 53/167/42 55/168/42
o cube
v 0.07179003695206287 1.1002440021126274 -0.07403633278601912
v 0.16463696082618606 0.827557925836254 -0.08312514238612023
v 0.17262719660786174 0.8283086681922127 -0.024024792653771776
v 0.07978027273373856 1.100994744468586 -0.01493598305367061
v 0.12589970939383477 1.1189195506481153 -0.08158907262946924
v 0.13388994517551034 1.1196702930040738 -0.022488722897120728
v 0.21874663326795796 0.8462334743717419 -0.0906778822295704
v 0.22673686904963364 0.8469842167277006 -0.031577532497221894
vt 0.8496414340296957 0.9410725285919118
vt 0.7535725285919117 0.9410725285919118
vt 0.7535728266364492 0.9211916012590995
vt 0.8496417320742333 0.9211916012590997
vt 0.8958333333333336 0.8333333333333336
vt 0.8958333333333336 0.814087464255464
vt 0.9157129477160953 0.8140856828937584
vt 0.9157150294669378 0.8333314707853748
vt 0.6666666666666666 0.7926190726671879
vt 0.7627355721044506 0.7926190726671878
vt 0.7627358701489882 0.8125
vt 0.6666669647112041 0.8125
vt 0.8750017813617048 0.750951637199729
vt 0.8942476504395745 0.750951637199729
vt 0.8942457878916157 0.7708333333333331
vt 0.8749999999999992 0.7708312515824908
vt 0.5000006606589111 0.7724190246642341
vt 0.5960682090967016 0.7724190246642341
vt 0.5960668744961248 0.7916646953522805
vt 0.5 0.7916666666666666
vt 0.5833333333333334 0.8765856913485099
vt 0.679400207849684 0.87658569134851
vt 0.6794019373758546 0.8958313620051183
vt 0.5833343889582903 0.8958333333333334
vn -0.937158759253377 -0.32345333290878975 0.13081055532665067
vn -0.3221582992050196 0.9461603991230348 0.03153615995438529
vn 0.9371587592533774 0.3234533329087898 -0.13081055532664757
vn 0.32215829920502004 -0.9461603991230347 -0.031536159954381845
vn 0.1339682432817585 0.012587317487631094 0.9909056812989143
vn -0.13396824328175816 -0.012587317487631134 -0.9909056812989142
usemtl m_f23575e2-cc97-7a83-b840-6fcab659f436
f 57/169/43 58/170/43 59/171/43 60/172/43
f 61/173/44 57/174/44 60/175/44 62/176/44
f 63/177/45 61/178/45 62/179/45 64/180/45
f 58/181/46 63/182/46 64/183/46 59/184/46
f 64/185/47 62/186/47 60/187/47 59/188/47
f 58/189/48 57/190/48 61/191/48 63/192/48
o cube
v 0.674658105772499 1.3970229652038326 -0.48042050349698107
v 0.8241744815387251 0.9476978643826479 -0.4597370040405508
v 0.83136537967449 0.9527034420618281 -0.4029780078138616
v 0.6818490039082639 1.4020285428830128 -0.4236615072702919
v 0.7260550993779689 1.4137580283865934 -0.4884079457416981
v 0.7332459975137338 1.4187636060657738 -0.431648949515009
v 0.8755714751441952 0.9644329275654089 -0.4677244462852679
v 0.8827623732799601 0.9694385052445891 -0.4109654500585787
vt 0.5746678481517886 0.7916666666666666
vt 0.4166666666666667 0.7916666666666666
vt 0.41666809301412316 0.7725236260275734
vt 0.5746671999169207 0.7725238167786084
vt 0.9527011516454383 0.84854080861977
vt 0.9344888483739852 0.84854080861977
vt 0.9344880824273297 0.829397313923914
vt 0.9527003856987829 0.829397313923914
vt 0.4166666666666667 0.8558569593609068
vt 0.5746678481517886 0.8558569593609066
vt 0.5746671999169207 0.8749998092489649
vt 0.41666809301412316 0.875
vt 0.9335576569495817 0.8693733760064479
vt 0.9335576569495817 0.8511610727349946
vt 0.9527011516454378 0.8511618386816501
vt 0.9527011516454378 0.8693741419531034
vt 0.6666669626008311 0.7942864823146399
vt 0.8246676875079674 0.7942864823146399
vt 0.8246667510561281 0.8124980175734854
vt 0.6666666666666666 0.8125
vt 0.7083333333333334 0.8567864823197867
vt 0.8663334177352314 0.8567864823197867
vt 0.8663345826871408 0.8749980175654489
vt 0.7083338577924415 0.875
vn -0.9406504498920722 -0.30627948460706983 0.14618347521751593
vn -0.31543539191186926 0.9479432506776067 -0.043636074802594925
vn 0.9406504498920718 0.3062794846070703 -0.14618347521751707
vn 0.3154353919118717 -0.947943250677606 0.043636074802594564
vn 0.12520880419222727 0.08715773519086212 0.9882946344836403
vn -0.12520880419222666 -0.08715773519086187 -0.9882946344836403
usemtl m_f23575e2-cc97-7a83-b840-6fcab659f436
f 65/193/49 66/194/49 67/195/49 68/196/49
f 69/197/50 65/198/50 68/199/50 70/200/50
f 71/201/51 69/202/51 70/203/51 72/204/51
f 66/205/52 71/206/52 72/207/52 67/208/52
f 72/209/53 70/210/53 68/211/53 67/212/53
f 66/213/54 65/214/54 69/215/54 71/216/54
o cube
v 1.5240688740706352 1.780470653876066 -0.5191230892684988
v 1.4370716766785874 1.4705099740509426 -0.5004333134192407
v 1.430904053245608 1.4748796819138121 -0.45667293484808985
v 1.5179012506376557 1.7848403617389357 -0.475362710697348
v 1.5640103473472333 1.7696647108009342 -0.5124146742470821
v 1.5578427239142543 1.774034418663804 -0.4686542956759313
v 1.477013149955186 1.4597040309758111 -0.49372489839782396
v 1.4708455265222067 1.4640737388386806 -0.4499645198266732
vt 0.4408269337845913 0.7708333333333334
vt 0.33333463332954455 0.7708333333333334
vt 0.3333333333333333 0.7560314951916528
vt 0.44082770628824125 0.7560312830075278
vt 0.8750000000000003 0.8601981940564163
vt 0.8889722624840655 0.8601981940564163
vt 0.8889723618873574 0.8749999999999999
vt 0.8750000994032924 0.8749999999999999
vt 0.39583463332954455 0.839364616340861
vt 0.5033269337845913 0.839364616340861
vt 0.5033277062882412 0.8541666666666666
vt 0.3958333333333333 0.8541664544825417
vt 0.8750000000000004 0.8749999005967084
vt 0.8750000000000004 0.8610276381126434
vt 0.889801805943584 0.8610277375159354
vt 0.8898018059435842 0.8750000000000004
vt 0.5416675369246445 0.7985274244261745
vt 0.6491598085501032 0.7985274244261745
vt 0.6491589382921253 0.8125
vt 0.5416666666666666 0.8125
vt 0.6041666666666666 0.8401940910928413
vt 0.7116589382921253 0.8401940910928413
vt 0.7116598085501034 0.8541666666666666
vt 0.6041675369246448 0.8541666666666666
vn -0.9528548843873376 0.2577895804755735 -0.16003781271131437
vn 0.26977536160953286 0.9611775665338935 -0.05795636169074774
vn 0.9528548843873382 -0.25778958047557265 0.16003781271131085
vn -0.2697753616095248 -0.9611775665338957 0.057956361690745715
vn -0.13888420920912073 0.0983982611137375 0.9854080163273232
vn 0.13888420920912337 -0.0983982611137383 -0.9854080163273227
usemtl m_f23575e2-cc97-7a83-b840-6fcab659f436
f 73/217/55 74/218/55 75/219/55 76/220/55
f 77/221/56 73/222/56 76/223/56 78/224/56
f 79/225/57 77/226/57 78/227/57 80/228/57
f 74/229/58 79/230/58 80/231/58 75/232/58
f 80/233/59 78/234/59 76/235/59 75/236/59
f 74/237/60 73/238/60 77/239/60 79/240/60