# Made in Blockbench 4.12.3
mtllib poplar_twig_branch_3.mtl

o cube
v 0.46773766659134486 0.8306889443112726 -0.5350905902686797
v 0.5327255274855229 0.8449991683185463 -0.25467545274379527
v 0.5343577935416142 0.7854381718816645 -0.25201420653469414
v 0.469369932647436 0.7711279478743909 -0.5324293440595785
v 0.4115089259355649 0.8297324332512539 -0.5220104352674132
v 0.413141191991656 0.7701714368143722 -0.5193491890583121
v 0.47649678682974295 0.8440426572585276 -0.24159529774252875
v 0.4781290528858342 0.7844816608216458 -0.23893405153342762
vt 0.2708333333333333 0.8759525431007954
vt 0.3669018679879977 0.8759525431007955
vt 0.36690207373304284 0.8958333333333334
vt 0.2708335390783785 0.8958333333333333
vt 0.9157152249170757 0.8140869090397062
vt 0.9157152249170757 0.8333333333333321
vt 0.8958333333333345 0.8333310732634498
vt 0.8958353816485153 0.8140867667423507
vt 0.5960685346546644 0.8541666666666666
vt 0.5 0.8541666666666666
vt 0.5000002057450451 0.8342858764341289
vt 0.5960687403997095 0.8342858764341289
vt 0.9359132332576472 0.7708333333333321
vt 0.9166668089640212 0.7708333333333321
vt 0.9166666666666657 0.7509534900647717
vt 0.9359109731877648 0.7509514417495909
vt 0.36690135640252963 0.8333333333333334
vt 0.2708333333333333 0.8333333333333334
vt 0.27083358737605395 0.8140875788203052
vt 0.36690095105462106 0.8140856025911242
vt 0.5960680136515282 0.8958333333333334
vt 0.5000006499526343 0.8958333333333334
vt 0.5 0.8765875788296035
vt 0.5960680230488692 0.8765856025868582
vn 0.9738602074159043 0.016566404448001004 -0.22654326442319397
vn -0.22549350975833085 -0.049653313594711056 -0.9729785329111506
vn -0.9738602074159045 -0.01656640444799919 0.2265432644231939
vn 0.22549350975833177 0.049653313594711486 0.9729785329111503
vn 0.027367379646603334 -0.998629111678971 0.04461976959317619
vn -0.027367379646603365 0.998629111678971 -0.0446197695931762
usemtl m_d798f597-beab-43c5-7457-736aff3768a7
f 1/1/1 2/2/1 3/3/1 4/4/1
f 5/5/2 1/6/2 4/7/2 6/8/2
f 7/9/3 5/10/3 6/11/3 8/12/3
f 2/13/4 7/14/4 8/15/4 3/16/4
f 8/17/5 6/18/5 4/19/5 3/20/5
f 2/21/6 1/22/6 5/23/6 7/24/6
o cube
v 0.5462890744575115 0.8505299558220714 -0.26325534241738785
v 0.6548147497849983 0.8423766943361168 0.27613484077271444
v 0.6537807294148945 0.7699959398095277 0.275248800436549
v 0.5452550540874079 0.7781492012954825 -0.26414138275355326
v 0.46738016247241343 0.8514627132478134 -0.24736471584527947
v 0.46634614210230974 0.7790819587212243 -0.24825075618144488
v 0.5759058377999002 0.8433094517618587 0.2920254673448228
v 0.5748718174297966 0.7709286972352696 0.29113942700865736
vt 0.4542528182340535 0.8125
vt 0.27083475085999104 0.8125
vt 0.2708333333333333 0.7916684916986098
vt 0.4542534529312358 0.7916666666666666
vt 0.9374999999999996 0.8541666666666656
vt 0.9166681125446723 0.8541666666666657
vt 0.9166666666666662 0.8333333333333324
vt 0.9374985541219937 0.8333333333333325
vt 0.31250141752665767 0.875
vt 0.4959194849007201 0.875
vt 0.49592011959790244 0.8958333333333334
vt 0.3125 0.8958315083013902
vt 0.916666666666667 0.7500014458780061
vt 0.916666666666667 0.7708333333333334
vt 0.8958333333333336 0.7708318874553275
vt 0.8958333333333336 0.7500000000000001
vt 0.5208333333333334 0.8125
vt 0.7042527477124567 0.8125000000000001
vt 0.7042532590254087 0.8333333333333334
vt 0.5208338446462853 0.8333333333333333
vt 0.5416671779796188 0.875
vt 0.7250865923587421 0.875
vt 0.7250860810457901 0.8958333333333334
vt 0.5416666666666666 0.8958333333333333
vn 0.9802539581603426 -0.011587273675244338 -0.19740291943068236
vn -0.19722617549428909 0.014817107341900742 -0.9802460349473059
vn -0.9802539581603428 0.011587273675242947 0.19740291943068236
vn 0.19722617549428903 -0.014817107341901437 0.9802460349473058
vn -0.014283319322814077 -0.9998230785587987 -0.01223921444901216
vn 0.014283319322816733 0.9998230785587987 0.012239214449011222
usemtl m_d798f597-beab-43c5-7457-736aff3768a7
f 9/25/7 10/26/7 11/27/7 12/28/7
f 13/29/8 9/30/8 12/31/8 14/32/8
f 15/33/9 13/34/9 14/35/9 16/36/9
f 10/37/10 15/38/10 16/39/10 11/40/10
f 16/41/11 14/42/11 12/43/11 11/44/11
f 10/45/12 9/46/12 13/47/12 15/48/12
o cube
v 0.6663292921695243 0.8491558846447995 0.2681567993325711
v 0.7667599875020976 0.6586966428145988 0.974260422439206
v 0.7580853694370449 0.5707160801528317 0.9517629973920925
v 0.6576546741044713 0.7611753219830324 0.2456593742854576
v 0.5602784145246495 0.8553293038603718 0.28490582559272426
v 0.5516037964595968 0.7673487411986046 0.26240840054561065
v 0.6607091098572231 0.6648700620301708 0.991009448699359
v 0.6520344917921701 0.576889499368404 0.9685120236522455
vt 0.4335693850548758 0.8125
vt 0.1875 0.8124999999999999
vt 0.1875000100891823 0.7820920400589306
vt 0.4335693951440582 0.7820920400589307
vt 0.9316820347979814 0.8124999999999994
vt 0.8958333333333345 0.8124999999999994
vt 0.8958356453262675 0.7820920158818947
vt 0.9316822671353527 0.7820921396175868
vt 0.3541666666666667 0.8862587067255973
vt 0.6002360517215425 0.8862587067255973
vt 0.6002360618107248 0.9166666666666666
vt 0.3541666767558489 0.9166666666666666
vt 0.9262413174514391 0.7558177328646482
vt 0.9262413174514391 0.7916664343292952
vt 0.8958334570690266 0.7916666666666663
vt 0.8958333333333345 0.7558200448575811
vt 0.5 0.7974860259200228
vt 0.7460671641547764 0.7974860259200228
vt 0.746067182692934 0.8333333333333334
vt 0.5000000185381578 0.8333333333333331
vt 0.6458333518714912 0.8808193592533563
vt 0.8919005160262675 0.8808193592533563
vt 0.8919004974881095 0.9166666666666666
vt 0.6458333333333334 0.9166666666666666
vn 0.9861282074141452 -0.057404360622586456 -0.15574305096432603
vn -0.13604756759602374 0.25800395478071986 -0.956517129312755
vn -0.9861282074141452 0.05740436062258604 0.1557430509643263
vn 0.1360475675960235 -0.2580039547807205 0.956517129312755
vn -0.09509057731116288 -0.9644369853437912 -0.24661525380156435
vn 0.09509057731116301 0.9644369853437911 0.24661525380156435
usemtl m_d798f597-beab-43c5-7457-736aff3768a7
f 17/49/13 18/50/13 19/51/13 20/52/13
f 21/53/14 17/54/14 20/55/14 22/56/14
f 23/57/15 21/58/15 22/59/15 24/60/15
f 18/61/16 23/62/16 24/63/16 19/64/16
f 24/65/17 22/66/17 20/67/17 19/68/17
f 18/69/18 17/70/18 21/71/18 23/72/18
o cube
v 1.025268111811912 1.1559612481384194 0.24404603685807869
v 0.6637981949134721 0.5936362392150023 0.9013073157674014
v 0.6444909210869141 0.7042001350697726 0.9852828165744933
v 1.005960837985354 1.2665251439931897 0.3280215376651705
v 1.1496096430360483 1.1376407982403336 0.2967551753968344
v 1.1303023692094902 1.248204694095104 0.3807306762039262
v 0.7881397261376084 0.5753157893169165 0.9540164543061571
v 0.7688324523110506 0.6858796851716868 1.037991955113249
vt 0.45832532181397395 0.9166666666666666
vt 0.14583337155654022 0.9166666666666666
vt 0.14583333333333334 0.8750000000000001
vt 0.45832528359076713 0.875
vt 0.8958343551369 0.8333333333333338
vt 0.9374999999999999 0.8333333333333338
vt 0.9374992991694598 0.8750000000000004
vt 0.8958333333333331 0.8749981686657262
vt 0.5208333715565402 0.75
vt 0.8333253218139739 0.7500000000000001
vt 0.8333252835907671 0.7916666666666666
vt 0.5208333333333334 0.7916666666666665
vt 0.8958333333333329 0.7916666666666657
vt 0.8958333333333329 0.7500010218035659
vt 0.9374981686657252 0.7499999999999991
vt 0.9374999999999996 0.7916659658361258
vt 0.5416666666666666 0.8333333333333334
vt 0.8541591079433073 0.8333333333333334
vt 0.8541597603896443 0.8749999999999999
vt 0.5416673191130036 0.875
vt 0.5416673191130036 0.9166666666666666
vt 0.8541597603896441 0.9166666666666667
vt 0.8541591079433073 0.9583333333333334
vt 0.5416666666666666 0.9583333333333333
vn -0.9123368298474899 0.1344234787592418 -0.3867451838899823
vn 0.38557755079710887 0.5998283385601124 -0.7010962249089053
vn 0.9123368298474899 -0.13442347875924143 0.38674518388998247
vn -0.3855775507971088 -0.5998283385601122 0.7010962249089054
vn -0.13773692760162634 0.7887561680383096 0.599076160564236
vn 0.13773692760162637 -0.7887561680383095 -0.5990761605642362
usemtl m_d798f597-beab-43c5-7457-736aff3768a7
f 25/73/19 26/74/19 27/75/19 28/76/19
f 29/77/20 25/78/20 28/79/20 30/80/20
f 31/81/21 29/82/21 30/83/21 32/84/21
f 26/85/22 31/86/22 32/87/22 27/88/22
f 32/89/23 30/90/23 28/91/23 27/92/23
f 26/93/24 25/94/24 29/95/24 31/96/24
o cube
v 0.8237989783173898 1.8092814623185047 -0.30809752107458604
v 0.8961008772840109 1.52863811327438 0.06698613098601502
v 0.891406180489231 1.5740308171584783 0.1018546086221015
v 0.81910428152261 1.8546741662026034 -0.27322904343849963
v 0.8776143895087918 1.817876060209798 -0.3120404806751524
v 0.8729196927140122 1.8632687640938963 -0.277172003039066
v 0.9499162884754129 1.5372327111656734 0.06304317138544868
v 0.9452215916806332 1.5826254150497716 0.09791164902153515
vt 0.5538320676158016 0.875
vt 0.39583370720544436 0.8749999999999999
vt 0.3958333333333333 0.8558570802715918
vt 0.5538329427677278 0.8558554128733994
vt 0.916666666666666 0.8958329215410824
vt 0.916666666666666 0.877619854245525
vt 0.935812103827694 0.8776206728256095
vt 0.9358100605946095 0.8958333333333345
vt 0.37500037387211105 0.9183554128733995
vt 0.5329987342824682 0.9183554128733994
vt 0.5329996094343944 0.9375
vt 0.375 0.9374983326018076
vt 0.9166666666666664 0.8975212295056388
vt 0.9348797339622236 0.8975212295056387
vt 0.9348801457544758 0.9166646234335823
vt 0.916667485246751 0.9166666666666667
vt 0.5625009020436602 0.8776184550081857
vt 0.7204995751355084 0.8776184550081857
vt 0.7204992079943713 0.8958333333333334
vt 0.5625 0.8958313198395865
vt 0.5833333333333334 0.940118455004986
vt 0.7413325413405344 0.9401184550049861
vt 0.741332676356814 0.9583333333333334
vt 0.5833340032777955 0.9583313198464033
vn -0.9849115132471835 -0.1572954331754164 0.0721627173497592
vn -0.15253565182831635 0.5920745760424541 -0.79131572164684
vn 0.9849115132471837 0.15729543317541328 -0.07216271734976158
vn 0.15253565182831685 -0.5920745760424587 0.7913157216468365
vn -0.0817446389340199 0.7903833519921232 0.6071342280741897
vn 0.08174463893402602 -0.7903833519921222 -0.6071342280741906
usemtl m_d798f597-beab-43c5-7457-736aff3768a7
f 33/97/25 34/98/25 35/99/25 36/100/25
f 37/101/26 33/102/26 36/103/26 38/104/26
f 39/105/27 37/106/27 38/107/27 40/108/27
f 34/109/28 39/110/28 40/111/28 35/112/28
f 40/113/29 38/114/29 36/115/29 35/116/29
f 34/117/30 33/118/30 37/119/30 39/120/30
o cube
v 0.8767525281812549 1.5392468834789619 0.032434885107437195
v 0.9879945537629715 1.118330748315722 0.3668834146358493
v 0.990161212785752 1.172253190598289 0.4340261899303488
v 0.8789191872040352 1.593169325761529 0.09957766040193661
v 0.9615021229294638 1.5515933806018047 0.019784577625938993
v 0.963668781952244 1.6055158228843718 0.08692735292043852
v 1.0727441485111804 1.130677245438565 0.3542331071543512
v 1.0749108075339608 1.1845996877211318 0.4213758824488507
vt 0.45383541978797703 0.8541666666666666
vt 0.27083429226792294 0.8541666666666666
vt 0.2708333333333333 0.8333354600477942
vt 0.4538347570340156 0.8333333333333334
vt 0.8958333333333338 0.8958319219784353
vt 0.8958333333333338 0.8750000550513104
vt 0.9166666666666671 0.875
vt 0.9166663308941548 0.8958333333333334
vt 0.5000009589345896 0.7708333333333334
vt 0.6830020864546437 0.7708333333333334
vt 0.6830014237006822 0.7916666666666666
vt 0.5 0.7916645399522058
vt 0.8125000550513098 0.8749999999999991
vt 0.8333319219784349 0.8749999999999991
vt 0.8333333333333329 0.8958329975608201
vt 0.8124999999999996 0.8958333333333325
vt 0.4791666666666667 0.8333333333333334
vt 0.6621653700337337 0.8333333333333334
vt 0.6621657195827343 0.8541666666666666
vt 0.4791670162156674 0.8541666666666666
vt 0.5000003495490007 0.9166666666666666
vt 0.6829990529160677 0.9166666666666667
vt 0.6829987033670669 0.9375
vt 0.5 0.9374999999999999
vn -0.9789329983369165 -0.14261299400110697 0.14612227314524925
vn -0.2026266404038568 0.7666960567636424 -0.6091958643504795
vn 0.9789329983369166 0.14261299400110827 -0.14612227314524737
vn 0.20262664040385597 -0.7666960567636445 0.609195864350477
vn 0.025152124477686683 0.6259701993586593 0.7794412615131042
vn -0.02515212447768786 -0.6259701993586594 -0.7794412615131041
usemtl m_d798f597-beab-43c5-7457-736aff3768a7
f 41/121/31 42/122/31 43/123/31 44/124/31
f 45/125/32 41/126/32 44/127/32 46/128/32
f 47/129/33 45/130/33 46/131/33 48/132/33
f 42/133/34 47/134/34 48/135/34 43/136/34
f 48/137/35 46/138/35 44/139/35 43/140/35
f 42/141/36 41/142/36 45/143/36 47/144/36
o cube
v 1.7366128586421299 2.285311513081733 -0.2900999799952856
v 1.5952787389922785 2.0142133429985534 -0.18751395797780135
v 1.598333216667342 2.0284911958004215 -0.1455745046693826
v 1.7396673363171935 2.2995893658836013 -0.24816052668686678
v 1.7741797716222383 2.267044346764012 -0.28661713500685226
v 1.777234249297302 2.28132219956588 -0.2446776816984335
v 1.6328456519723868 1.9959461766808322 -0.18403111298936808
v 1.635900129647451 2.0102240294827003 -0.14209165968094928
vt 0.6283279317938147 0.8125
vt 0.5208338466448454 0.8125
vt 0.5208333333333334 0.7976964230844888
vt 0.6283281626689211 0.7976983689683638
vt 0.8958333333333327 0.860197033663357
vt 0.9098050262559889 0.860197033663357
vt 0.9098066319952475 0.8749983234330093
vt 0.8958337023830986 0.8750000000000006
vt 0.5208338466448454 0.8393630897511556
vt 0.6283279317938147 0.8393630897511556
vt 0.6283281626689211 0.8541647207827917
vt 0.5208333333333334 0.8541666666666666
vt 0.8958333333333339 0.8749983942607414
vt 0.8958333333333339 0.8610267013380853
vt 0.9106362996699774 0.8610270703878511
vt 0.910634623102986 0.875
vt 0.5208333333333334 0.8818610634322935
vt 0.6283269818052575 0.8818610634322935
vt 0.6283280159425857 0.8958333333333333
vt 0.5208343674706617 0.8958333333333334
vt 0.5208343674706617 0.9235277300989602
vt 0.6283280159425857 0.9235277300989602
vt 0.6283269818052574 0.9375
vt 0.5208333333333334 0.9375
vn -0.8962067141730354 0.435786595282014 -0.08308771776671482
vn 0.4382723165722138 0.8406662405030075 -0.31811577861678714
vn 0.8962067141730354 -0.4357865952820141 0.08308771776671485
vn -0.43827231657221316 -0.8406662405030063 0.31811577861679124
vn 0.06878155274198297 0.3215125432250626 0.9444039297627654
vn -0.06878155274198189 -0.321512543225063 -0.9444039297627652
usemtl m_d798f597-beab-43c5-7457-736aff3768a7
f 49/145/37 50/146/37 51/147/37 52/148/37
f 53/149/38 49/150/38 52/151/38 54/152/38
f 55/153/39 53/154/39 54/155/39 56/156/39
f 50/157/40 55/158/40 56/159/40 51/160/40
f 56/161/41 54/162/41 52/163/41 51/164/41
f 50/165/42 49/166/42 53/167/42 55/168/42
o cube
v 1.5855522284358177 2.0205653669714145 -0.1940931499554811
v 1.34077314823002 1.6152433308512784 -0.0015479988837671654
v 1.3507149116403447 1.637261621455639 0.05744093965676711
v 1.5954939918461428 2.0425836575757748 -0.13510421141494677
v 1.643532270185843 1.9868812099078657 -0.19129188406602804
v 1.6534740335961677 2.008899500512226 -0.13230294552549376
v 1.398753189980045 1.5815591737877295 0.001253267005685843
v 1.4086949533903697 1.6035774643920901 0.06024220554622017
vt 0.4203835344993308 0.8333333333333334
vt 0.2500005997519655 0.8333333333333334
vt 0.25 0.8125
vt 0.4203837667427334 0.8125018726243632
vt 0.875 0.7708333333333344
vt 0.8958333333333334 0.7708333333333344
vt 0.8958326460881018 0.7916666666666677
vt 0.8750020107884926 0.7916661420523642
vt 0.5416672664186323 0.75
vt 0.7120502011659976 0.75
vt 0.7120504334094001 0.7708314607089702
vt 0.5416666666666666 0.7708333333333334
vt 0.8958333333333321 0.7708333333333326
vt 0.8958333333333321 0.7499999999999993
vt 0.916666142052362 0.7500020107884919
vt 0.9166666666666655 0.7708326460881012
vt 0.5208346607563578 0.8333333333333334
vt 0.6912188343217522 0.8333333333333334
vt 0.691216392688728 0.8541666666666666
vt 0.5208333333333334 0.8541650273307577
vt 0.75 0.8958333333333334
vt 0.9203830593644883 0.8958333333333334
vt 0.9203852698656135 0.9166666666666666
vt 0.7500010963093127 0.9166650273200392
vn -0.863916703917658 0.5019021212514603 -0.04173954210738904
vn 0.4788772639583705 0.7929579092954301 -0.376688624927228
vn 0.8639167039176568 -0.5019021212514622 0.04173954210738614
vn -0.47887726395837255 -0.7929579092954278 0.37668862492722993
vn 0.15596311985785064 0.345415712973667 0.9253990979437461
vn -0.1559631198578489 -0.3454157129736678 -0.9253990979437463
usemtl m_d798f597-beab-43c5-7457-736aff3768a7
f 57/169/43 58/170/43 59/171/43 60/172/43
f 61/173/44 57/174/44 60/175/44 62/176/44
f 63/177/45 61/178/45 62/179/45 64/180/45
f 58/181/46 63/182/46 64/183/46 59/184/46
f 64/185/47 62/186/47 60/187/47 59/188/47
f 58/189/48 57/190/48 61/191/48 63/192/48
o cube
v 1.3369026611980104 1.6120888783204017 -0.016137748810956754
v 1.0133231908234868 1.1775458443557538 0.2959820127949624
v 1.0245487670897562 1.2201544480029285 0.3669407941639298
v 1.3481282374642798 1.6546974819675762 0.05482103255801063
v 1.4118604304116686 1.5671407967246833 -0.0010059946060422265
v 1.423086006677938 1.6097494003718578 0.06995278676292516
v 1.088280960037145 1.1325977627600354 0.3111137669998769
v 1.0995065363034144 1.1752063664072099 0.3820725483688443
vt 0.5209197004312566 0.9375
vt 0.31250027738537584 0.9374999999999999
vt 0.3125 0.9096568489759
vt 0.5209206557864745 0.9096585284485572
vt 0.9166667958436098 0.8054908540627898
vt 0.9462343360088586 0.8054908540627898
vt 0.9462327287834649 0.8333333333333345
vt 0.916666666666667 0.8333318651199462
vt 0.18750027738537592 0.8263235156425668
vt 0.3959197004312565 0.8263235156425667
vt 0.3959206557864745 0.8541649871940095
vt 0.1875 0.8541666666666666
vt 0.8958333333333338 0.791666666666666
vt 0.8958333333333339 0.762099126501417
vt 0.9236743443904901 0.7620989973244742
vt 0.9236758126038787 0.7916650594412721
vt 0.37500130123608155 0.7204314834664831
vt 0.5834202505709256 0.7204314834664831
vt 0.5834206327055514 0.75
vt 0.375 0.7499987725877468
vt 0.5416666666666666 0.8454314834692461
vt 0.7500872993758323 0.8454314834692462
vt 0.7500867431089286 0.875
vt 0.5416677937776988 0.8749987725976602
vn -0.845055792716825 0.5067338198886685 -0.17059174357739884
vn 0.5175118676622941 0.6949797427704495 -0.4991839580429283
vn 0.845055792716825 -0.5067338198886693 0.17059174357739804
vn -0.5175118676622942 -0.6949797427704495 0.4991839580429283
vn 0.1343955878160556 0.5101215472019957 0.8495374229872509
vn -0.13439558781605532 -0.5101215472019959 -0.8495374229872505
usemtl m_d798f597-beab-43c5-7457-736aff3768a7
f 65/193/49 66/194/49 67/195/49 68/196/49
f 69/197/50 65/198/50 68/199/50 70/200/50
f 71/201/51 69/202/51 70/203/51 72/204/51
f 66/205/52 71/206/52 72/207/52 67/208/52
f 72/209/53 70/210/53 68/211/53 67/212/53
f 66/213/54 65/214/54 69/215/54 71/216/54
o cube
v 0.6226021913297362 0.727988943541664 0.9806263717148072
v 0.7868822523363421 0.7203780881834208 1.0327519212271734
v 0.8220046401002009 0.6097144024863447 0.8618896377595138
v 0.657724579093595 0.6173252578445878 0.8097640882471475
v 0.6126810765851773 -0.06270174552446459 1.4660032787974058
v 0.44922241588360445 -0.05512894444301266 1.4141383570326014
v 0.5681953516213618 0.02153777175875111 1.6185053141108865
v 0.404736690919789 0.029110572840203026 1.566640392346082
vt 0.6679872098311197 0.27956471753518086
vt 0.6679872098311197 0.3370704963057869
vt 0.5992705045470662 0.33263794517550316
vt 0.5992705045470661 0.275132166404897
vt 0.49758338019199994 0.7966657273426162
vt 0.49678500818672494 0.8541666666666666
vt 0.1875 0.8541666666666666
vt 0.1882931446008754 0.7969537906806917
vt 0.39583333333333326 0.33861463127924796
vt 0.45577226873063986 0.33861463127924807
vt 0.4557710296223234 0.3958331380390868
vt 0.39583416838459 0.39583333333333226
vt 0.4167375811899195 0.9583333333333331
vt 0.10416666666666667 0.9583333333333334
vt 0.11845159239994378 0.9001233839619197
vt 0.4275554180724462 0.8904739033373154
vt 0.9373876981727124 0.7240460263558093
vt 0.9503817857889102 0.7916666666666666
vt 0.6410927968893473 0.7916666666666666
vt 0.625 0.7340591270178558
vt 0.8125974552429848 0.8958333333333334
vt 0.500026370376489 0.8958333333333333
vt 0.5 0.8386145972608872
vt 0.812571303955548 0.8383266146576318
vn 0.19875995327642512 0.8407253255344674 -0.5036619977509889
vn 0.19025822776046603 -0.6882213684605131 -0.7001093877129383
vn -0.178966189639273 -0.8823676378993143 0.43519932738227485
vn 0.9521563333083469 -0.044533823901463286 0.30234922766482786
vn -0.9657213739500544 0.07649131771972606 -0.24805504673261342
vn -0.19761744187952382 0.66529121699382 0.7199548202879643
usemtl m_d798f597-beab-43c5-7457-736aff3768a7
f 73/217/55 74/218/55 75/219/55 76/220/55
f 76/221/56 75/222/56 77/223/56 78/224/56
f 77/225/57 79/226/57 80/227/57 78/228/57
f 74/229/58 79/230/58 77/231/58 75/232/58
f 73/233/59 76/234/59 78/235/59 80/236/59
f 73/237/60 80/238/60 79/239/60 74/240/60