# Made in Blockbench 4.8.1
mtllib poplar_twig_branch_2.mtl

o cube
v 0.19898466021227856 1.329827428816907 0.6535456349151514
v 0.10789723771305781 1.3236112431082372 0.6815845854343661
v 0.1798910390076549 1.2703522394051174 0.5783324930144786
v 0.08880361650843405 1.2641360536964477 0.6063714435336931
v 0.29825578794490915 0.665088330714086 1.153990603818492
v 0.3893432104441299 0.6713045164227558 1.1259516532992773
v 0.2791621667402855 0.6056131413022965 1.078777461917819
v 0.3702495892395061 0.611829327010966 1.0507385113986043
vt 0.3515625 0.5963708333333344
vt 0.3515625 0.7351208333333334
vt 0.36378369140625 0.7351208333333334
vt 0.36378369140625 0.5963708333333344
vt 0.34375 0.8650361979166667
vt 0.34375 0.8809541666666667
vt 0.35597119140625 0.8809541666666667
vt 0.35597119140625 0.8650361979166667
vt 0.40625 0.6172041666666677
vt 0.40625 0.7559541666666667
vt 0.41847119140625 0.7559541666666667
vt 0.41847119140625 0.6172041666666677
vt 0.34375 0.54211953125
vt 0.34375 0.5580375
vt 0.35597119140625 0.5580375
vt 0.35597119140625 0.54211953125
vt 0.3203125 0.5130375000000009
vt 0.3203125 0.6517875
vt 0.33225097656249997 0.6517875
vt 0.33225097656249997 0.5130375000000009
vt 0.390625 0.5963708333333344
vt 0.390625 0.7351208333333334
vt 0.40256347656249997 0.7351208333333334
vt 0.40256347656249997 0.5963708333333344
vn -0.9537169799509402 -0.06508562541592866 0.2935775596285856
vn -0.22865891919742068 0.7910185133863734 -0.5674546767376927
vn 0.9537169799509402 0.06508562541592866 -0.2935775596285856
vn 0.22865891919742068 -0.7910185133863734 0.5674546767376927
vn 0.1952921422503368 0.6083202880425979 0.7692901964350287
vn -0.1952921422503368 -0.6083202880425979 -0.7692901964350287
usemtl m_890a103a-2c95-a057-8483-4c3958a0f191
f 4/4/1 7/3/1 5/2/1 2/1/1
f 3/8/2 4/7/2 2/6/2 1/5/2
f 8/12/3 3/11/3 1/10/3 6/9/3
f 7/16/4 8/15/4 6/14/4 5/13/4
f 6/20/5 1/19/5 2/18/5 5/17/5
f 7/24/6 4/23/6 3/22/6 8/21/6
o cube
v -0.4461014064558563 1.4062246654501969 0.6226143381956675
v -0.4503141618592702 1.3832102961085102 0.5879795254275708
v -0.4269897940094114 1.4335903356221644 0.602105603415485
v -0.4312025494128253 1.410575966280478 0.5674707906473886
v -0.1620056372170332 1.2312533143018074 0.6538849144243073
v -0.15779288181361928 1.2542676836434938 0.688519727192404
v -0.14289402477058832 1.258618984473775 0.6333761796441251
v -0.1386812693671744 1.2816333538154616 0.6680109924122215
vt 0.359375 0.8151208333333341
vt 0.359375 0.8913708333333333
vt 0.36427197265625 0.8913708333333333
vt 0.36427197265625 0.8151208333333341
vt 0.359375 0.3531546875
vt 0.359375 0.36012083333333333
vt 0.36427197265625 0.36012083333333333
vt 0.36427197265625 0.3531546875
vt 0.4140625 0.7005375000000007
vt 0.4140625 0.7767875000000001
vt 0.41895947265625 0.7767875000000001
vt 0.41895947265625 0.7005375000000007
vt 0.34375 0.5510713541666667
vt 0.34375 0.5580375
vt 0.34864697265625 0.5580375
vt 0.34864697265625 0.5510713541666667
vt 0.3984375 0.7005375000000007
vt 0.3984375 0.7767875000000001
vt 0.403662109375 0.7767875000000001
vt 0.403662109375 0.7005375000000007
vt 0.4296875 0.2630375000000007
vt 0.4296875 0.3392875000000001
vt 0.434912109375 0.3392875000000001
vt 0.434912109375 0.2630375000000007
vn -0.10079115731532322 -0.5506241636889464 -0.828645987722674
vn -0.867093307194709 0.45701347911790924 -0.19821169623078896
vn 0.10079115731532322 0.5506241636889464 0.828645987722674
vn 0.867093307194709 -0.45701347911790924 0.19821169623078896
vn -0.48784253527668126 -0.6985354037315451 0.5235054445833659
vn 0.48784253527668126 0.6985354037315451 -0.5235054445833659
usemtl m_890a103a-2c95-a057-8483-4c3958a0f191
f 12/28/7 15/27/7 13/26/7 10/25/7
f 11/32/8 12/31/8 10/30/8 9/29/8
f 16/36/9 11/35/9 9/34/9 14/33/9
f 15/40/10 16/39/10 14/38/10 13/37/10
f 14/44/11 9/43/11 10/42/11 13/41/11
f 15/48/12 12/47/12 11/46/12 16/45/12
o cube
v -0.1729233013855649 1.2610700078108916 0.6960057130560922
v -0.17609193427907105 1.2278206997477668 0.6511099156444955
v -0.13658010575886065 1.295851413095956 0.667681995077515
v -0.1397487386523668 1.262602105032831 0.6227861976659184
v 0.1784285146744211 0.9840316409448087 0.8066361066278096
v 0.18159714756792733 1.017280949007933 0.851531904039406
v 0.2147717103011254 1.018813046229873 0.7783123886492325
v 0.21794034319463162 1.0520623542929974 0.8232081860608291
vt 0.34375 0.627620833333334
vt 0.34375 0.7038708333333334
vt 0.34864697265625 0.7038708333333334
vt 0.34864697265625 0.627620833333334
vt 0.359375 0.3531546875
vt 0.359375 0.36012083333333333
vt 0.36427197265625 0.36012083333333333
vt 0.36427197265625 0.3531546875
vt 0.4140625 0.7005375000000007
vt 0.4140625 0.7767875000000001
vt 0.41895947265625 0.7767875000000001
vt 0.41895947265625 0.7005375000000007
vt 0.34375 0.5510713541666667
vt 0.34375 0.5580375
vt 0.34864697265625 0.5580375
vt 0.34864697265625 0.5510713541666667
vt 0.3984375 0.7005375000000007
vt 0.3984375 0.7767875000000001
vt 0.403662109375 0.7767875000000001
vt 0.403662109375 0.7005375000000007
vt 0.421875 0.25262083333333407
vt 0.421875 0.32887083333333333
vt 0.427099609375 0.32887083333333333
vt 0.427099609375 0.25262083333333407
vn -0.05662617945811998 -0.5941935681786992 -0.8023262923119512
vn -0.7749080851442524 0.5328722596786022 -0.3399479584334764
vn 0.05662617945811998 0.5941935681786992 0.8023262923119512
vn 0.7749080851442524 -0.5328722596786022 0.3399479584334764
vn -0.6295323148004757 -0.6024791767356661 0.49061992032720103
vn 0.6295323148004757 0.6024791767356661 -0.49061992032720103
usemtl m_890a103a-2c95-a057-8483-4c3958a0f191
f 20/52/13 23/51/13 21/50/13 18/49/13
f 19/56/14 20/55/14 18/54/14 17/53/14
f 24/60/15 19/59/15 17/58/15 22/57/15
f 23/64/16 24/63/16 22/62/16 21/61/16
f 22/68/17 17/67/17 18/66/17 21/65/17
f 23/72/18 20/71/18 19/70/18 24/69/18
o cube
v 0.49528205475316134 1.3810331080327432 0.05789274309890957
v 0.44734962267069356 1.3803064750124305 0.06308906975105877
v 0.4938632899097346 1.3382286974909658 0.03882004920422699
v 0.4459308578272668 1.3375020644706532 0.04401637585637619
v 0.4821030281346942 1.2447588934829095 0.36471019624944057
v 0.530035460217162 1.2454855265032223 0.3595138695972915
v 0.48068426329126734 1.2019544829411322 0.345637502354758
v 0.5286166953737352 1.202681115961445 0.3404411757026089
vt 0.4199228515625001 0.7559541666666667
vt 0.4199228515625001 0.7005375
vt 0.4140625 0.7005375
vt 0.4140625 0.7559541666666667
vt 0.3808603515625001 0.8913708333333333
vt 0.3808603515625001 0.8833343750000001
vt 0.375 0.8833343750000001
vt 0.375 0.8913708333333333
vt 0.3730478515625001 0.8913708333333333
vt 0.3730478515625001 0.8359541666666667
vt 0.3671875 0.8359541666666667
vt 0.3671875 0.8913708333333333
vt 0.3808603515625001 0.8913708333333333
vt 0.3808603515625001 0.8833343750000001
vt 0.375 0.8833343750000001
vt 0.375 0.8913708333333333
vt 0.421875 0.7109541666666666
vt 0.421875 0.7663708333333333
vt 0.4279023437499999 0.7663708333333333
vt 0.4279023437499999 0.7109541666666666
vt 0.3984375 0.7005375
vt 0.3984375 0.7559541666666667
vt 0.4044648437499999 0.7559541666666667
vt 0.4044648437499999 0.7005375
vn -0.9940621041082254 -0.015069511762803352 0.10776568559220757
vn -0.10452152019248297 0.40766189933690483 -0.9071312075139295
vn 0.9940621041082254 0.015069511762803352 -0.10776568559220757
vn 0.10452152019248297 -0.40766189933690483 0.9071312075139295
vn 0.030261939669825835 0.9130085901262147 0.406816333697606
vn -0.030261939669825835 -0.9130085901262147 -0.406816333697606
usemtl m_890a103a-2c95-a057-8483-4c3958a0f191
f 28/76/19 31/75/19 29/74/19 26/73/19
f 27/80/20 28/79/20 26/78/20 25/77/20
f 32/84/21 27/83/21 25/82/21 30/81/21
f 31/88/22 32/87/22 30/86/22 29/85/22
f 30/92/23 25/91/23 26/90/23 29/89/23
f 31/96/24 28/95/24 27/94/24 32/93/24
o cube
v 0.5340073618546917 1.2507996046514676 0.3660358472447922
v 0.47323019668355903 1.2510984580718292 0.36405065537958725
v 0.5347694571070136 1.200564499764083 0.3351416435059553
v 0.473992291935881 1.2008633531844446 0.33315645164075036
v 0.4583389791527972 0.9942755886153949 0.7812866963990706
v 0.5191161443239298 0.9939767351950333 0.7832718882642755
v 0.45910107440511916 0.9440404837280101 0.7503924926602337
v 0.5198782395762518 0.9437416303076485 0.7523776845254386
vt 0.42143495546875004 0.6742593333333338
vt 0.42143495546875004 0.7559541666666667
vt 0.4140625 0.7559541666666667
vt 0.4140625 0.6742593333333338
vt 0.36674745546875004 0.56873578125
vt 0.36674745546875004 0.5788708333333334
vt 0.359375 0.5788708333333334
vt 0.359375 0.56873578125
vt 0.42924745546875004 0.3721760000000005
vt 0.42924745546875004 0.45387083333333333
vt 0.421875 0.45387083333333333
vt 0.421875 0.3721760000000005
vt 0.35112245546875004 0.5479024479166668
vt 0.35112245546875004 0.5580375
vt 0.34375 0.5580375
vt 0.34375 0.5479024479166668
vt 0.3982262890625 0.6742593333333338
vt 0.3982262890625 0.7559541666666667
vt 0.390625 0.7559541666666667
vt 0.390625 0.6742593333333338
vt 0.4138512890625 0.3721760000000005
vt 0.4138512890625 0.45387083333333333
vt 0.40625 0.45387083333333333
vt 0.40625 0.3721760000000005
vn -0.9994549061252148 0.004914518739919923 -0.0326456448518502
vn 0.030379761940803874 0.5239475965563631 -0.8512085444397458
vn 0.9994549061252148 -0.004914518739919923 0.0326456448518502
vn -0.030379761940803874 -0.5239475965563631 0.8512085444397458
vn -0.012921326814930516 0.8517363227950101 0.5238112978401442
vn 0.012921326814930516 -0.8517363227950101 -0.5238112978401442
usemtl m_890a103a-2c95-a057-8483-4c3958a0f191
f 36/100/25 39/99/25 37/98/25 34/97/25
f 35/104/26 36/103/26 34/102/26 33/101/26
f 40/108/27 35/107/27 33/106/27 38/105/27
f 39/112/28 40/111/28 38/110/28 37/109/28
f 38/116/29 33/115/29 34/114/29 37/113/29
f 39/120/30 36/119/30 35/118/30 40/117/30
o cube
v 0.5195376962293614 1.0043289012519734 0.7919178641833196
v 0.443156198910992 1.0101553194277346 0.7714563111930399
v 0.5289947179591727 0.9389926682652683 0.7380110226142143
v 0.45261322064080356 0.9448190864410293 0.7175494696239344
v 0.33113064653531254 0.7176347483388874 1.1063444919411443
v 0.40751214385368173 0.7118083301631262 1.1268060449314241
v 0.3405876682651241 0.6522985153521823 1.052437650372039
v 0.4169691655834933 0.6464720971764211 1.0728992033623186
vt 0.4012787890625001 0.38786250000000067
vt 0.4012787890625001 0.4642875000000001
vt 0.390625 0.4642875000000001
vt 0.390625 0.38786250000000067
vt 0.3856537890625001 0.8677393229166667
vt 0.3856537890625001 0.8809541666666667
vt 0.375 0.8809541666666667
vt 0.375 0.8677393229166667
vt 0.4169037890625001 0.6482791666666674
vt 0.4169037890625001 0.7247041666666667
vt 0.40625 0.7247041666666667
vt 0.40625 0.6482791666666674
vt 0.3544037890625001 0.54482265625
vt 0.3544037890625001 0.5580375
vt 0.34375 0.5580375
vt 0.34375 0.54482265625
vt 0.4005361328125 0.6795291666666674
vt 0.4005361328125 0.7559541666666667
vt 0.390625 0.7559541666666667
vt 0.390625 0.6795291666666674
vt 0.3849111328125 0.6274458333333339
vt 0.3849111328125 0.7038708333333334
vt 0.375 0.7038708333333334
vt 0.375 0.6274458333333339
vn -0.963329555301139 0.07348325219208077 -0.2580627433989358
vn 0.2443038978861202 0.6379251359477691 -0.7303198795073762
vn 0.963329555301139 -0.07348325219208077 0.2580627433989358
vn -0.2443038978861202 -0.6379251359477691 0.7303198795073762
vn -0.11095843077908996 0.7665844588649676 0.6324843824678573
vn 0.11095843077908996 -0.7665844588649676 -0.6324843824678573
usemtl m_890a103a-2c95-a057-8483-4c3958a0f191
f 44/124/31 47/123/31 45/122/31 42/121/31
f 43/128/32 44/127/32 42/126/32 41/125/32
f 48/132/33 43/131/33 41/130/33 46/129/33
f 47/136/34 48/135/34 46/134/34 45/133/34
f 46/140/35 41/139/35 42/138/35 45/137/35
f 47/144/36 44/143/36 43/142/36 48/141/36
o cube
v 0.4069717147456665 0.7128241648951521 1.1094201035725106
v 0.26326221278626205 0.6884782285654139 1.1476352819212157
v 0.39026364911437383 0.6308977871023274 0.9943955934697788
v 0.24655414715496926 0.6065518507725889 1.0326107718184838
v 0.5109994362070829 -0.02862756640173858 1.6224094882090685
v 0.6547089381664875 -0.00428163007200022 1.5841943098603632
v 0.4942913705757901 -0.11055394419456338 1.5073849781063369
v 0.6380008725351947 -0.08620800786482508 1.4691697997576318
vt 0.34375 0.4088708333333343
vt 0.34375 0.5580375
vt 0.361525390625 0.5580375
vt 0.361525390625 0.4088708333333343
vt 0.34375 0.5329235677083333
vt 0.34375 0.5580375
vt 0.361525390625 0.5580375
vt 0.361525390625 0.5329235677083333
vt 0.390625 0.5234541666666677
vt 0.390625 0.6726208333333334
vt 0.408400390625 0.6726208333333334
vt 0.408400390625 0.5234541666666677
vt 0.34375 0.5329235677083333
vt 0.34375 0.5580375
vt 0.361525390625 0.5580375
vt 0.361525390625 0.5329235677083333
vt 0.375 0.2005375000000008
vt 0.375 0.3497041666666667
vt 0.39383544921875 0.3497041666666667
vt 0.39383544921875 0.2005375000000008
vt 0.34375 0.6484541666666677
vt 0.34375 0.7976208333333333
vt 0.36258544921875 0.7976208333333333
vt 0.36258544921875 0.6484541666666677
vn -0.95371697995094 -0.1615699209439534 0.25361207147812037
vn -0.2768013669506396 0.8012355251029684 -0.5304739735059845
vn 0.95371697995094 0.1615699209439534 -0.25361207147812037
vn 0.2768013669506396 -0.8012355251029684 0.5304739735059845
vn 0.11749436330103653 0.5761222040150291 0.8088747002060016
vn -0.11749436330103653 -0.5761222040150291 -0.8088747002060016
usemtl m_890a103a-2c95-a057-8483-4c3958a0f191
f 52/148/37 55/147/37 53/146/37 50/145/37
f 51/152/38 52/151/38 50/150/38 49/149/38
f 56/156/39 51/155/39 49/154/39 54/153/39
f 55/160/40 56/159/40 54/158/40 53/157/40
f 54/164/41 49/163/41 50/162/41 53/161/41
f 55/168/42 52/167/42 51/166/42 56/165/42
o cube
v 0.02898198616476677 0.38809950155972994 0.9883592326860484
v 0.023479789819164876 0.4490993067146324 1.0388325209823188
v -0.028200574349235008 0.3485963456769472 1.029867428547264
v -0.03370277069483685 0.4095961508318495 1.0803407168435344
v 0.5008542518402868 0.16876088655996724 1.4296768208719635
v 0.5063564481858887 0.1077610814050648 1.3792035325756933
v 0.4436716913262849 0.12925773067718438 1.471185016733179
v 0.4491738876718868 0.06825792552228194 1.4207117284369088
vt 0.3515625 0.6013426666666672
vt 0.3515625 0.7142875
vt 0.3616815374999999 0.7142875
vt 0.3616815374999999 0.6013426666666672
vt 0.34375 0.5580375
vt 0.34375 0.54481
vt 0.3538690374999999 0.54481
vt 0.3538690374999999 0.5580375
vt 0.34375 0.5580375
vt 0.34375 0.44509266666666714
vt 0.3538690374999999 0.44509266666666714
vt 0.3538690374999999 0.5580375
vt 0.34375 0.5580375
vt 0.34375 0.54481
vt 0.3538690374999999 0.54481
vt 0.3538690374999999 0.5580375
vt 0.377108125 0.9330375000000001
vt 0.377108125 0.8200926666666671
vt 0.3671875 0.8200926666666671
vt 0.3671875 0.9330375000000001
vt 0.408358125 0.8184541666666667
vt 0.408358125 0.7055093333333338
vt 0.3984375 0.7055093333333338
vt 0.3984375 0.8184541666666667
vn -0.06932774328232645 0.7685983135500816 0.6359640684970737
vn -0.7044360329617027 0.4136804548454576 -0.5767480877679911
vn 0.06932774328232645 -0.7685983135500816 -0.6359640684970737
vn 0.7044360329617027 -0.4136804548454576 0.5767480877679911
vn 0.7063735127229496 0.4879806488856149 -0.5127488145638325
vn -0.7063735127229496 -0.4879806488856149 0.5127488145638325
usemtl m_890a103a-2c95-a057-8483-4c3958a0f191
f 60/172/43 63/171/43 61/170/43 58/169/43
f 59/176/44 60/175/44 58/174/44 57/173/44
f 64/180/45 59/179/45 57/178/45 62/177/45
f 63/184/46 64/183/46 62/182/46 61/181/46
f 62/188/47 57/187/47 58/186/47 61/185/47
f 63/192/48 60/191/48 59/190/48 64/189/48
o cube
v -0.4900778193908938 0.4937679400506665 0.42524069289481914
v -0.5086159922217715 0.5348907355272967 0.4463991725018225
v -0.516079502328098 0.47085736414388557 0.4469872098293579
v -0.5346176751589755 0.5119801596205158 0.46814568943636137
v -0.18907064834015264 0.5008247143375151 0.792580796622167
v -0.17053247550927497 0.45970191886088485 0.7714223170151635
v -0.21507233127735675 0.47791413843073427 0.8143273135567057
v -0.19653415844647915 0.43679134295410393 0.7931688339497023
vt 0.421875 0.3392875000000001
vt 0.421875 0.2605630442708339
vt 0.42698915468750004 0.2605630442708339
vt 0.42698915468750004 0.3392875000000001
vt 0.3515625 0.6101208333333334
vt 0.3515625 0.6018168359375
vt 0.35667665468750004 0.6018168359375
vt 0.35667665468750004 0.6101208333333334
vt 0.421875 0.7663708333333333
vt 0.421875 0.6876463776041672
vt 0.42698915468750004 0.6876463776041672
vt 0.42698915468750004 0.7663708333333333
vt 0.34375 0.5580375
vt 0.34375 0.5497335026041668
vt 0.34886415468750004 0.5497335026041668
vt 0.34886415468750004 0.5580375
vt 0.326540498046875 0.8647297109375005
vt 0.326540498046875 0.9434541666666667
vt 0.3203125 0.9434541666666667
vt 0.3203125 0.8647297109375005
vt 0.404665498046875 0.6980630442708338
vt 0.404665498046875 0.7767875000000001
vt 0.3984375 0.7767875000000001
vt 0.3984375 0.6980630442708338
vn -0.3720732708036797 0.8253614397258927 0.4246645440427693
vn -0.6765058814356724 0.0721207932872815 -0.7328972530706862
vn 0.3720732708036797 -0.8253614397258927 -0.4246645440427693
vn 0.6765058814356724 -0.0721207932872815 0.7328972530706862
vn 0.6355322757629196 0.5599795397951738 -0.531527648833426
vn -0.6355322757629196 -0.5599795397951738 0.531527648833426
usemtl m_890a103a-2c95-a057-8483-4c3958a0f191
f 68/196/49 71/195/49 69/194/49 66/193/49
f 67/200/50 68/199/50 66/198/50 65/197/50
f 72/204/51 67/203/51 65/202/51 70/201/51
f 71/208/52 72/207/52 70/206/52 69/205/52
f 70/212/53 65/211/53 66/210/53 69/209/53
f 71/216/54 68/215/54 67/214/54 72/213/54
o cube
v -0.16643849968582697 0.46106305652144897 0.7568855088590967
v -0.18490623660755323 0.5146901593045301 0.7875411726508126
v -0.21769555641932126 0.4251941094333802 0.7887538735343576
v -0.23616329334104752 0.47882121221646146 0.8194095373260732
v 0.03060930791019889 0.43927702495160126 1.0492961403577479
v 0.04907704483192521 0.3856499221685201 1.018640476566032
v -0.020647748823295398 0.4034080778635325 1.0811645050330085
v -0.002180011901569079 0.34978097508045136 1.0505088412412926
vt 0.3984375 0.7559541666666667
vt 0.3984375 0.6772297109375005
vt 0.40721376406250004 0.6772297109375005
vt 0.40721376406250004 0.7559541666666667
vt 0.4140625 0.7351208333333334
vt 0.4140625 0.7243754296875
vt 0.42283876406250004 0.7243754296875
vt 0.42283876406250004 0.7351208333333334
vt 0.3671875 0.8913708333333333
vt 0.3671875 0.8126463776041671
vt 0.37596376406250004 0.8126463776041671
vt 0.37596376406250004 0.8913708333333333
vt 0.34375 0.5580375
vt 0.34375 0.5472920963541668
vt 0.35252626406250004 0.5472920963541668
vt 0.35252626406250004 0.5580375
vt 0.359621552734375 0.8022297109375006
vt 0.359621552734375 0.8809541666666667
vt 0.3515625 0.8809541666666667
vt 0.3515625 0.8022297109375006
vt 0.367434052734375 0.5938963776041672
vt 0.367434052734375 0.6726208333333334
vt 0.359375 0.6726208333333334
vt 0.359375 0.5938963776041672
vn -0.2864439768918846 0.8317835940311685 0.4754849112253233
vn -0.6204622735421503 0.21711197166895632 -0.7535840755144207
vn 0.2864439768918846 -0.8317835940311685 -0.4754849112253233
vn 0.6204622735421503 -0.21711197166895632 0.7535840755144207
vn 0.7300523373110089 0.5108800685665965 -0.453899923251946
vn -0.7300523373110089 -0.5108800685665965 0.453899923251946
usemtl m_890a103a-2c95-a057-8483-4c3958a0f191
f 76/220/55 79/219/55 77/218/55 74/217/55
f 75/224/56 76/223/56 74/222/56 73/221/56
f 80/228/57 75/227/57 73/226/57 78/225/57
f 79/232/58 80/231/58 78/230/58 77/229/58
f 78/236/59 73/235/59 74/234/59 77/233/59
f 79/240/60 76/239/60 75/238/60 80/237/60
o cube
v -0.08977692737779241 1.8968125536769613 0.14425095861788484
v -0.043301450689568144 1.9038730667843375 0.13399267190601516
v -0.08723787622368173 1.9315767421003063 0.17968149696819835
v -0.040762399535457405 1.938637255207683 0.16942321025632867
v 0.033495037153724594 1.6921694067537354 0.3362113242246897
v -0.012980439534499677 1.6851088936463592 0.34646961093655937
v 0.03603408830783539 1.7269335951770808 0.3716418625750032
v -0.010441388380388938 1.7198730820697046 0.3819001492868729
vt 0.3203125 0.601342666666667
vt 0.3203125 0.6517875
vt 0.32652528750000004 0.6517875
vt 0.32652528750000004 0.601342666666667
vt 0.359375 0.6021016666666665
vt 0.359375 0.6101208333333334
vt 0.36558778750000004 0.6101208333333334
vt 0.36558778750000004 0.6021016666666665
vt 0.40625 0.695092666666667
vt 0.40625 0.7455375
vt 0.4124627875 0.7455375
vt 0.4124627875 0.695092666666667
vt 0.34375 0.5500183333333333
vt 0.34375 0.5580375
vt 0.34996278750000004 0.5580375
vt 0.34996278750000004 0.5500183333333333
vt 0.3984375 0.2784260000000005
vt 0.3984375 0.32887083333333333
vt 0.40445187500000007 0.32887083333333333
vt 0.40445187500000007 0.2784260000000005
vt 0.40625 0.7159260000000005
vt 0.40625 0.7663708333333333
vt 0.41226437500000007 0.7663708333333333
vt 0.41226437500000007 0.7159260000000005
vn 0.9659249025922052 0.1467424526109581 -0.21320350642979496
vn -0.2537309332746111 0.699456039536932 -0.6681181499217822
vn -0.9659249025922052 -0.1467424526109581 0.21320350642979496
vn 0.2537309332746111 -0.699456039536932 0.6681181499217822
vn -0.051085184269352976 -0.699448283547133 -0.7128551063092244
vn 0.051085184269352976 0.699448283547133 0.7128551063092244
usemtl m_890a103a-2c95-a057-8483-4c3958a0f191
f 84/244/61 87/243/61 85/242/61 82/241/61
f 83/248/62 84/247/62 82/246/62 81/245/62
f 88/252/63 83/251/63 81/250/63 86/249/63
f 87/256/64 88/255/64 86/254/64 85/253/64
f 86/260/65 81/259/65 82/258/65 85/257/65
f 87/264/66 84/263/66 83/262/66 88/261/66
o cube
v -0.030243129079429165 1.6904054608426504 0.34148040739676055
v 0.03004162225854967 1.6965210217398994 0.3219493673570182
v -0.017934912106848444 1.7276262372599591 0.3911256757724254
v 0.04234983923113045 1.733741798157208 0.3715946357326829
v 0.16881350187661592 1.2611465656662169 0.6139598923801848
v 0.10852875053863698 1.2550310047689677 0.6334909324199272
v 0.1811217188491967 1.2983673420835256 0.6636051607558495
v 0.12083696751121775 1.2922517811862764 0.6831362007955919
vt 0.328125 0.8809541666666667
vt 0.328125 0.7905724609375003
vt 0.33603220703125003 0.7905724609375003
vt 0.33603220703125003 0.8809541666666667
vt 0.34375 0.5059541666666667
vt 0.34375 0.4953434895833334
vt 0.35165720703125003 0.4953434895833334
vt 0.35165720703125003 0.5059541666666667
vt 0.375 0.9122041666666667
vt 0.375 0.8218224609375003
vt 0.38290720703125003 0.8218224609375003
vt 0.38290720703125003 0.9122041666666667
vt 0.34375 0.5580375
vt 0.34375 0.5474268229166668
vt 0.35165720703125003 0.5474268229166668
vt 0.35165720703125003 0.5580375
vt 0.3438955078125 0.5614057942708337
vt 0.3438955078125 0.6517875
vt 0.3359375 0.6517875
vt 0.3359375 0.5614057942708337
vt 0.4142080078125 0.6864057942708337
vt 0.4142080078125 0.7767875000000001
vt 0.40625 0.7767875000000001
vt 0.40625 0.6864057942708337
vn 0.9469196430557456 0.09605985947329751 -0.30678281078500774
vn -0.2558996471290023 0.8028439910511401 -0.5384764587540747
vn -0.9469196430557456 -0.09605985947329751 0.30678281078500774
vn 0.2558996471290023 -0.8028439910511401 0.5384764587540747
vn -0.19457276323892697 -0.5883995491424571 -0.7848104295780745
vn 0.19457276323892697 0.5883995491424571 0.7848104295780745
usemtl m_890a103a-2c95-a057-8483-4c3958a0f191
f 92/268/67 95/267/67 93/266/67 90/265/67
f 91/272/68 92/271/68 90/270/68 89/269/68
f 96/276/69 91/275/69 89/274/69 94/273/69
f 95/280/70 96/279/70 94/278/70 93/277/70
f 94/284/71 89/283/71 90/282/71 93/281/71
f 95/288/72 92/287/72 91/286/72 96/285/72