# Made in Blockbench 4.12.3
mtllib poplar_twig_branch_2.mtl

o cube
v 0.028682457739624856 1.4298830992948466 0.4704557634457549
v 0.24378761950161687 0.6857522082894558 1.004274564219817
v 0.2653634114628416 0.7529591723247782 1.0892654145675775
v 0.05025824970084969 1.497090063330169 0.5554466137935155
v 0.13161124516374423 1.4369073891456434 0.4387717493590425
v 0.15318703712496906 1.5041143531809658 0.523762599706803
v 0.34671640692573624 0.6927764981402527 0.9725905501331047
v 0.36829219888696096 0.7599834621755748 1.057581400480865
vt 0.7094085146824032 0.9166666666666664
vt 0.3958340138268559 0.9166666666666666
vt 0.3958333333333333 0.8798389931235356
vt 0.7094091042109222 0.8798406445840381
vt 0.7500000000000009 0.9166666666666676
vt 0.7500000000000009 0.8806916880815262
vt 0.7868255421512602 0.8806925943827374
vt 0.7868257637800308 0.9166655014567237
vt 0.06250068049352257 0.8798389931235356
vt 0.3760751813490697 0.8798389931235359
vt 0.37607577087758876 0.9166650152061643
vt 0.0625 0.9166666666666666
vt 0.7890187334150021 0.8012273608390796
vt 0.7890187334150021 0.7652523822539381
vt 0.8258444971950318 0.7652535474638821
vt 0.8258442755662613 0.8012264545378683
vt 0.06250002847151286 0.8181934213399038
vt 0.3760749141010373 0.8181934213399038
vt 0.3760748856295246 0.8541666666666666
vt 0.0625 0.8541666666666666
vt 0.08333333333333333 0.7556934213399037
vt 0.39690821896285794 0.7556934213399038
vt 0.3969082474343708 0.7916666666666666
vt 0.08333336180484618 0.7916666666666665
vn -0.9537169799509402 -0.06508562541592906 0.29357755962858495
vn -0.22865891919742057 0.7910185133863734 -0.5674546767376927
vn 0.9537169799509401 0.06508562541592829 -0.2935775596285859
vn 0.22865891919741999 -0.7910185133863736 0.5674546767376927
vn 0.19529214225033725 0.6083202880425979 0.7692901964350288
vn -0.1952921422503367 -0.6083202880425977 -0.7692901964350287
usemtl m_dfb504a2-7dbb-3830-bb8c-795107f0c6be
f 1/1/1 2/2/1 3/3/1 4/4/1
f 5/5/2 1/6/2 4/7/2 6/8/2
f 7/9/3 5/10/3 6/11/3 8/12/3
f 2/13/4 7/14/4 8/15/4 3/16/4
f 8/17/5 6/18/5 4/19/5 3/20/5
f 2/21/6 1/22/6 5/23/6 7/24/6
o cube
v -0.5589245097513981 1.5953602005148007 0.42649802568423123
v -0.23313587690567067 1.4236488110732266 0.5009711152505434
v -0.2547319989701533 1.392725603778903 0.5241459855521491
v -0.5805206318158806 1.5644369932204771 0.44967289598583693
v -0.5541640961455403 1.6213664378709067 0.4656353641121802
v -0.5757602182100229 1.5904432305765832 0.488810234413786
v -0.2283754632998129 1.4496550484293325 0.5401084536784924
v -0.24997158536429553 1.418731841135009 0.5632833239800981
vt 0.6669076389100672 0.8333333333333333
vt 0.5416666666666666 0.8333333333333334
vt 0.5416672642646305 0.818577182762212
vt 0.6669082365080311 0.818577182762212
vt 0.7425111638616974 0.7646503243718565
vt 0.7425111638616974 0.7803940275057465
vt 0.7277539866454056 0.7803936798689656
vt 0.7277556228264483 0.7646486870880801
vt 0.5 0.8602438494288788
vt 0.6252409722434006 0.8602438494288788
vt 0.6252415698413644 0.875
vt 0.5000005975979639 0.875
vt 0.7647571772162912 0.8175879929156663
vt 0.7647571772162912 0.8333316960495563
vt 0.7500016361810423 0.8333333333333327
vt 0.7499999999999996 0.8175883405524472
vt 0.5208333333333334 0.9009221027717073
vt 0.646076054571297 0.9009221027717073
vt 0.6460755286480745 0.916665336125272
vt 0.5208344105125325 0.9166666666666666
vt 0.6666675765781641 0.9009221027611519
vt 0.7919086947207736 0.9009221027611518
vt 0.7919093878975625 0.916665336108241
vt 0.6666666666666666 0.9166666666666666
vn -0.10079115731532223 -0.5506241636889452 -0.8286459877226752
vn -0.8670933071947099 0.45701347911790735 -0.1982116962307892
vn 0.10079115731532354 0.5506241636889465 0.828645987722674
vn 0.8670933071947091 -0.4570134791179093 0.198211696230788
vn -0.4878425352766814 -0.6985354037315439 0.5235054445833671
vn 0.487842535276681 0.6985354037315434 -0.523505444583368
usemtl m_dfb504a2-7dbb-3830-bb8c-795107f0c6be
f 9/25/7 10/26/7 11/27/7 12/28/7
f 13/29/8 9/30/8 12/31/8 14/32/8
f 15/33/9 13/34/9 14/35/9 16/36/9
f 10/37/10 15/38/10 16/39/10 11/40/10
f 16/41/11 14/42/11 12/43/11 11/44/11
f 10/45/12 9/46/12 13/47/12 15/48/12
o cube
v -0.22958170359207997 1.4281497373049599 0.4890044356151695
v 0.17102640372536593 1.1526681008576172 0.6647490314263143
v 0.12995859266719012 1.1133651128854944 0.6967548327421065
v -0.2706495146502558 1.3888467493328371 0.5210102369309617
v -0.22600114842241803 1.4657214554162907 0.5397366866902737
v -0.26706895948059384 1.426418467444168 0.5717424880060658
v 0.17460695889502786 1.1902398189689478 0.7154812825014185
v 0.13353914783685206 1.1509368309968253 0.7474870838172105
vt 0.48482508448836925 0.8125
vt 0.3125 0.8124999999999999
vt 0.3125001347985219 0.7916681616792722
vt 0.4848238390376767 0.7916666666666666
vt 0.7624323150809094 0.7595623816336163
vt 0.7624323150809094 0.7803940275057467
vt 0.741598981747576 0.7803908739964845
vt 0.7416003831931332 0.7595606941724133
vt 0.2916666666666667 0.9166666666666666
vt 0.4639917511550358 0.9166666666666669
vt 0.46399050570434336 0.9375
vt 0.2916668014651885 0.9374985049873943
vt 0.7708333333333326 0.8125000000000011
vt 0.7708333333333326 0.8333316458721314
vt 0.7500014014455562 0.8333333333333345
vt 0.7499999999999992 0.8125031535092634
vt 0.47916775926376687 0.8333333333333334
vt 0.6514922601783246 0.8333333333333334
vt 0.6514911675812244 0.8541666666666666
vt 0.4791666666666667 0.8541666666666666
vt 0.5625 0.8958333333333334
vt 0.7348245009145576 0.8958333333333334
vt 0.7348255935116579 0.9166666666666666
vt 0.5625010925971002 0.9166666666666666
vn -0.05662617945812021 -0.5941935681786992 -0.8023262923119511
vn -0.7749080851442528 0.5328722596786017 -0.3399479584334764
vn 0.05662617945811863 0.5941935681786974 0.8023262923119525
vn 0.7749080851442508 -0.5328722596786045 0.33994795843347636
vn -0.6295323148004757 -0.6024791767356648 0.49061992032720253
vn 0.6295323148004758 0.6024791767356661 -0.49061992032720075
usemtl m_dfb504a2-7dbb-3830-bb8c-795107f0c6be
f 17/49/13 18/50/13 19/51/13 20/52/13
f 21/53/14 17/54/14 20/55/14 22/56/14
f 23/57/15 21/58/15 22/59/15 24/60/15
f 18/61/16 23/62/16 24/63/16 19/64/16
f 24/65/17 22/66/17 20/67/17 19/68/17
f 18/69/18 17/70/18 21/71/18 23/72/18
o cube
v 0.43223624042990616 1.5127866914696986 -0.16500546302961283
v 0.4715075886042268 1.3596179243413398 0.17582640991355825
v 0.47311079287729907 1.407986908253548 0.19737855401454962
v 0.4338394447029784 1.5611556753819067 -0.1434533189286215
v 0.4863998886830949 1.5136077867826518 -0.17087731214654145
v 0.4880030929561672 1.56197677069486 -0.14932516804555013
v 0.5256712368574157 1.360439019654293 0.16995456079662963
v 0.5272744411304879 1.4088080035665016 0.1915067048976209
vt 0.7919066607400927 0.875
vt 0.6666669124452665 0.875
vt 0.6666666666666666 0.8573405655543674
vt 0.7919083172850842 0.8573414149322168
vt 0.7500000000000003 0.916666661887387
vt 0.7500000000000003 0.8985037674730337
vt 0.7676607419310183 0.8985038066631287
vt 0.7676586588818894 0.916666666666667
vt 0.41666691244526666 0.7531738988877008
vt 0.5419066607400927 0.7531738988877008
vt 0.5419083172850842 0.770832483955484
vt 0.4166666666666667 0.7708333333333334
vt 0.7708333333333339 0.9198392580689829
vt 0.7889962277476873 0.9198392580689829
vt 0.7889962325269672 0.937497916950872
vt 0.770833372523429 0.937500000000001
vt 0.41666678830648674 0.8151709403922499
vt 0.5419084648325637 0.81517094039225
vt 0.5419083431927437 0.8333333333333334
vt 0.4166666666666667 0.8333333333333334
vt 0.3958333333333333 0.87767094039225
vt 0.5210750098594104 0.8776709403922499
vt 0.5210751314992305 0.8958333333333334
vt 0.3958334549731535 0.8958333333333334
vn -0.9940621041082255 -0.015069511762803625 0.10776568559220748
vn -0.10452152019248297 0.4076618993369068 -0.9071312075139285
vn 0.9940621041082253 0.015069511762803684 -0.10776568559220777
vn 0.10452152019248293 -0.4076618993369028 0.9071312075139305
vn 0.030261939669826706 0.9130085901262147 0.40681633369760545
vn -0.030261939669827025 -0.9130085901262143 -0.4068163336976064
usemtl m_dfb504a2-7dbb-3830-bb8c-795107f0c6be
f 25/73/19 26/74/19 27/75/19 28/76/19
f 29/77/20 25/78/20 28/79/20 30/80/20
f 31/81/21 29/82/21 30/83/21 32/84/21
f 26/85/22 31/86/22 32/87/22 27/88/22
f 32/89/23 30/90/23 28/91/23 27/92/23
f 26/93/24 25/94/24 29/95/24 31/96/24
o cube
v 0.4639456609726401 1.3583849477162828 0.16172282260672977
v 0.4471185851628793 1.068175105230512 0.6331995489587456
v 0.4462574175277555 1.1249407737532566 0.6681099991836315
v 0.46308449333751633 1.4151506162390275 0.19663327283161547
v 0.53262385761602 1.358047243351274 0.1639660894144115
v 0.5317626899808965 1.414812911874019 0.1988765396392972
v 0.5157967818062592 1.0678374008655032 0.6354428157664274
v 0.5149356141711356 1.124603069388248 0.670353265991313
vt 0.4554638116750139 0.8541666666666666
vt 0.27083534130732523 0.8541666666666666
vt 0.2708333333333333 0.8333333333333334
vt 0.45546357816834476 0.8333343569999685
vt 0.7708350324784874 0.8125000000000004
vt 0.7916666666666675 0.8125000000000003
vt 0.7916649783792225 0.8333333333333337
vt 0.7708333333333343 0.8333313797850153
vt 0.5208353413073253 0.7708333333333334
vt 0.7054638116750139 0.7708333333333334
vt 0.7054635781683447 0.7916656430000316
vt 0.5208333333333334 0.7916666666666666
vt 0.7500000000000009 0.8333333333333334
vt 0.7500000000000009 0.8125016991451532
vt 0.7708313797850157 0.8125
vt 0.7708333333333343 0.8333316450458882
vt 0.5416666666666666 0.8541666666666666
vt 0.7262977003123391 0.8541666666666667
vt 0.7262975062080604 0.8749999822319943
vt 0.5416685558041312 0.875
vt 0.5416685533806037 0.9166666666666666
vt 0.726297503784534 0.9166666666666667
vt 0.7262977003123382 0.9374999822317939
vt 0.5416666666666666 0.9375
vn -0.9994549061252148 0.004914518739919772 -0.03264564485185024
vn 0.0303797619408054 0.523947596556364 -0.8512085444397454
vn 0.9994549061252148 -0.00491451873992258 0.03264564485184852
vn -0.03037976194080544 -0.5239475965563614 0.8512085444397469
vn -0.012921326814931439 0.85173632279501 0.5238112978401445
vn 0.012921326814929288 -0.8517363227950099 -0.5238112978401445
usemtl m_dfb504a2-7dbb-3830-bb8c-795107f0c6be
f 33/97/25 34/98/25 35/99/25 36/100/25
f 37/101/26 33/102/26 36/103/26 38/104/26
f 39/105/27 37/106/27 38/107/27 40/108/27
f 34/109/28 39/110/28 40/111/28 35/112/28
f 40/113/29 38/114/29 36/115/29 35/116/29
f 34/117/30 33/118/30 37/119/30 39/120/30
o cube
v 0.4397873104092026 1.0690549262962237 0.5960869329277279
v 0.3131984362246848 0.7385066809658265 0.9745105771730858
v 0.3025120016699978 0.8123366242408032 1.035425308146175
v 0.4291008758545156 1.1428848695712004 0.6570016639008169
v 0.5260984023789597 1.0624710737576135 0.6192084878067439
v 0.5154119678242728 1.1363010170325905 0.680123218779833
v 0.39950952819444197 0.7319228284272163 0.997632132052102
v 0.388823093639755 0.8057527717021931 1.058546863025191
vt 0.2768860576099319 0.8958333333333333
vt 0.10416666666666667 0.8958333333333334
vt 0.1041667926386977 0.8637294117738413
vt 0.27688778495711935 0.8637307443935869
vt 0.7708333333333323 0.905397140572827
vt 0.8007008696656531 0.905397140572827
vt 0.8006995779377805 0.9375000000000009
vt 0.7708341154324897 0.9374998012055663
vt 0.4166666666666667 0.8845627451071746
vt 0.589386057609932 0.8845627451071745
vt 0.5893877849571194 0.9166653340469209
vt 0.4166667926386978 0.9166666666666666
vt 0.7291666666666656 0.8333333333333323
vt 0.7291666666666655 0.8034657970010115
vt 0.7612693272994049 0.8034665791001689
vt 0.7612695260938395 0.8333320416054596
vt 0.187501050743333 0.7409664292302716
vt 0.360221037910464 0.7409664292302713
vt 0.3602202255658013 0.7708312636850898
vt 0.1875 0.7708333333333334
vt 0.375 0.8034664292450063
vt 0.5477202255782012 0.8034664292450064
vt 0.5477213957831084 0.8333312636879467
vt 0.3750014086283775 0.8333333333333334
vn -0.9633295553011392 0.07348325219208142 -0.25806274339893537
vn 0.24430389788612078 0.6379251359477692 -0.730319879507376
vn 0.9633295553011393 -0.07348325219208153 0.258062743398935
vn -0.2443038978861222 -0.637925135947769 0.7303198795073755
vn -0.11095843077909079 0.7665844588649678 0.6324843824678571
vn 0.11095843077908948 -0.7665844588649676 -0.6324843824678574
usemtl m_dfb504a2-7dbb-3830-bb8c-795107f0c6be
f 41/121/31 42/122/31 43/123/31 44/124/31
f 45/125/32 41/126/32 44/127/32 46/128/32
f 47/129/33 45/130/33 46/131/33 48/132/33
f 42/133/34 47/134/34 48/135/34 43/136/34
f 48/137/35 46/138/35 44/139/35 43/140/35
f 42/141/36 41/142/36 45/143/36 47/144/36
o cube
v 0.2069405573702099 0.6868129499908859 0.9521062044075688
v 0.48688361983573736 -0.12351659832199602 1.4886010575128423
v 0.5057637339990981 -0.030939791416103923 1.6185787539289294
v 0.22582067153357066 0.779389756896778 1.0820839008236556
v 0.36933229458433714 0.7143238580434903 0.9089230528735319
v 0.3882124087476979 0.8069006649493824 1.0389007492896187
v 0.6492753570498646 -0.09600569026939165 1.4454179059788057
v 0.6681554712132254 -0.003428883363499613 1.5753956023948925
vt 0.816284050248 0.22916666666666663
vt 0.4791671397731248 0.22916666666666652
vt 0.4791666666666667 0.17560457762424153
vt 0.8162835771415416 0.17560457762424164
vt 0.3900919624879117 0.9166666666666666
vt 0.3333333333333333 0.9166666666666666
vt 0.3333348620258749 0.8631042765275024
vt 0.3900914852446447 0.8631037139447887
vt 0.5208338064397914 0.30060457762424164
vt 0.8579507169146666 0.30060457762424153
vt 0.8579502438082084 0.3541666666666665
vt 0.5208333333333334 0.35416666666666663
vt 0.4583333333333333 0.9166666666666666
vt 0.4583333333333333 0.8599080375120883
vt 0.5118962860552113 0.8599085147553553
vt 0.5118957234724978 0.9166651379741251
vt 0.3958333333333333 0.7765739853423302
vt 0.7329496296524577 0.7765739853423302
vt 0.7329504696892855 0.8333333333333334
vt 0.39583376155938116 0.8333312911066909
vt 0.5625007720573653 0.8807406520151275
vt 0.8996174801934557 0.8807406520151273
vt 0.8996162963129385 0.9375
vt 0.5625 0.9374979577758525
vn -0.9537169799509398 -0.1615699209439536 0.2536120714781201
vn -0.27680136695063984 0.8012355251029681 -0.5304739735059846
vn 0.9537169799509398 0.16156992094395342 -0.25361207147812037
vn 0.27680136695063917 -0.8012355251029686 0.5304739735059847
vn 0.11749436330103676 0.5761222040150292 0.8088747002060016
vn -0.1174943633010368 -0.5761222040150291 -0.8088747002060017
usemtl m_dfb504a2-7dbb-3830-bb8c-795107f0c6be
f 49/145/37 50/146/37 51/147/37 52/148/37
f 53/149/38 49/150/38 52/151/38 54/152/38
f 55/153/39 53/154/39 54/155/39 56/156/39
f 50/157/40 55/158/40 56/159/40 51/160/40
f 56/161/41 54/162/41 52/163/41 51/164/41
f 50/165/42 49/166/42 53/167/42 55/168/42
o cube
v -0.10974975980007112 0.4642530090578503 1.0060410422858754
v 0.42968338228379654 0.14747059428307874 1.447695101161174
v 0.4942996756646185 0.19210916043062332 1.4007908398380005
v -0.045133466419249146 0.5088915752053949 0.9591367809627018
v -0.10353227792954106 0.3953232292328108 0.9490062265110901
v -0.03891598454871903 0.4399617953803554 0.9021019651879165
v 0.4359008641543266 0.07854081445803929 1.3906602853863888
v 0.5005171575351486 0.12317938060558387 1.3437560240632151
vt 0.5677569926434444 0.8125
vt 0.3125013072234403 0.8124999999999999
vt 0.3125 0.7820077195129962
vt 0.5677556854200041 0.7820077195129962
vt 0.7499999999999997 0.8028415054700471
vt 0.7798942346407619 0.802841505470047
vt 0.7798931050797774 0.8333322166940627
vt 0.7500006292438695 0.833333333333334
vt 0.10416797389010712 0.8653410528463296
vt 0.3594236593101112 0.8653410528463296
vt 0.35942235208667084 0.8958333333333334
vt 0.10416666666666667 0.8958333333333334
vt 0.8050111638616976 0.8012273608390783
vt 0.7751169292209354 0.8012273608390783
vt 0.7751175584648052 0.7707355329757912
vt 0.8050100343007133 0.7707366496150627
vt 0.43750097104774627 0.8242726970831563
vt 0.6927557556639107 0.8242726970831562
vt 0.6927547846161645 0.8541666666666666
vt 0.4375 0.8541666666666666
vt 0.5416666666666666 0.8659393637498228
vt 0.7969214512828309 0.8659393637498229
vt 0.7969224223305771 0.8958333333333334
vt 0.5416676377144128 0.8958333333333333
vn -0.06932774328232645 0.7685983135500816 0.6359640684970735
vn -0.7044360329617031 0.4136804548454574 -0.5767480877679908
vn 0.0693277432823263 -0.7685983135500815 -0.6359640684970737
vn 0.7044360329617031 -0.41368045484545746 0.5767480877679908
vn 0.7063735127229495 0.4879806488856148 -0.5127488145638325
vn -0.7063735127229493 -0.4879806488856151 0.5127488145638324
usemtl m_dfb504a2-7dbb-3830-bb8c-795107f0c6be
f 57/169/43 58/170/43 59/171/43 60/172/43
f 61/173/44 57/174/44 60/175/44 62/176/44
f 63/177/45 61/178/45 62/179/45 64/180/45
f 58/181/46 63/182/46 64/183/46 59/184/46
f 64/185/47 62/186/47 60/187/47 59/188/47
f 58/189/48 57/190/48 61/191/48 63/192/48
o cube
v -0.6757836018445473 0.579946938989043 0.31426066131577013
v -0.3146973632583183 0.5414523350445901 0.7054458965717592
v -0.2853154615392776 0.5673412858192526 0.6808723324357302
v -0.6464017001255066 0.6058358897637057 0.2896870971797414
v -0.6548354665456555 0.5334781801004511 0.29035157935985634
v -0.6254535648266148 0.5593671308751134 0.2657780152238275
v -0.2937492279594266 0.49498357615599786 0.6815368146158451
v -0.2643673262403859 0.5208725269306602 0.6569632504798162
vt 0.38624945462515364 0.7916666666666666
vt 0.20833383128707306 0.7916666666666666
vt 0.20833333333333334 0.7762570510292693
vt 0.38625128904262446 0.7762552508625848
vt 0.75 0.8179231362224827
vt 0.7687656607051654 0.8179231362224827
vt 0.7687662539596568 0.8333333333333335
vt 0.7500005932544914 0.8333333333333335
vt 0.39583383128707306 0.8179219175292515
vt 0.5737494546251537 0.8179219175292515
vt 0.5737512890426245 0.8333333333333334
vt 0.3958333333333333 0.8333315331666489
vt 0.805010570607206 0.7803940275057457
vt 0.7862449099020404 0.7803940275057457
vt 0.7862455031565322 0.764983830394895
vt 0.8050111638616976 0.764983830394895
vt 0.5000017550705352 0.8562327740829627
vt 0.6779187892719513 0.8562327740829628
vt 0.6779191096264805 0.8749998186479157
vt 0.5 0.875
vt 0.6458333333333334 0.9187327740847614
vt 0.8237524429599064 0.9187327740847614
vt 0.8237521417345343 0.9374998186500312
vt 0.6458351075332108 0.9375
vn -0.37207327080367963 0.8253614397258933 0.4246645440427687
vn -0.67650588143567 0.07212079328728181 -0.7328972530706881
vn 0.3720732708036774 -0.8253614397258947 -0.42466454404276754
vn 0.676505881435674 -0.07212079328728278 0.7328972530706845
vn 0.6355322757629197 0.5599795397951735 -0.5315276488334261
vn -0.6355322757629182 -0.5599795397951771 0.5315276488334243
usemtl m_dfb504a2-7dbb-3830-bb8c-795107f0c6be
f 65/193/49 66/194/49 67/195/49 68/196/49
f 69/197/50 65/198/50 68/199/50 70/200/50
f 71/201/51 69/202/51 70/203/51 72/204/51
f 66/205/52 71/206/52 72/207/52 67/208/52
f 72/209/53 70/210/53 68/211/53 67/212/53
f 66/213/54 65/214/54 69/215/54 71/216/54
o cube
v -0.33853015039028894 0.5424773284224618 0.7111888094311443
v -0.09499758508522893 0.45726048660365215 1.0069719229399812
v -0.03707711097638039 0.4977923968131698 0.9709606708569365
v -0.2806096762814404 0.5830092386319794 0.6751775573480998
v -0.3176616076687383 0.48187870227758023 0.6765479093465054
v -0.25974113355988976 0.5224106124870977 0.640536657263461
v -0.07412904236367823 0.3966618604587706 0.9723310228553423
v -0.016208568254829747 0.43719377066828824 0.9363197707722977
vt 0.6100010059674702 0.7916666666666666
vt 0.4791666666666667 0.7916666666666666
vt 0.47916746323697507 0.7708354856463547
vt 0.6100006999719461 0.7708333333333334
vt 0.7708338694586282 0.8750000000000004
vt 0.7916666666666661 0.8750000000000004
vt 0.791665195196667 0.8958333333333338
vt 0.7708333333333327 0.8958319348632329
vt 0.4583333333333333 0.8125
vt 0.5891676726341369 0.8125000000000001
vt 0.5891673666386129 0.8333333333333334
vt 0.4583341299036417 0.8333311810203119
vt 0.801558362525303 0.8012273608390782
vt 0.7807255653172652 0.8012273608390782
vt 0.7807250291919696 0.7803954259758458
vt 0.8015568910553038 0.7803940275057448
vt 0.4583340989832736 0.8750000000000001
vt 0.5891688393054587 0.875
vt 0.5891685997910493 0.8958333333333334
vt 0.4583333333333333 0.8958316040529131
vt 0.4583333333333333 0.9166666666666666
vt 0.5891685998065782 0.9166666666666666
vt 0.5891684651549053 0.9375
vt 0.4583337248482491 0.937498270726534
vn -0.2864439768918841 0.831783594031169 0.47548491122532305
vn -0.620462273542149 0.21711197166895682 -0.7535840755144219
vn 0.2864439768918841 -0.8317835940311691 -0.47548491122532316
vn 0.6204622735421507 -0.21711197166895513 0.7535840755144209
vn 0.730052337311009 0.5108800685665956 -0.45389992325194695
vn -0.7300523373110092 -0.5108800685665961 0.4538999232519464
usemtl m_dfb504a2-7dbb-3830-bb8c-795107f0c6be
f 73/217/55 74/218/55 75/219/55 76/220/55
f 77/221/56 73/222/56 76/223/56 78/224/56
f 79/225/57 77/226/57 78/227/57 80/228/57
f 74/229/58 79/230/58 80/231/58 75/232/58
f 80/233/59 78/234/59 76/235/59 75/236/59
f 74/237/60 73/238/60 77/239/60 79/240/60
o cube
v -0.11772714038997201 2.192069457002541 -0.023295740157666445
v -0.030947109127051453 1.9528443211679614 0.2052113369624351
v -0.033816236931196564 1.9135607882495815 0.16517482862658084
v -0.12059626819411712 2.1527859240841614 -0.0633322484935207
v -0.17024442904766535 2.1840910771912063 -0.011703876173253747
v -0.17311355685181046 2.144807544272826 -0.051740384509108006
v -0.08346439778474485 1.9448659413566265 0.21680320094684769
v -0.08633352558888996 1.9055824084382462 0.17676669261099343
vt 0.5515062370750561 0.7916666666666666
vt 0.4375 0.7916666666666665
vt 0.4375 0.7729460146347528
vt 0.5515047639359286 0.7729445414956254
vt 0.7687217437548964 0.8152096609678302
vt 0.7687217437548964 0.8333332231713387
vt 0.7500000000000008 0.8333333333333343
vt 0.7500000000000006 0.8152097711298257
vt 0.25 0.7729445414956253
vt 0.364006237075056 0.7729445414956253
vt 0.3640047639359285 0.7916666666666666
vt 0.25 0.7916651935275392
vt 0.8050111638616965 0.7622704653022381
vt 0.8050111638616965 0.7803940275057467
vt 0.7862894201068006 0.7803939173437512
vt 0.7862894201068006 0.7622703551402427
vt 0.37500039981710526 0.8568764378009015
vt 0.4890065206818117 0.8568764378009015
vt 0.48900612086470646 0.875
vt 0.375 0.875
vt 0.20833333333333334 0.8985431044675681
vt 0.3223394541980398 0.8985431044675682
vt 0.32233985401514503 0.9166666666666666
vt 0.20833373315043854 0.9166666666666666
vn 0.9659249025922053 0.1467424526109585 -0.2132035064297947
vn -0.25373093327460683 0.6994560395369348 -0.6681181499217806
vn -0.9659249025922053 -0.14674245261095753 0.21320350642979535
vn 0.25373093327460555 -0.6994560395369311 0.6681181499217851
vn -0.05108518426935171 -0.6994482835471328 -0.7128551063092248
vn 0.05108518426935737 0.6994482835471338 0.7128551063092234
usemtl m_dfb504a2-7dbb-3830-bb8c-795107f0c6be
f 81/241/61 82/242/61 83/243/61 84/244/61
f 85/245/62 81/246/62 84/247/62 86/248/62
f 87/249/63 85/250/63 86/251/63 88/252/63
f 82/253/64 87/254/64 88/255/64 83/256/64
f 88/257/65 86/258/65 84/259/65 83/260/65
f 82/261/66 81/262/66 85/263/66 87/264/66
o cube
v -0.02381031058372779 1.9605375905355054 0.2051579706306137
v 0.13300191338468692 1.4685644551722443 0.5351298639067918
v 0.11909362820567071 1.4265049778206855 0.47903071064229064
v -0.037718595762744 1.918478113183947 0.14905881736611248
v -0.09193207959564392 1.953627006721614 0.2272280458755227
v -0.10584036477466013 1.9115675293700551 0.1711288926110215
v 0.0648801443727709 1.4616538713583527 0.5571999391517009
v 0.05097185919375469 1.4195943940067939 0.5011007858871996
vt 0.45426292823604747 0.8125
vt 0.2500013184557593 0.8124999999999999
vt 0.25 0.7916670591176755
vt 0.45426452167022696 0.7916666666666666
vt 0.7810307532061542 0.7803940275057452
vt 0.8018621581224293 0.7803940275057453
vt 0.801859938045066 0.8012273608390785
vt 0.7810288247890961 0.8012255631239137
vt 0.2500013184557593 0.875
vt 0.4542629282360475 0.8750000000000001
vt 0.45426452167022685 0.8958333333333334
vt 0.25 0.8958329408823245
vt 0.8020167820122911 0.8012273608390781
vt 0.8020167820122911 0.8220587657553532
vt 0.7811852463941226 0.8220606941724115
vt 0.7811834486789578 0.8012295809164415
vt 0.500000981157234 0.7708333333333334
vt 0.7042621530029489 0.7708333333333334
vt 0.7042632404247705 0.7916666666666666
vt 0.5 0.7916664516432098
vt 0.5625 0.875
vt 0.7667632404249204 0.875
vt 0.766762123946228 0.8958333333333334
vt 0.5625009521006631 0.895833118312054
vn 0.9469196430557455 0.09605985947329754 -0.3067828107850077
vn -0.25589964712899915 0.8028439910511433 -0.5384764587540719
vn -0.9469196430557456 -0.09605985947329748 0.3067828107850075
vn 0.2558996471290028 -0.8028439910511401 0.5384764587540748
vn -0.19457276323892594 -0.588399549142457 -0.784810429578075
vn 0.19457276323892922 0.5883995491424574 0.7848104295780738
usemtl m_dfb504a2-7dbb-3830-bb8c-795107f0c6be
f 89/265/67 90/266/67 91/267/67 92/268/67
f 93/269/68 89/270/68 92/271/68 94/272/68
f 95/273/69 93/274/69 94/275/69 96/276/69
f 90/277/70 95/278/70 96/279/70 91/280/70
f 96/281/71 94/282/71 92/283/71 91/284/71
f 90/285/72 89/286/72 93/287/72 95/288/72