# Made in Blockbench 4.10.3
mtllib putrid_log_diagonal_2.mtl

o cube
v 0.7231805778120042 0.59375 0.4535961174846327
v -0.5584504630886133 0.59375 -0.8280349234159845
v 0.7231805778120042 0.40625 0.4535961174846327
v -0.5584504630886133 0.40625 -0.8280349234159845
v -0.8401883212176283 0.59375 -0.5462970652869694
v 0.4414427196829891 0.59375 0.7353339756136477
v -0.8401883212176283 0.40625 -0.5462970652869694
v 0.4414427196829891 0.40625 0.7353339756136477
vt 0.354166875 0.854166875
vt 0.486979375 0.854166875
vt 0.486979375 0.791666875
vt 0.354166875 0.791666875
vt 0.645833125 0.6041666666666667
vt 0.645833125 0
vt 0.583333125 0
vt 0.583333125 0.6041666666666667
vt 0.354166875 0.854166875
vt 0.486979375 0.854166875
vt 0.486979375 0.791666875
vt 0.354166875 0.791666875
vt 0.416666875 0.6041666666666667
vt 0.416666875 0
vt 0.354166875 0
vt 0.354166875 0.6041666666666667
vt 0.375 0.9375
vt 0.5078125 0.9375
vt 0.5078125 0.33333333333333337
vt 0.375 0.33333333333333337
vt 0.354166875 0.6041666666666667
vt 0.486979375 0.6041666666666667
vt 0.486979375 0
vt 0.354166875 0
vn -0.7071067811865476 0 -0.7071067811865475
vn 0.7071067811865475 0 -0.7071067811865476
vn 0.7071067811865476 0 0.7071067811865475
vn -0.7071067811865475 0 0.7071067811865476
vn 0 1 0
vn 0 -1 0
usemtl m_bcf3d127-6924-b25e-9301-da65f670539a
f 4/4/1 7/3/1 5/2/1 2/1/1
f 3/8/2 4/7/2 2/6/2 1/5/2
f 8/12/3 3/11/3 1/10/3 6/9/3
f 7/16/4 8/15/4 6/14/4 5/13/4
f 6/20/5 1/19/5 2/18/5 5/17/5
f 7/24/6 4/23/6 3/22/6 8/21/6
o cube
v 1.3507378461150652 0.3125 1.7705824974445776
v -0.7705824974445776 0.3125 -0.35073784611506487
v 1.3507378461150652 0 1.7705824974445776
v -0.7705824974445776 0 -0.35073784611506487
v -0.9031650189170553 0.3125 -0.21815532464258724
v 1.2181553246425874 0.3125 1.903165018917055
v -0.9031650189170553 0 -0.21815532464258724
v 1.2181553246425874 0 1.903165018917055
vt 0.395833125 0.458333125
vt 0.395833125 0.520833125
vt 0.4999997916666667 0.520833125
vt 0.4999997916666667 0.458333125
vt 0.4791666666666667 1
vt 0.4791666666666667 0
vt 0.375 0
vt 0.375 1
vt 0.4999997916666667 0.520833125
vt 0.4999997916666667 0.458333125
vt 0.395833125 0.458333125
vt 0.395833125 0.520833125
vt 0.5833335416666666 1
vt 0.5833335416666666 0
vt 0.479166875 0
vt 0.479166875 1
vt 0.625 0
vt 0.5625 0
vt 0.5625 1
vt 0.625 1
vt 0.458333125 0
vt 0.395833125 0
vt 0.395833125 1
vt 0.458333125 1
vn -0.7071067811865476 0 -0.7071067811865475
vn 0.7071067811865475 0 -0.7071067811865476
vn 0.7071067811865476 0 0.7071067811865475
vn -0.7071067811865475 0 0.7071067811865476
vn 0 1 0
vn 0 -1 0
usemtl m_bcf3d127-6924-b25e-9301-da65f670539a
f 12/28/7 15/27/7 13/26/7 10/25/7
f 11/32/8 12/31/8 10/30/8 9/29/8
f 16/36/9 11/35/9 9/34/9 14/33/9
f 15/40/10 16/39/10 14/38/10 13/37/10
f 14/44/11 9/43/11 10/42/11 13/41/11
f 15/48/12 12/47/12 11/46/12 16/45/12
o cube
v 1.8921164754610156 0.3125 1.229203868098627
v -0.09662134662614963 0.3125 -0.7595339539885377
v 1.8921164754610156 0 1.229203868098627
v -0.09662134662614963 0 -0.7595339539885377
v -0.22920386809862725 0.3125 -0.6269514325160601
v 1.7595339539885377 0.3125 1.3617863895711046
v -0.22920386809862725 0 -0.6269514325160601
v 1.7595339539885377 0 1.3617863895711046
vt 0.520833125 0.72916625
vt 0.520833125 0.79166625
vt 0.6249997916666666 0.79166625
vt 0.6249997916666666 0.72916625
vt 0.4791666666666667 0.9375
vt 0.4791666666666667 0
vt 0.375 0
vt 0.375 0.9375
vt 0.4791666666666667 0.770833125
vt 0.4791666666666667 0.708333125
vt 0.375 0.708333125
vt 0.375 0.770833125
vt 0.5833335416666666 0.9375
vt 0.5833335416666666 0
vt 0.479166875 0
vt 0.479166875 0.9375
vt 0.625 0
vt 0.5625 0
vt 0.5625 0.9375
vt 0.625 0.9375
vt 0.458333125 0
vt 0.395833125 0
vt 0.395833125 0.9375
vt 0.458333125 0.9375
vn -0.7071067811865476 0 -0.7071067811865475
vn 0.7071067811865475 0 -0.7071067811865476
vn 0.7071067811865476 0 0.7071067811865475
vn -0.7071067811865475 0 0.7071067811865476
vn 0 1 0
vn 0 -1 0
usemtl m_bcf3d127-6924-b25e-9301-da65f670539a
f 20/52/13 23/51/13 21/50/13 18/49/13
f 19/56/14 20/55/14 18/54/14 17/53/14
f 24/60/15 19/59/15 17/58/15 22/57/15
f 23/64/16 24/63/16 22/62/16 21/61/16
f 22/68/17 17/67/17 18/66/17 21/65/17
f 23/72/18 20/71/18 19/70/18 24/69/18
o cube
v 1.6395703675875426 0.4553458691207961 1.746915018917055
v -0.4817499759720999 0.4553458691207961 -0.37440532464258713
v 1.4442578675875428 0.17913228271980097 1.942227518917055
v -0.6770624759720999 0.17913228271980097 -0.17909282464258713
v -0.5754999759720999 0.5879283905932737 -0.28065532464258713
v 1.5458203675875426 0.5879283905932737 1.840665018917055
v -0.7708124759720999 0.3117148041922786 -0.08534282464258713
v 1.3505078675875428 0.3117148041922786 2.035977518917055
vt 0.354166875 0.791666875
vt 0.354166875 0.854166875
vt 0.4843752083333333 0.854166875
vt 0.4843752083333333 0.791666875
vt 0.4843752083333333 1
vt 0.4843752083333333 0
vt 0.354166875 0
vt 0.354166875 1
vt 0.4843752083333333 0.854166875
vt 0.4843752083333333 0.791666875
vt 0.354166875 0.791666875
vt 0.354166875 0.854166875
vt 0.5885414583333334 1
vt 0.5885414583333334 0
vt 0.458333125 0
vt 0.458333125 1
vt 0.645833125 0
vt 0.583333125 0
vt 0.583333125 1
vt 0.645833125 1
vt 0.416666875 0
vt 0.354166875 0
vt 0.354166875 1
vt 0.416666875 1
vn -0.7071067811865476 0 -0.7071067811865475
vn 0.4999999999999999 -0.7071067811865476 -0.5
vn 0.7071067811865476 0 0.7071067811865475
vn -0.4999999999999999 0.7071067811865476 0.5
vn 0.5 0.7071067811865475 -0.5000000000000001
vn -0.5 -0.7071067811865475 0.5000000000000001
usemtl m_bcf3d127-6924-b25e-9301-da65f670539a
f 28/76/19 31/75/19 29/74/19 26/73/19
f 27/80/20 28/79/20 26/78/20 25/77/20
f 32/84/21 27/83/21 25/82/21 30/81/21
f 31/88/22 32/87/22 30/86/22 29/85/22
f 30/92/23 25/91/23 26/90/23 29/89/23
f 31/96/24 28/95/24 27/94/24 32/93/24
o cube
v 1.8438058021479407 0.3178616523516815 1.1891261937633835
v -0.27751454141170195 0.3178616523516815 -0.9321941497962589
v 1.7500558021479407 0.1852791308792039 1.2828761937633835
v -0.37126454141170195 0.1852791308792039 -0.8384441497962589
v -0.47282704141170195 0.5940752387526766 -0.7368816497962589
v 1.6484933021479407 0.5940752387526766 1.3844386937633835
v -0.566577041411702 0.461492717280199 -0.6431316497962589
v 1.5547433021479407 0.461492717280199 1.4781886937633835
vt 0.354166875 0.854166875
vt 0.4843752083333333 0.854166875
vt 0.4843752083333333 0.791666875
vt 0.354166875 0.791666875
vt 0.645833125 1
vt 0.645833125 0
vt 0.583333125 0
vt 0.583333125 1
vt 0.354166875 0.854166875
vt 0.4843752083333333 0.854166875
vt 0.4843752083333333 0.791666875
vt 0.354166875 0.791666875
vt 0.416666875 1
vt 0.416666875 0
vt 0.354166875 0
vt 0.354166875 1
vt 0.520833125 1
vt 0.6510414583333334 1
vt 0.6510414583333334 0
vt 0.520833125 0
vt 0.354166875 1
vt 0.4843752083333333 1
vt 0.4843752083333333 0
vt 0.354166875 0
vn -0.7071067811865476 0 -0.7071067811865475
vn 0.4999999999999999 -0.7071067811865476 -0.5
vn 0.7071067811865476 0 0.7071067811865475
vn -0.4999999999999999 0.7071067811865476 0.5
vn 0.5 0.7071067811865475 -0.5000000000000001
vn -0.5 -0.7071067811865475 0.5000000000000001
usemtl m_bcf3d127-6924-b25e-9301-da65f670539a
f 36/100/25 39/99/25 37/98/25 34/97/25
f 35/104/26 36/103/26 34/102/26 33/101/26
f 40/108/27 35/107/27 33/106/27 38/105/27
f 39/112/28 40/111/28 38/110/28 37/109/28
f 38/116/29 33/115/29 34/114/29 37/113/29
f 39/120/30 36/119/30 35/118/30 40/117/30
o cube
v 1.8700193885489358 0.596875 1.6048543456039805
v 0.8977475644174331 0.596875 0.6325825214724776
v 1.8700193885489358 0.40625 1.6048543456039805
v 0.8977475644174331 0.40625 0.6325825214724776
v 0.621533978016438 0.596875 0.9087961078734728
v 1.5938058021479407 0.596875 1.8810679320049757
v 0.621533978016438 0.40625 0.9087961078734728
v 1.5938058021479407 0.40625 1.8810679320049757
vt 0.354166875 0.854166875
vt 0.4843752083333333 0.854166875
vt 0.4843752083333333 0.7906252083333333
vt 0.354166875 0.7906252083333333
vt 0.6468747916666667 0.583333125
vt 0.6468747916666667 0.12499979166666664
vt 0.583333125 0.12499979166666664
vt 0.583333125 0.583333125
vt 0.354166875 0.854166875
vt 0.4843752083333333 0.854166875
vt 0.4843752083333333 0.7906252083333333
vt 0.354166875 0.7906252083333333
vt 0.41770854166666666 0.520833125
vt 0.41770854166666666 0.06249979166666664
vt 0.354166875 0.06249979166666664
vt 0.354166875 0.520833125
vt 0.354166875 0.520833125
vt 0.4843752083333333 0.520833125
vt 0.4843752083333333 0.06249979166666664
vt 0.354166875 0.06249979166666664
vt 0.354166875 0.520833125
vt 0.4843752083333333 0.520833125
vt 0.4843752083333333 0.06249979166666664
vt 0.354166875 0.06249979166666664
vn -0.7071067811865476 0 -0.7071067811865475
vn 0.7071067811865475 0 -0.7071067811865476
vn 0.7071067811865476 0 0.7071067811865475
vn -0.7071067811865475 0 0.7071067811865476
vn 0 1 0
vn 0 -1 0
usemtl m_bcf3d127-6924-b25e-9301-da65f670539a
f 44/124/31 47/123/31 45/122/31 42/121/31
f 43/128/32 44/127/32 42/126/32 41/125/32
f 48/132/33 43/131/33 41/130/33 46/129/33
f 47/136/34 48/135/34 46/134/34 45/133/34
f 46/140/35 41/139/35 42/138/35 45/137/35
f 47/144/36 44/143/36 43/142/36 48/141/36