# Made in Blockbench 4.10.3
mtllib putrid_stump_2.mtl

o cube
v 0.8550309681128772 0.75 0.6488971788501403
v 0.7571363239478386 0.75 -0.09468646718021761
v 0.8550309681128772 0 0.6488971788501403
v 0.7571363239478386 0 -0.09468646718021761
v 0.013552677917480604 0.75 0.0032081769848211206
v 0.1114473220825194 0.75 0.7467918230151789
v 0.013552677917480604 0 0.0032081769848211206
v 0.1114473220825194 0 0.7467918230151789
vt 0.546875 0.92
vt 0.734375 0.92
vt 0.734375 0.6799999999999999
vt 0.546875 0.6799999999999999
vt 0.53125 0.78
vt 0.71875 0.78
vt 0.71875 0.54
vt 0.53125 0.54
vt 0.5625 0.48
vt 0.75 0.48
vt 0.75 0.72
vt 0.5625 0.72
vt 0.515625 0.74
vt 0.703125 0.74
vt 0.703125 0.5
vt 0.515625 0.5
vt 0.0625 0.86
vt 0.25 0.86
vt 0.25 0.62
vt 0.0625 0.62
vt 0.53125 0.78
vt 0.71875 0.78
vt 0.71875 0.54
vt 0.53125 0.54
vn -0.13052619222005157 0 -0.9914448613738104
vn 0.9914448613738104 0 -0.13052619222005157
vn 0.13052619222005157 0 0.9914448613738104
vn -0.9914448613738104 0 0.13052619222005157
vn 0 1 0
vn 0 -1 0
usemtl m_56686007-83d1-5c37-d961-c52560b8eb36
f 4/4/1 7/3/1 5/2/1 2/1/1
f 3/8/2 4/7/2 2/6/2 1/5/2
f 8/12/3 3/11/3 1/10/3 6/9/3
f 7/16/4 8/15/4 6/14/4 5/13/4
f 6/20/5 1/19/5 2/18/5 5/17/5
f 7/24/6 4/23/6 3/22/6 8/21/6
o cube
v 0.35609106511284905 0.25265505269384025 0.5626267211983298
v 0.37841880315321563 0.36082637638505255 0.20426177195678952
v -0.018747413140355718 -0.2922084409753846 0.37480729066094254
v 0.0035803249000109227 -0.18403711728417227 0.016442341419402262
v 0.11711376719139877 0.528732503993435 0.238663232573327
v 0.09478602915103207 0.42056118030222267 0.5970281818148673
v -0.25772471106180594 -0.016130989675789853 0.050843802035939745
v -0.2800524491021726 -0.12430231336700215 0.40920875127748
vt 0.546875 0.92
vt 0.625 0.92
vt 0.625 0.7
vt 0.546875 0.7
vt 0.53125 0.78
vt 0.625 0.78
vt 0.625 0.56
vt 0.53125 0.56
vt 0.5625 0.5
vt 0.640625 0.5
vt 0.640625 0.72
vt 0.5625 0.72
vt 0.515625 0.74
vt 0.609375 0.74
vt 0.609375 0.52
vt 0.515625 0.52
vt 0.53125 1
vt 0.609375 1
vt 0.609375 0.88
vt 0.53125 0.88
vt 0.53125 0.78
vt 0.609375 0.78
vt 0.609375 0.6599999999999999
vt 0.53125 0.6599999999999999
vn 0.059540634774311166 0.2884568631765662 -0.9556398646441076
vn 0.8361761150778142 -0.5372996083468239 -0.11008467397291997
vn -0.059540634774311166 -0.2884568631765662 0.9556398646441076
vn -0.8361761150778142 0.5372996083468239 0.11008467397291997
vn 0.5452196047319342 0.792528718064327 0.27319189896347224
vn -0.5452196047319342 -0.792528718064327 -0.27319189896347224
usemtl m_56686007-83d1-5c37-d961-c52560b8eb36
f 12/28/7 15/27/7 13/26/7 10/25/7
f 11/32/8 12/31/8 10/30/8 9/29/8
f 16/36/9 11/35/9 9/34/9 14/33/9
f 15/40/10 16/39/10 14/38/10 13/37/10
f 14/44/11 9/43/11 10/42/11 13/41/11
f 15/48/12 12/47/12 11/46/12 16/45/12
o cube
v 0.29949809797840876 0.7642270826427751 0.7027736496283681
v 0.22412904957294655 1.003404227870956 0.13028889023039736
v 0.2870105451653301 0.5332571995149533 0.6079212689905531
v 0.21164149675986788 0.7724343447431345 0.035436509592582266
v 0.03823313806535711 1.003404227870956 0.15476255127165706
v 0.11360218647081932 0.7642270826427751 0.727247310669628
v 0.025745585252278325 0.7724343447431345 0.059910170633841964
v 0.10111463365774065 0.5332571995149533 0.6323949300318128
vt 0.546875 0.92
vt 0.59375 0.92
vt 0.59375 0.84
vt 0.546875 0.84
vt 0.53125 0.78
vt 0.703125 0.78
vt 0.703125 0.7
vt 0.53125 0.7
vt 0.5625 0.64
vt 0.609375 0.64
vt 0.609375 0.72
vt 0.5625 0.72
vt 0.515625 0.74
vt 0.6875 0.74
vt 0.6875 0.6599999999999999
vt 0.515625 0.6599999999999999
vt 0.6875 0.96
vt 0.734375 0.96
vt 0.734375 0.74
vt 0.6875 0.74
vt 0.53125 0.78
vt 0.578125 0.78
vt 0.578125 0.56
vt 0.53125 0.56
vn -0.12059047744873963 0.3826834323650898 -0.9159756150367536
vn 0.9914448613738105 0 -0.1305261922200516
vn 0.12059047744873963 -0.3826834323650898 0.9159756150367536
vn -0.9914448613738105 0 0.1305261922200516
vn 0.04995021125231481 0.9238795325112867 0.3794095225512603
vn -0.04995021125231481 -0.9238795325112867 -0.3794095225512603
usemtl m_56686007-83d1-5c37-d961-c52560b8eb36
f 20/52/13 23/51/13 21/50/13 18/49/13
f 19/56/14 20/55/14 18/54/14 17/53/14
f 24/60/15 19/59/15 17/58/15 22/57/15
f 23/64/16 24/63/16 22/62/16 21/61/16
f 22/68/17 17/67/17 18/66/17 21/65/17
f 23/72/18 20/71/18 19/70/18 24/69/18
o cube
v 0.4098181619739192 1.015625 0.14015676640989116
v 0.3853445009326595 1.015625 -0.045739145097698275
v 0.4098181619739192 0.75 0.14015676640989116
v 0.3853445009326595 0.75 -0.045739145097698275
v 0.013552677917480604 1.015625 0.0032081769848211206
v 0.0380263389587403 1.015625 0.18910408849241045
v 0.013552677917480604 0.75 0.0032081769848211206
v 0.0380263389587403 0.75 0.18910408849241045
vt 0.546875 0.92
vt 0.640625 0.92
vt 0.640625 0.835
vt 0.546875 0.835
vt 0.53125 0.78
vt 0.578125 0.78
vt 0.578125 0.6950000000000001
vt 0.53125 0.6950000000000001
vt 0.5625 0.635
vt 0.65625 0.635
vt 0.65625 0.72
vt 0.5625 0.72
vt 0.515625 0.74
vt 0.5625 0.74
vt 0.5625 0.655
vt 0.515625 0.655
vt 0.0625 0.88
vt 0.15625 0.88
vt 0.15625 0.8200000000000001
vt 0.0625 0.8200000000000001
vt 0.53125 0.78
vt 0.625 0.78
vt 0.625 0.72
vt 0.53125 0.72
vn -0.13052619222005157 0 -0.9914448613738104
vn 0.9914448613738104 0 -0.13052619222005157
vn 0.13052619222005157 0 0.9914448613738104
vn -0.9914448613738104 0 0.13052619222005157
vn 0 1 0
vn 0 -1 0
usemtl m_56686007-83d1-5c37-d961-c52560b8eb36
f 28/76/19 31/75/19 29/74/19 26/73/19
f 27/80/20 28/79/20 26/78/20 25/77/20
f 32/84/21 27/83/21 25/82/21 30/81/21
f 31/88/22 32/87/22 30/86/22 29/85/22
f 30/92/23 25/91/23 26/90/23 29/89/23
f 31/96/24 28/95/24 27/94/24 32/93/24
o cube
v 0.37954531194386787 0.30509165365759405 0.2522143737701883
v 0.29580452924904144 0.42794788653809657 -0.02264936948466445
v 0.6349659694633989 -0.118838024076233 -0.015087264924347032
v 0.5512251867685725 0.004018208804269396 -0.2899510081791997
v 0.030271070632972297 0.26334357281307597 -0.015324599283267681
v 0.11401185332779873 0.14048733993257345 0.25953914397158506
v 0.2856917281525033 -0.16058610492075126 -0.28262623797780295
v 0.36943251084732975 -0.2834423378012537 -0.007762494722950264
vt 0.546875 0.92
vt 0.625 0.92
vt 0.625 0.74
vt 0.546875 0.74
vt 0.53125 0.78
vt 0.609375 0.78
vt 0.609375 0.6
vt 0.53125 0.6
vt 0.5625 0.54
vt 0.640625 0.54
vt 0.640625 0.72
vt 0.5625 0.72
vt 0.515625 0.74
vt 0.59375 0.74
vt 0.59375 0.56
vt 0.515625 0.56
vt 0.0625 0.88
vt 0.140625 0.88
vt 0.140625 0.78
vt 0.0625 0.78
vt 0.53125 0.78
vt 0.609375 0.78
vt 0.609375 0.6799999999999999
vt 0.53125 0.6799999999999999
vn -0.2679705046234447 0.3931399452176077 -0.8795639784155288
vn 0.8497070675714212 0.5267338039200663 -0.023439264644469694
vn 0.2679705046234447 -0.3931399452176077 0.8795639784155288
vn -0.8497070675714212 -0.5267338039200663 0.023439264644469694
vn -0.45408116892361056 0.7536527604156927 0.4752029132347294
vn 0.45408116892361056 -0.7536527604156927 -0.4752029132347294
usemtl m_56686007-83d1-5c37-d961-c52560b8eb36
f 36/100/25 39/99/25 37/98/25 34/97/25
f 35/104/26 36/103/26 34/102/26 33/101/26
f 40/108/27 35/107/27 33/106/27 38/105/27
f 39/112/28 40/111/28 38/110/28 37/109/28
f 38/116/29 33/115/29 34/114/29 37/113/29
f 39/120/30 36/119/30 35/118/30 40/117/30
o cube
v 0.6855588555063705 0.5155533728584718 0.641681041090626
v 0.7946962004392448 0.39139551517032223 0.23661300197214408
v 0.9285782251534322 -0.013375027631519432 0.869280103328246
v 1.0377155700863068 -0.13753288531966912 0.46421206420976413
v 0.5729725871822753 0.2786833442971147 0.21142161730748943
v 0.46383524224940087 0.4028412019852644 0.6164896564259714
v 0.815991956829337 -0.2502450561928766 0.4390206795451095
v 0.7068546118964627 -0.12608719850472694 0.8440887186635915
vt 0.546875 0.92
vt 0.609375 0.92
vt 0.609375 0.72
vt 0.546875 0.72
vt 0.53125 0.78
vt 0.640625 0.78
vt 0.640625 0.5800000000000001
vt 0.53125 0.5800000000000001
vt 0.578125 0.56
vt 0.640625 0.56
vt 0.640625 0.76
vt 0.578125 0.76
vt 0.515625 0.74
vt 0.625 0.74
vt 0.625 0.54
vt 0.515625 0.54
vt 0.0625 0.88
vt 0.125 0.88
vt 0.125 0.74
vt 0.0625 0.74
vt 0.53125 0.78
vt 0.59375 0.78
vt 0.59375 0.64
vt 0.53125 0.64
vn 0.24945678841799865 -0.28378938900148487 -0.9258698036993871
vn 0.886894453027879 0.45084868349283014 0.10076553865861844
vn -0.24945678841799865 0.28378938900148487 0.9258698036993871
vn -0.886894453027879 -0.45084868349283014 -0.10076553865861844
vn -0.388830991435299 0.8462854407839863 -0.36415849958019214
vn 0.388830991435299 -0.8462854407839863 0.36415849958019214
usemtl m_56686007-83d1-5c37-d961-c52560b8eb36
f 44/124/31 47/123/31 45/122/31 42/121/31
f 43/128/32 44/127/32 42/126/32 41/125/32
f 48/132/33 43/131/33 41/130/33 46/129/33
f 47/136/34 48/135/34 46/134/34 45/133/34
f 46/140/35 41/139/35 42/138/35 45/137/35
f 47/144/36 44/143/36 43/142/36 48/141/36
o cube
v 0.5969143877816243 0.8388142019647606 0.6781509230667477
v 0.5724407267403646 0.8388142019647606 0.4922550115591583
v 0.6237378806612073 0.716777201074769 0.674619543235133
v 0.5992642196199476 0.716777201074769 0.4887236317275434
v 0.14896537573587798 0.7441218708668407 0.548006599185598
v 0.17343903677713757 0.7441218708668407 0.7339025106931876
v 0.17578886861546084 0.6220848699768491 0.5444752193539832
v 0.20026252965672053 0.6220848699768491 0.7303711308615726
vt 0.546875 0.92
vt 0.65625 0.92
vt 0.65625 0.88
vt 0.546875 0.88
vt 0.53125 0.78
vt 0.578125 0.78
vt 0.578125 0.74
vt 0.53125 0.74
vt 0.5625 0.6799999999999999
vt 0.671875 0.6799999999999999
vt 0.671875 0.72
vt 0.5625 0.72
vt 0.515625 0.74
vt 0.5625 0.74
vt 0.5625 0.7
vt 0.515625 0.7
vt 0.0625 0.88
vt 0.171875 0.88
vt 0.171875 0.8200000000000001
vt 0.0625 0.8200000000000001
vt 0.53125 0.78
vt 0.640625 0.78
vt 0.640625 0.72
vt 0.53125 0.72
vn -0.1305261922200516 0 -0.9914448613738105
vn 0.9679436594388271 0.2164396139381029 -0.1274322002890053
vn 0.1305261922200516 0 0.9914448613738105
vn -0.9679436594388271 -0.2164396139381029 0.1274322002890053
vn -0.21458794303666345 0.9762960071199333 0.02825103865291857
vn 0.21458794303666345 -0.9762960071199333 -0.02825103865291857
usemtl m_56686007-83d1-5c37-d961-c52560b8eb36
f 52/148/37 55/147/37 53/146/37 50/145/37
f 51/152/38 52/151/38 50/150/38 49/149/38
f 56/156/39 51/155/39 49/154/39 54/153/39
f 55/160/40 56/159/40 54/158/40 53/157/40
f 54/164/41 49/163/41 50/162/41 53/161/41
f 55/168/42 52/167/42 51/166/42 56/165/42
o cube
v 0.8340458666290291 0.7544693532236544 0.6453559888689877
v 0.8099800999384572 0.7544693532236544 0.4625583425531914
v 0.7911292678782291 0.6355395059054381 0.6510060662824866
v 0.767063501187657 0.6355395059054381 0.46820841996669027
v 0.5770667449011877 0.8399743890550715 0.4932219674653078
v 0.6011325115917598 0.8399743890550715 0.6760196137811041
v 0.5341501461503877 0.7210445417368552 0.49887204487880665
v 0.5582159128409598 0.7210445417368552 0.681669691194603
vt 0.546875 0.92
vt 0.609375 0.92
vt 0.609375 0.8795
vt 0.546875 0.8795
vt 0.53125 0.78
vt 0.57734375 0.78
vt 0.57734375 0.7395
vt 0.53125 0.7395
vt 0.5625 0.6795
vt 0.625 0.6795
vt 0.625 0.72
vt 0.5625 0.72
vt 0.515625 0.74
vt 0.56171875 0.74
vt 0.56171875 0.6995
vt 0.515625 0.6995
vt 0.0625 0.88
vt 0.125 0.88
vt 0.125 0.821
vt 0.0625 0.821
vt 0.53125 0.78
vt 0.59375 0.78
vt 0.59375 0.7210000000000001
vt 0.53125 0.7210000000000001
vn -0.13052619222005157 0 -0.9914448613738105
vn 0.9316534201490776 -0.3420201433256686 -0.12265449964846552
vn 0.13052619222005157 0 0.9914448613738105
vn -0.9316534201490776 0.3420201433256686 0.12265449964846552
vn 0.3390941135865683 0.9396926207859084 -0.04464258697085582
vn -0.3390941135865683 -0.9396926207859084 0.04464258697085582
usemtl m_56686007-83d1-5c37-d961-c52560b8eb36
f 60/172/43 63/171/43 61/170/43 58/169/43
f 59/176/44 60/175/44 58/174/44 57/173/44
f 64/180/45 59/179/45 57/178/45 62/177/45
f 63/184/46 64/183/46 62/182/46 61/181/46
f 62/188/47 57/187/47 58/186/47 61/185/47
f 63/192/48 60/191/48 59/190/48 64/189/48
o cube
v 0.680237741845481 0.7503925979038608 0.09982740507054633
v 0.6565798695055967 0.7503925979038608 -0.07987197605345675
v 0.4940193740478307 0.5625673591511839 0.12434351828775525
v 0.47036150170794633 0.5625673591511839 -0.05535586283624783
v 0.3936833502618551 1.015557640848816 -0.04526099268798528
v 0.41734122260173945 1.015557640848816 0.13443838843601785
v 0.20746498246420475 0.8277324020961394 -0.020744879470776356
v 0.231122854804089 0.8277324020961394 0.15895450165322678
vt 0.546875 0.92
vt 0.640625 0.92
vt 0.640625 0.835
vt 0.546875 0.835
vt 0.53125 0.78
vt 0.5765625 0.78
vt 0.5765625 0.6950000000000001
vt 0.53125 0.6950000000000001
vt 0.5625 0.635
vt 0.65625 0.635
vt 0.65625 0.72
vt 0.5625 0.72
vt 0.515625 0.74
vt 0.5609375 0.74
vt 0.5609375 0.655
vt 0.515625 0.655
vt 0.0625 0.88
vt 0.15625 0.88
vt 0.15625 0.822
vt 0.0625 0.822
vt 0.53125 0.78
vt 0.625 0.78
vt 0.625 0.722
vt 0.53125 0.722
vn -0.1305261922200516 0 -0.9914448613738105
vn 0.7010573846499778 -0.7071067811865476 -0.09229595564125724
vn 0.1305261922200516 0 0.9914448613738105
vn -0.7010573846499778 0.7071067811865476 0.09229595564125724
vn 0.701057384649978 0.7071067811865476 -0.09229595564125727
vn -0.701057384649978 -0.7071067811865476 0.09229595564125727
usemtl m_56686007-83d1-5c37-d961-c52560b8eb36
f 68/196/49 71/195/49 69/194/49 66/193/49
f 67/200/50 68/199/50 66/198/50 65/197/50
f 72/204/51 67/203/51 65/202/51 70/201/51
f 71/208/52 72/207/52 70/206/52 69/205/52
f 70/212/53 65/211/53 66/210/53 69/209/53
f 71/216/54 68/215/54 67/214/54 72/213/54