# Made in Blockbench 4.12.5
mtllib red_book_and_map.mtl

o cube
v 2.8000000000000003 0.018750000000000044 5.800000000000001
v 2.8000000000000003 0.018750000000000044 1.1999999999999997
v 2.8000000000000003 0.018750000000000044 5.800000000000001
v 2.8000000000000003 0.018750000000000044 1.1999999999999997
v -1.8000000000000003 0.018750000000000044 1.1999999999999997
v -1.8000000000000003 0.018750000000000044 5.800000000000001
v -1.8000000000000003 0.018750000000000044 1.1999999999999997
v -1.8000000000000003 0.018750000000000044 5.800000000000001
vt 0 1
vt 0.5 1
vt 0.5 1
vt 0 1
vt 0 1
vt 0.5 1
vt 0.5 1
vt 0 1
vt 0 1
vt 0.5 1
vt 0.5 1
vt 0 1
vt 0 1
vt 0.5 1
vt 0.5 1
vt 0 1
vt 1 0
vt 0 0
vt 0 1
vt 1 1
vn 0 0 -1
vn 1 0 0
vn 0 0 1
vn -1 0 0
vn 0 1 0
usemtl none
f 4/4/1 7/3/1 5/2/1 2/1/1
f 3/8/2 4/7/2 2/6/2 1/5/2
f 8/12/3 3/11/3 1/10/3 6/9/3
f 7/16/4 8/15/4 6/14/4 5/13/4
usemtl m_5351e113-5773-d8e8-93f5-d981fbc9a4e5
f 6/20/5 1/19/5 2/18/5 5/17/5
o cube
v 0.4093184808502387 0.31059496022211974 3.8049966812280354
v 0.4093184808502387 0.31059496022211974 3.8049966812280354
v 0.4202025419195936 -0.05078757325613914 3.7787202333807017
v 0.4202025419195936 -0.05078757325613914 3.7787202333807017
v -0.06936660193217176 0.31059496022211974 3.6067188278338733
v -0.06936660193217176 0.31059496022211974 3.6067188278338733
v -0.05848254086281685 -0.05078757325613914 3.5804423799865397
v -0.05848254086281685 -0.05078757325613914 3.5804423799865397
vt 0 0.8785714285714286
vt 0.7285714285714285 0.8785714285714286
vt 0.7285714285714285 0.4214285714285714
vt 0 0.4214285714285714
vt 0.7285714285714285 0.8785714285714286
vt 0 0.8785714285714286
vt 0 0.4214285714285714
vt 0.7285714285714285 0.4214285714285714
vn 0.3815037470572467 0.07845909572784494 -0.9210315202417608
vn -0.3815037470572467 -0.07845909572784494 0.9210315202417608
usemtl m_10c548d6-8726-16be-7b7d-b541c46a30d9
f 12/24/6 15/23/6 13/22/6 10/21/6
f 16/28/7 11/27/7 9/26/7 14/25/7
o cube
v -0.6531249999999997 0.025000000000000022 2.050000000000001
v -0.6531249999999997 0.025000000000000022 1.5749999999999997
v -0.6531249999999997 0.025000000000000022 2.050000000000001
v -0.6531249999999997 0.025000000000000022 1.5749999999999997
v -1.6906250000000003 0.025000000000000022 1.5749999999999997
v -1.6906250000000003 0.025000000000000022 2.050000000000001
v -1.6906250000000003 0.025000000000000022 1.5749999999999997
v -1.6906250000000003 0.025000000000000022 2.050000000000001
vt 0.53125 0.75
vt 0 0.75
vt 0 1
vt 0.53125 1
vn 0 1 0
usemtl m_6a44ce2c-2c34-c8d5-5487-831aac07a654
f 22/32/8 17/31/8 18/30/8 21/29/8
o cube
v 0.8125 0.3151430530201895 0.8514281318732164
v 0.8125 -0.019704950299264 0.04303354092584055
v 0.8125 0.2718361999337231 0.86936641776533
v 0.8125 -0.06301180338573054 0.060971826817954156
v 0.1875 -0.019704950299264 0.04303354092584055
v 0.1875 0.3151430530201895 0.8514281318732164
v 0.1875 -0.06301180338573054 0.060971826817954156
v 0.1875 0.2718361999337231 0.86936641776533
vt 0.609375 0.6875
vt 0.453125 0.6875
vt 0.453125 0.671875
vt 0.609375 0.671875
vt 0.671875 0.71875
vt 0.453125 0.71875
vt 0.453125 0.703125
vt 0.671875 0.703125
vt 0.609375 0.671875
vt 0.453125 0.671875
vt 0.453125 0.65625
vt 0.609375 0.65625
vt 0.671875 0.734375
vt 0.453125 0.734375
vt 0.453125 0.71875
vt 0.671875 0.71875
vt 0 0.5625
vt 0.15625 0.5625
vt 0.15625 0.78125
vt 0 0.78125
vt 0.15625 0.78125
vt 0.3125 0.78125
vt 0.3125 0.5625
vt 0.15625 0.5625
vn 0 -0.3826834323650897 -0.9238795325112867
vn 1 0 0
vn 0 0.3826834323650897 0.9238795325112867
vn -1 0 0
vn 0 0.9238795325112867 -0.3826834323650897
vn 0 -0.9238795325112867 0.3826834323650897
usemtl m_a729fcc1-639c-ec04-c054-4108b45b5693
f 28/36/9 31/35/9 29/34/9 26/33/9
f 27/40/10 28/39/10 26/38/10 25/37/10
f 32/44/11 27/43/11 25/42/11 30/41/11
f 31/48/12 32/47/12 30/46/12 29/45/12
f 30/52/13 25/51/13 26/50/13 29/49/13
f 31/56/14 28/55/14 27/54/14 32/53/14
o cube
v 0.8125 0.271836199933723 0.86936641776533
v 0.8125 -0.06301180338573054 0.060971826817954156
v 0.8125 0.25740058223823414 0.8753458463960346
v 0.8125 -0.07744742108121938 0.06695125544865871
v 0.78125 -0.06301180338573054 0.060971826817954156
v 0.78125 0.271836199933723 0.86936641776533
v 0.78125 -0.07744742108121938 0.06695125544865871
v 0.78125 0.25740058223823414 0.8753458463960346
vt 0.46875 0.65625
vt 0.453125 0.65625
vt 0.453125 0.640625
vt 0.46875 0.640625
vt 0.671875 1
vt 0.453125 1
vt 0.453125 0.984375
vt 0.671875 0.984375
vt 0.46875 0.640625
vt 0.453125 0.640625
vt 0.453125 0.625
vt 0.46875 0.625
vt 0.5 0.5625
vt 0.28125 0.5625
vt 0.28125 0.546875
vt 0.5 0.546875
vt 0.453125 0.765625
vt 0.46875 0.765625
vt 0.46875 0.984375
vt 0.453125 0.984375
vt 0.28125 0.546875
vt 0.296875 0.546875
vt 0.296875 0.328125
vt 0.28125 0.328125
vn 0 -0.3826834323650897 -0.9238795325112867
vn 1 0 0
vn 0 0.3826834323650897 0.9238795325112867
vn -1 0 0
vn 0 0.9238795325112867 -0.3826834323650897
vn 0 -0.9238795325112867 0.3826834323650897
usemtl m_a729fcc1-639c-ec04-c054-4108b45b5693
f 36/60/15 39/59/15 37/58/15 34/57/15
f 35/64/16 36/63/16 34/62/16 33/61/16
f 40/68/17 35/67/17 33/66/17 38/65/17
f 39/72/18 40/71/18 38/70/18 37/69/18
f 38/76/19 33/75/19 34/74/19 37/73/19
f 39/80/20 36/79/20 35/78/20 40/77/20
o cube
v 0.8125 0.25740058223823525 0.875345846396034
v 0.8125 -0.07744742108121827 0.06695125544865793
v 0.8125 0.2140937291517686 0.8932841322881475
v 0.8125 -0.12075427416768492 0.08488954134077148
v 0.1875 -0.07744742108121827 0.06695125544865793
v 0.1875 0.25740058223823525 0.875345846396034
v 0.1875 -0.12075427416768492 0.08488954134077148
v 0.1875 0.2140937291517686 0.8932841322881475
vt 0.453125 0.546875
vt 0.296875 0.546875
vt 0.296875 0.53125
vt 0.453125 0.53125
vt 0.671875 0.75
vt 0.453125 0.75
vt 0.453125 0.734375
vt 0.671875 0.734375
vt 0.609375 0.703125
vt 0.453125 0.703125
vt 0.453125 0.6875
vt 0.609375 0.6875
vt 0.671875 0.765625
vt 0.453125 0.765625
vt 0.453125 0.75
vt 0.671875 0.75
vt 0 0.78125
vt 0.15625 0.78125
vt 0.15625 1
vt 0 1
vt 0.15625 1
vt 0.3125 1
vt 0.3125 0.78125
vt 0.15625 0.78125
vn 0 -0.3826834323650897 -0.9238795325112867
vn 1 0 0
vn 0 0.3826834323650897 0.9238795325112867
vn -1 0 0
vn 0 0.9238795325112867 -0.3826834323650897
vn 0 -0.9238795325112867 0.3826834323650897
usemtl m_a729fcc1-639c-ec04-c054-4108b45b5693
f 44/84/21 47/83/21 45/82/21 42/81/21
f 43/88/22 44/87/22 42/86/22 41/85/22
f 48/92/23 43/91/23 41/90/23 46/89/23
f 47/96/24 48/95/24 46/94/24 45/93/24
f 46/100/25 41/99/25 42/98/25 45/97/25
f 47/104/26 44/103/26 43/102/26 48/101/26
o cube
v 0.78125 0.25142115360753003 0.8609102287005457
v 0.78125 -0.07146799245051438 0.08138687314414733
v 0.78125 0.25142115360753003 0.8609102287005457
v 0.78125 -0.07146799245051438 0.08138687314414733
v 0.203125 -0.07146799245051438 0.08138687314414733
v 0.203125 0.25142115360753003 0.8609102287005457
v 0.203125 -0.07146799245051438 0.08138687314414733
v 0.203125 0.25142115360753003 0.8609102287005457
vt 0.140625 1
vt 0 1
vt 0 1
vt 0.140625 1
vt 0.21875 1
vt 0 1
vt 0 1
vt 0.21875 1
vt 0.140625 1
vt 0 1
vt 0 1
vt 0.140625 1
vt 0.21875 1
vt 0 1
vt 0 1
vt 0.21875 1
vt 0 0.34375
vt 0.140625 0.34375
vt 0.140625 0.5625
vt 0 0.5625
vt 0.140625 0.5625
vt 0.28125 0.5625
vt 0.28125 0.34375
vt 0.140625 0.34375
vn 0 -0.3826834323650897 -0.9238795325112867
vn 1 0 0
vn 0 0.3826834323650897 0.9238795325112867
vn -1 0 0
vn 0 0.9238795325112867 -0.3826834323650897
vn 0 -0.9238795325112867 0.3826834323650897
usemtl m_a729fcc1-639c-ec04-c054-4108b45b5693
f 52/108/27 55/107/27 53/106/27 50/105/27
f 51/112/28 52/111/28 50/110/28 49/109/28
f 56/116/29 51/115/29 49/114/29 54/113/29
f 55/120/30 56/119/30 54/118/30 53/117/30
f 54/124/31 49/123/31 50/122/31 53/121/31
f 55/128/32 52/127/32 51/126/32 56/125/32
o cube
v 0.78125 0.2527744927664817 0.8603496572664177
v 0.78125 -0.07011465329156275 0.08082630171001948
v 0.78125 0.2527744927664817 0.8603496572664177
v 0.78125 -0.07011465329156275 0.08082630171001948
v 0.203125 -0.07011465329156275 0.08082630171001948
v 0.203125 0.2527744927664817 0.8603496572664177
v 0.203125 -0.07011465329156275 0.08082630171001948
v 0.203125 0.2527744927664817 0.8603496572664177
vt 0.140625 1
vt 0 1
vt 0 1
vt 0.140625 1
vt 0.21875 1
vt 0 1
vt 0 1
vt 0.21875 1
vt 0.140625 1
vt 0 1
vt 0 1
vt 0.140625 1
vt 0.21875 1
vt 0 1
vt 0 1
vt 0.21875 1
vt 0.3125 0.78125
vt 0.453125 0.78125
vt 0.453125 1
vt 0.3125 1
vt 0.3125 0.78125
vt 0.453125 0.78125
vt 0.453125 0.5625
vt 0.3125 0.5625
vn 0 -0.3826834323650897 -0.9238795325112867
vn 1 0 0
vn 0 0.3826834323650897 0.9238795325112867
vn -1 0 0
vn 0 0.9238795325112867 -0.3826834323650897
vn 0 -0.9238795325112867 0.3826834323650897
usemtl m_a729fcc1-639c-ec04-c054-4108b45b5693
f 60/132/33 63/131/33 61/130/33 58/129/33
f 59/136/34 60/135/34 58/134/34 57/133/34
f 64/140/35 59/139/35 57/138/35 62/137/35
f 63/144/36 64/143/36 62/142/36 61/141/36
f 62/148/37 57/147/37 58/146/37 61/145/37
f 63/152/38 60/151/38 59/150/38 64/149/38
o cube
v 0.78125 0.25480450150491074 0.8595088001152242
v 0.78125 -0.06808464455313368 0.07998544455882611
v 0.78125 0.25480450150491074 0.8595088001152242
v 0.78125 -0.06808464455313368 0.07998544455882611
v 0.203125 -0.06808464455313368 0.07998544455882611
v 0.203125 0.25480450150491074 0.8595088001152242
v 0.203125 -0.06808464455313368 0.07998544455882611
v 0.203125 0.25480450150491074 0.8595088001152242
vt 0.140625 1
vt 0 1
vt 0 1
vt 0.140625 1
vt 0.21875 1
vt 0 1
vt 0 1
vt 0.21875 1
vt 0.140625 1
vt 0 1
vt 0 1
vt 0.140625 1
vt 0.21875 1
vt 0 1
vt 0 1
vt 0.21875 1
vt 0.3125 0.78125
vt 0.453125 0.78125
vt 0.453125 1
vt 0.3125 1
vt 0.3125 0.78125
vt 0.453125 0.78125
vt 0.453125 0.5625
vt 0.3125 0.5625
vn 0 -0.3826834323650897 -0.9238795325112867
vn 1 0 0
vn 0 0.3826834323650897 0.9238795325112867
vn -1 0 0
vn 0 0.9238795325112867 -0.3826834323650897
vn 0 -0.9238795325112867 0.3826834323650897
usemtl m_a729fcc1-639c-ec04-c054-4108b45b5693
f 68/156/39 71/155/39 69/154/39 66/153/39
f 67/160/40 68/159/40 66/158/40 65/157/40
f 72/164/41 67/163/41 65/162/41 70/161/41
f 71/168/42 72/167/42 70/166/42 69/165/42
f 70/172/43 65/171/43 66/170/43 69/169/43
f 71/176/44 68/175/44 67/174/44 72/173/44
o cube
v 0.78125 0.25638339719035486 0.858854800108741
v 0.78125 -0.06650574886768956 0.07933144455234281
v 0.78125 0.25638339719035486 0.858854800108741
v 0.78125 -0.06650574886768956 0.07933144455234281
v 0.203125 -0.06650574886768956 0.07933144455234281
v 0.203125 0.25638339719035486 0.858854800108741
v 0.203125 -0.06650574886768956 0.07933144455234281
v 0.203125 0.25638339719035486 0.858854800108741
vt 0.140625 1
vt 0 1
vt 0 1
vt 0.140625 1
vt 0.21875 1
vt 0 1
vt 0 1
vt 0.21875 1
vt 0.140625 1
vt 0 1
vt 0 1
vt 0.140625 1
vt 0.21875 1
vt 0 1
vt 0 1
vt 0.21875 1
vt 0.3125 0.78125
vt 0.453125 0.78125
vt 0.453125 1
vt 0.3125 1
vt 0.3125 0.78125
vt 0.453125 0.78125
vt 0.453125 0.5625
vt 0.3125 0.5625
vn 0 -0.3826834323650897 -0.9238795325112867
vn 1 0 0
vn 0 0.3826834323650897 0.9238795325112867
vn -1 0 0
vn 0 0.9238795325112867 -0.3826834323650897
vn 0 -0.9238795325112867 0.3826834323650897
usemtl m_a729fcc1-639c-ec04-c054-4108b45b5693
f 76/180/45 79/179/45 77/178/45 74/177/45
f 75/184/46 76/183/46 74/182/46 73/181/46
f 80/188/47 75/187/47 73/186/47 78/185/47
f 79/192/48 80/191/48 78/190/48 77/189/48
f 78/196/49 73/195/49 74/194/49 77/193/49
f 79/200/50 76/199/50 75/198/50 80/197/50
o cube
v 0.78125 0.2575111798228149 0.8583876572469673
v 0.78125 -0.06537796623522951 0.07886430169056902
v 0.78125 0.2575111798228149 0.8583876572469673
v 0.78125 -0.06537796623522951 0.07886430169056902
v 0.203125 -0.06537796623522951 0.07886430169056902
v 0.203125 0.2575111798228149 0.8583876572469673
v 0.203125 -0.06537796623522951 0.07886430169056902
v 0.203125 0.2575111798228149 0.8583876572469673
vt 0.140625 1
vt 0 1
vt 0 1
vt 0.140625 1
vt 0.21875 1
vt 0 1
vt 0 1
vt 0.21875 1
vt 0.140625 1
vt 0 1
vt 0 1
vt 0.140625 1
vt 0.21875 1
vt 0 1
vt 0 1
vt 0.21875 1
vt 0.3125 0.78125
vt 0.453125 0.78125
vt 0.453125 1
vt 0.3125 1
vt 0.3125 0.78125
vt 0.453125 0.78125
vt 0.453125 0.5625
vt 0.3125 0.5625
vn 0 -0.3826834323650897 -0.9238795325112867
vn 1 0 0
vn 0 0.3826834323650897 0.9238795325112867
vn -1 0 0
vn 0 0.9238795325112867 -0.3826834323650897
vn 0 -0.9238795325112867 0.3826834323650897
usemtl m_a729fcc1-639c-ec04-c054-4108b45b5693
f 84/204/51 87/203/51 85/202/51 82/201/51
f 83/208/52 84/207/52 82/206/52 81/205/52
f 88/212/53 83/211/53 81/210/53 86/209/53
f 87/216/54 88/215/54 86/214/54 85/213/54
f 86/220/55 81/219/55 82/218/55 85/217/55
f 87/224/56 84/223/56 83/222/56 88/221/56
o cube
v 0.78125 0.2595411885612431 0.8575468000957744
v 0.78125 -0.06334795749680133 0.07802344453937615
v 0.78125 0.2595411885612431 0.8575468000957744
v 0.78125 -0.06334795749680133 0.07802344453937615
v 0.203125 -0.06334795749680133 0.07802344453937615
v 0.203125 0.2595411885612431 0.8575468000957744
v 0.203125 -0.06334795749680133 0.07802344453937615
v 0.203125 0.2595411885612431 0.8575468000957744
vt 0.140625 1
vt 0 1
vt 0 1
vt 0.140625 1
vt 0.21875 1
vt 0 1
vt 0 1
vt 0.21875 1
vt 0.140625 1
vt 0 1
vt 0 1
vt 0.140625 1
vt 0.21875 1
vt 0 1
vt 0 1
vt 0.21875 1
vt 0.3125 0.78125
vt 0.453125 0.78125
vt 0.453125 1
vt 0.3125 1
vt 0.3125 0.78125
vt 0.453125 0.78125
vt 0.453125 0.5625
vt 0.3125 0.5625
vn 0 -0.3826834323650897 -0.9238795325112867
vn 1 0 0
vn 0 0.3826834323650897 0.9238795325112867
vn -1 0 0
vn 0 0.9238795325112867 -0.3826834323650897
vn 0 -0.9238795325112867 0.3826834323650897
usemtl m_a729fcc1-639c-ec04-c054-4108b45b5693
f 92/228/57 95/227/57 93/226/57 90/225/57
f 91/232/58 92/231/58 90/230/58 89/229/58
f 96/236/59 91/235/59 89/234/59 94/233/59
f 95/240/60 96/239/60 94/238/60 93/237/60
f 94/244/61 89/243/61 90/242/61 93/241/61
f 95/248/62 92/247/62 91/246/62 96/245/62
o cube
v 0.78125 0.26089452772019517 0.8569862286616459
v 0.78125 -0.06199461833784925 0.07746287310524763
v 0.78125 0.26089452772019517 0.8569862286616459
v 0.78125 -0.06199461833784925 0.07746287310524763
v 0.203125 -0.06199461833784925 0.07746287310524763
v 0.203125 0.26089452772019517 0.8569862286616459
v 0.203125 -0.06199461833784925 0.07746287310524763
v 0.203125 0.26089452772019517 0.8569862286616459
vt 0.140625 1
vt 0 1
vt 0 1
vt 0.140625 1
vt 0.21875 1
vt 0 1
vt 0 1
vt 0.21875 1
vt 0.140625 1
vt 0 1
vt 0 1
vt 0.140625 1
vt 0.21875 1
vt 0 1
vt 0 1
vt 0.21875 1
vt 0.3125 0.78125
vt 0.453125 0.78125
vt 0.453125 1
vt 0.3125 1
vt 0.3125 0.78125
vt 0.453125 0.78125
vt 0.453125 0.5625
vt 0.3125 0.5625
vn 0 -0.3826834323650897 -0.9238795325112867
vn 1 0 0
vn 0 0.3826834323650897 0.9238795325112867
vn -1 0 0
vn 0 0.9238795325112867 -0.3826834323650897
vn 0 -0.9238795325112867 0.3826834323650897
usemtl m_a729fcc1-639c-ec04-c054-4108b45b5693
f 100/252/63 103/251/63 101/250/63 98/249/63
f 99/256/64 100/255/64 98/254/64 97/253/64
f 104/260/65 99/259/65 97/258/65 102/257/65
f 103/264/66 104/263/66 102/262/66 101/261/66
f 102/268/67 97/267/67 98/266/67 101/265/67
f 103/272/68 100/271/68 99/270/68 104/269/68
o cube
v 0.78125 0.2624734234056393 0.8563322286551625
v 0.78125 -0.060415722652405135 0.07680887309876433
v 0.78125 0.2624734234056393 0.8563322286551625
v 0.78125 -0.060415722652405135 0.07680887309876433
v 0.203125 -0.060415722652405135 0.07680887309876433
v 0.203125 0.2624734234056393 0.8563322286551625
v 0.203125 -0.060415722652405135 0.07680887309876433
v 0.203125 0.2624734234056393 0.8563322286551625
vt 0.140625 1
vt 0 1
vt 0 1
vt 0.140625 1
vt 0.21875 1
vt 0 1
vt 0 1
vt 0.21875 1
vt 0.140625 1
vt 0 1
vt 0 1
vt 0.140625 1
vt 0.21875 1
vt 0 1
vt 0 1
vt 0.21875 1
vt 0.3125 0.78125
vt 0.453125 0.78125
vt 0.453125 1
vt 0.3125 1
vt 0.3125 0.78125
vt 0.453125 0.78125
vt 0.453125 0.5625
vt 0.3125 0.5625
vn 0 -0.3826834323650897 -0.9238795325112867
vn 1 0 0
vn 0 0.3826834323650897 0.9238795325112867
vn -1 0 0
vn 0 0.9238795325112867 -0.3826834323650897
vn 0 -0.9238795325112867 0.3826834323650897
usemtl m_a729fcc1-639c-ec04-c054-4108b45b5693
f 108/276/69 111/275/69 109/274/69 106/273/69
f 107/280/70 108/279/70 106/278/70 105/277/70
f 112/284/71 107/283/71 105/282/71 110/281/71
f 111/288/72 112/287/72 110/286/72 109/285/72
f 110/292/73 105/291/73 106/290/73 109/289/73
f 111/296/74 108/295/74 107/294/74 112/293/74