# Made in Blockbench 4.8.1
mtllib spruce_twig_branch_up_5.mtl

o cube
v -0.4209413553654479 -0.03638819748613181 0.5593365449814788
v -0.5465078399880792 0.05580120881160313 0.5989275074305168
v -0.46927299640723885 -0.036388197694871866 0.4060481713980165
v 0.2657021871697457 0.43419589532015707 0.34326209116414
v 0.11630060081172544 0.5397332993477283 0.3903682326939704
v 0.06772608720188533 0.5397332991379392 0.23630956577591788
v 0.21712767355990548 0.4341958951103681 0.1892034242460875
v -0.59483948102987 0.05580120860286308 0.4456391338470545
vt 0.39519218749999996 0.4747041666666667
vt 0.375 0.4747041666666667
vt 0.375 0.4432229166666667
vt 0.39519218749999996 0.4432229166666667
vt 0.37175468749999996 0.3392875000000001
vt 0.3515625 0.3392875000000001
vt 0.35161328125 0.19595208333333336
vt 0.37170390625000005 0.19595208333333336
vt 0.37946562500000003 0.05208333333333337
vt 0.37946562500000003 0.07887083333333333
vt 0.359375 0.07887083333333333
vt 0.359375 0.05208333333333337
vt 0.40294366683175575 0.7686759243157758
vt 0.4035322863409275 0.9098003006974322
vt 0.3846323503762276 0.9007149767806113
vt 0.3808806298798622 0.7574680189397759
vt 0.3934343225404352 0.7554904065847097
vt 0.3713923870007293 0.7667718816730591
vt 0.3748752836910925 0.6235128560612826
vt 0.3937585314250214 0.6143636300210866
vt 0.3359375 0.7976208333333333
vt 0.3359375 0.6564937337578372
vt 0.35602812268779205 0.6564808819598154
vt 0.3561296851761033 0.7976079165666637
vn 0.5328756330692456 0.8293458278256041 -0.16801505155584864
vn 0.5218592353355864 -0.8370119490884677 -0.16454159224366843
vn -0.5470295670175022 -0.819152044288997 0.17247777000472064
vn 0.3004278859418018 -0.0004161247947466876 0.9538044412712153
vn -0.3009773223325484 -0.0004226270490148137 -0.9536312037826294
vn -0.5450592400239332 0.8205947595050762 0.1718565260248756
usemtl m_890a103a-2c95-a057-8483-4c3958a0f191
f 6/1/1 5/2/1 4/3/1 7/4/1
f 7/5/2 4/6/2 1/7/2 3/8/2
f 1/9/3 2/10/3 8/11/3 3/12/3
f 5/13/4 2/14/4 1/15/4 4/16/4
f 6/17/5 7/18/5 3/19/5 8/20/5
f 6/21/6 8/22/6 2/23/6 5/24/6
o cube
v 1.0084190416889713 1.0842736985945725 0.09648368038690136
v 0.9670719942571337 1.0842736985945725 -0.03465240034097977
v 1.0763067652614373 0.9634302088426483 0.07507876336475172
v 1.0349597178295997 0.9634302088426483 -0.056057317363129466
v 0.07752725600039745 0.5348634206896126 0.24581997828504143
v 0.11887430343223482 0.5348634206896126 0.3769560590129226
v 0.1454149795728633 0.4140199309376885 0.22441506126289168
v 0.1867620270047008 0.4140199309376885 0.35555114199077287
vt 0.34375 0.3776208333333342
vt 0.34375 0.5580375
vt 0.36128125 0.5580375
vt 0.36128125 0.3776208333333342
vt 0.34375 0.5351208333333333
vt 0.34375 0.5580375
vt 0.36128125 0.5580375
vt 0.36128125 0.5351208333333333
vt 0.3828125 0.3776208333333342
vt 0.3828125 0.5580375
vt 0.40034375 0.5580375
vt 0.40034375 0.3776208333333342
vt 0.34375 0.5351208333333333
vt 0.34375 0.5580375
vt 0.36128125 0.5580375
vt 0.36128125 0.5351208333333333
vt 0.34375 0.3776208333333342
vt 0.34375 0.5580375
vt 0.3609375 0.5580375
vt 0.3609375 0.3776208333333342
vt 0.34375 0.3776208333333342
vt 0.34375 0.5580375
vt 0.3609375 0.5580375
vt 0.3609375 0.3776208333333342
vn -0.30070579950427295 2.7755575615628914e-17 -0.953716950748227
vn 0.8217503355720468 0.5075383629607044 -0.25909688556676447
vn 0.30070579950427295 -2.7755575615628914e-17 0.953716950748227
vn -0.8217503355720468 -0.5075383629607044 0.25909688556676447
vn -0.4840479399106298 0.8616291604415258 0.15261972921318848
vn 0.4840479399106298 -0.8616291604415258 -0.15261972921318848
usemtl m_890a103a-2c95-a057-8483-4c3958a0f191
f 12/28/7 15/27/7 13/26/7 10/25/7
f 11/32/8 12/31/8 10/30/8 9/29/8
f 16/36/9 11/35/9 9/34/9 14/33/9
f 15/40/10 16/39/10 14/38/10 13/37/10
f 14/44/11 9/43/11 10/42/11 13/41/11
f 15/48/12 12/47/12 11/46/12 16/45/12
o cube
v 1.714885505174574 1.3000817604698478 -0.14644852559268817
v 1.6851156310236508 1.3000817604698478 -0.24086650371676266
v 1.7448548739739165 1.2004183391166574 -0.15589783127858842
v 1.7150849998229933 1.2004183391166574 -0.25031580940266285
v 0.984742093972389 1.0685382948515576 -0.020039575721610026
v 1.014511968123312 1.0685382948515576 0.0743784024024644
v 1.0147114627717313 0.968874873498367 -0.02948888140751027
v 1.0444813369226544 0.968874873498367 0.0649290967165641
vt 0.375 0.7630375
vt 0.375 0.8913708333333333
vt 0.3880625000000001 0.8913708333333333
vt 0.3880625000000001 0.7630375
vt 0.375 0.8748708333333334
vt 0.375 0.8913708333333333
vt 0.3880625000000001 0.8913708333333333
vt 0.3880625000000001 0.8748708333333334
vt 0.3359375 0.7630375
vt 0.3359375 0.8913708333333333
vt 0.3490000000000001 0.8913708333333333
vt 0.3490000000000001 0.7630375
vt 0.375 0.8748708333333334
vt 0.375 0.8913708333333333
vt 0.3880625000000001 0.8913708333333333
vt 0.3880625000000001 0.8748708333333334
vt 0.375 0.7630375
vt 0.375 0.8913708333333333
vt 0.387375 0.8913708333333333
vt 0.387375 0.7630375
vt 0.40625 0.7630375
vt 0.40625 0.8913708333333333
vt 0.418625 0.8913708333333333
vt 0.418625 0.7630375
vn -0.30070579950427295 1.387778780781446e-17 -0.9537169507482272
vn 0.9095760221444961 0.30070579950427323 -0.2867882181755229
vn 0.30070579950427295 -1.387778780781446e-17 0.9537169507482272
vn -0.9095760221444961 -0.30070579950427323 0.2867882181755229
vn -0.286788218175523 0.9537169507482269 0.09042397785550407
vn 0.286788218175523 -0.9537169507482269 -0.09042397785550407
usemtl m_890a103a-2c95-a057-8483-4c3958a0f191
f 20/52/13 23/51/13 21/50/13 18/49/13
f 19/56/14 20/55/14 18/54/14 17/53/14
f 24/60/15 19/59/15 17/58/15 22/57/15
f 23/64/16 24/63/16 22/62/16 21/61/16
f 22/68/17 17/67/17 18/66/17 21/65/17
f 23/72/18 20/71/18 19/70/18 24/69/18
o cube
v 1.0660081043951046 1.039217293819363 0.27779037427780584
v 1.0659695695216882 1.0584116677184316 0.20995362519822303
v 1.1003098400113938 0.9777249706764768 0.26037166728787287
v 1.1002713051379773 0.996919344575546 0.19253491820829005
v 0.606863857487177 0.8212475130777801 0.14310894380272243
v 0.6069023923605934 0.8020531391787111 0.21094569288230525
v 0.6411655931034661 0.7597551899348942 0.12569023681278946
v 0.6412041279768825 0.7405608160358255 0.19352698589237216
vt 0.34375 0.5580375
vt 0.34375 0.47119583333333404
vt 0.35281687500000003 0.47119583333333404
vt 0.35281687500000003 0.5580375
vt 0.34375 0.5580375
vt 0.34375 0.5462875
vt 0.35281687500000003 0.5462875
vt 0.35281687500000003 0.5580375
vt 0.34375 0.5580375
vt 0.34375 0.47119583333333404
vt 0.35281687500000003 0.47119583333333404
vt 0.35281687500000003 0.5580375
vt 0.34375 0.5580375
vt 0.34375 0.5462875
vt 0.35281687500000003 0.5462875
vt 0.35281687500000003 0.5580375
vt 0.3525625 0.47119583333333404
vt 0.3525625 0.5580375
vt 0.34375 0.5580375
vt 0.34375 0.47119583333333404
vt 0.3525625 0.47119583333333404
vt 0.3525625 0.5580375
vt 0.34375 0.5580375
vt 0.34375 0.47119583333333404
vn -0.0005465939491698518 0.27226062268182843 -0.9622233911997555
vn 0.8811164226744348 0.4551658279256371 0.1282884202965189
vn 0.0005465939491698518 -0.27226062268182843 0.9622233911997555
vn -0.8811164226744348 -0.4551658279256371 -0.1282884202965189
vn -0.47289909169764927 0.8477607105933093 0.2401420967799398
vn 0.47289909169764927 -0.8477607105933093 -0.2401420967799398
usemtl m_890a103a-2c95-a057-8483-4c3958a0f191
f 28/76/19 31/75/19 29/74/19 26/73/19
f 27/80/20 28/79/20 26/78/20 25/77/20
f 32/84/21 27/83/21 25/82/21 30/81/21
f 31/88/22 32/87/22 30/86/22 29/85/22
f 30/92/23 25/91/23 26/90/23 29/89/23
f 31/96/24 28/95/24 27/94/24 32/93/24
o cube
v 0.6015063635089979 0.7045385021266057 -0.07555748078977842
v 0.5428461032229479 0.6912763130254218 -0.12734446205358008
v 0.6207161220649855 0.6259152182921788 -0.07718207015384276
v 0.5620558617789357 0.6126530291909948 -0.12896905141764442
v 0.27324782239879153 0.6187122533920357 0.19661849537701748
v 0.3319080826848413 0.6319744424932197 0.24840547664081913
v 0.29245758095477925 0.5400889695576085 0.19499390601295308
v 0.351117841240829 0.5533511586587925 0.24678088727675473
vt 0.34375 0.5580375
vt 0.34375 0.4867593333333339
vt 0.35386903750000004 0.4867593333333339
vt 0.35386903750000004 0.5580375
vt 0.34375 0.5580375
vt 0.34375 0.54481
vt 0.35386903750000004 0.54481
vt 0.35386903750000004 0.5580375
vt 0.34375 0.5580375
vt 0.34375 0.4867593333333339
vt 0.35386903750000004 0.4867593333333339
vt 0.35386903750000004 0.5580375
vt 0.34375 0.5580375
vt 0.34375 0.54481
vt 0.35386903750000004 0.54481
vt 0.35386903750000004 0.5580375
vt 0.353670625 0.4867593333333339
vt 0.353670625 0.5580375
vt 0.34375 0.5580375
vt 0.34375 0.4867593333333339
vt 0.353670625 0.4867593333333339
vt 0.353670625 0.5580375
vt 0.34375 0.5580375
vt 0.34375 0.4867593333333339
vn -0.7391200187242449 -0.1671037497786684 -0.6525166164405164
vn 0.6303900465644187 0.16967341479832915 -0.7575086280057702
vn 0.7391200187242449 0.1671037497786684 0.6525166164405164
vn -0.6303900465644187 -0.16967341479832915 0.7575086280057702
vn -0.2372972547535727 0.971229771537396 0.020068476918683898
vn 0.2372972547535727 -0.971229771537396 -0.020068476918683898
usemtl m_890a103a-2c95-a057-8483-4c3958a0f191
f 36/100/25 39/99/25 37/98/25 34/97/25
f 35/104/26 36/103/26 34/102/26 33/101/26
f 40/108/27 35/107/27 33/106/27 38/105/27
f 39/112/28 40/111/28 38/110/28 37/109/28
f 38/116/29 33/115/29 34/114/29 37/113/29
f 39/120/30 36/119/30 35/118/30 40/117/30
o cube
v 0.25119023212014047 0.5016903230872933 0.47288117784557815
v 0.2561777301335544 0.5207888339283362 0.373064174047524
v 0.28610671171491653 0.4053892066061362 0.4562000315363356
v 0.29109420972833044 0.42448771744717917 0.35638302773828134
v -0.05750322653328077 0.4133319955864393 0.3368303801785376
v -0.06249072454669469 0.3942334847453963 0.43664738397659186
v -0.02258674693850471 0.31703087910528216 0.32014923386929506
v -0.02757424495191857 0.2979323682642392 0.4199662376673492
vt 0.34375 0.47119583333333404
vt 0.34375 0.5580375
vt 0.35672312500000003 0.5580375
vt 0.35672312500000003 0.47119583333333404
vt 0.34375 0.5410791666666668
vt 0.34375 0.5580375
vt 0.35672312500000003 0.5580375
vt 0.35672312500000003 0.5410791666666668
vt 0.34375 0.47119583333333404
vt 0.34375 0.5580375
vt 0.35672312500000003 0.5580375
vt 0.35672312500000003 0.47119583333333404
vt 0.34375 0.5410791666666668
vt 0.34375 0.5580375
vt 0.35672312500000003 0.5580375
vt 0.35672312500000003 0.5410791666666668
vt 0.34375 0.47119583333333404
vt 0.34375 0.5580375
vt 0.35646875 0.5580375
vt 0.35646875 0.47119583333333404
vt 0.34375 0.47119583333333404
vt 0.34375 0.5580375
vt 0.35646875 0.5580375
vt 0.35646875 0.47119583333333404
vn 0.04901717949301113 0.1877003522461221 -0.9810024943297707
vn 0.9404315894673615 0.32216111030399686 0.1086307716054167
vn -0.04901717949301113 -0.1877003522461221 0.9810024943297707
vn -0.9404315894673615 -0.32216111030399686 -0.1086307716054167
vn -0.336430886879374 0.9278905090442395 0.16072791163696537
vn 0.336430886879374 -0.9278905090442395 -0.16072791163696537
usemtl m_890a103a-2c95-a057-8483-4c3958a0f191
f 44/124/31 47/123/31 45/122/31 42/121/31
f 43/128/32 44/127/32 42/126/32 41/125/32
f 48/132/33 43/131/33 41/130/33 46/129/33
f 47/136/34 48/135/34 46/134/34 45/133/34
f 46/140/35 41/139/35 42/138/35 45/137/35
f 47/144/36 44/143/36 43/142/36 48/141/36
o cube
v 0.5480895621323483 0.4829759634160955 0.4491522137030838
v 0.5462801773201493 0.49230096332787787 0.3703577105429857
v 0.5447498139013351 0.402644203783442 0.4397219776845598
v 0.5429404290891362 0.4119692036952244 0.3609274745244617
v 0.24394759905084396 0.503894214427759 0.37867228852193335
v 0.2457569838630428 0.4945692145159767 0.4574667916820313
v 0.24060785081983083 0.42356245479510557 0.36924205250340936
v 0.24241723563202977 0.4142374548833232 0.4480365556635074
vt 0.34375 0.507592666666667
vt 0.34375 0.5580375
vt 0.35386903750000004 0.5580375
vt 0.35386903750000004 0.507592666666667
vt 0.34375 0.54481
vt 0.34375 0.5580375
vt 0.35386903750000004 0.5580375
vt 0.35386903750000004 0.54481
vt 0.3828125 0.4971760000000004
vt 0.3828125 0.5476208333333334
vt 0.39293153750000004 0.5476208333333334
vt 0.39293153750000004 0.4971760000000004
vt 0.34375 0.54481
vt 0.34375 0.5580375
vt 0.35386903750000004 0.5580375
vt 0.35386903750000004 0.54481
vt 0.390625 0.39300933333333377
vt 0.390625 0.4434541666666667
vt 0.400545625 0.4434541666666667
vt 0.400545625 0.39300933333333377
vt 0.34375 0.507592666666667
vt 0.34375 0.5580375
vt 0.353670625 0.5580375
vt 0.353670625 0.507592666666667
vn -0.022798271431976932 0.11749511638357381 -0.9928117326289635
vn 0.9988884830270287 -0.03830339777077012 -0.027470860837904183
vn 0.022798271431976932 -0.11749511638357381 0.9928117326289635
vn -0.9988884830270287 0.03830339777077012 0.027470860837904183
vn 0.0412557546976812 0.992334493679034 0.11649126730832723
vn -0.0412557546976812 -0.992334493679034 -0.11649126730832723
usemtl m_890a103a-2c95-a057-8483-4c3958a0f191
f 52/148/37 55/147/37 53/146/37 50/145/37
f 51/152/38 52/151/38 50/150/38 49/149/38
f 56/156/39 51/155/39 49/154/39 54/153/39
f 55/160/40 56/159/40 54/158/40 53/157/40
f 54/164/41 49/163/41 50/162/41 53/161/41
f 55/168/42 52/167/42 51/166/42 56/165/42
o cube
v 1.3600203613935264 1.0218115718005367 0.25190931276732376
v 1.358923422563577 1.0274648493253322 0.20414017625188075
v 1.3573201712967184 0.972519410111012 0.24613779696080662
v 1.356223232466769 0.9781726876358077 0.19836866044536372
v 1.0567801935193368 1.0429885526888427 0.2129155587278857
v 1.0578771323492864 1.037335275164047 0.2606846952433286
v 1.0540800034225286 0.993696390999318 0.20714404292136857
v 1.0551769422524784 0.9880431134745222 0.2549131794368116
vt 0.34375 0.507592666666667
vt 0.34375 0.5580375
vt 0.34996278750000004 0.5580375
vt 0.34996278750000004 0.507592666666667
vt 0.34375 0.5500183333333333
vt 0.34375 0.5580375
vt 0.34996278750000004 0.5580375
vt 0.34996278750000004 0.5500183333333333
vt 0.34375 0.507592666666667
vt 0.34375 0.5580375
vt 0.34996278750000004 0.5580375
vt 0.34996278750000004 0.507592666666667
vt 0.34375 0.5500183333333333
vt 0.34375 0.5580375
vt 0.34996278750000004 0.5580375
vt 0.34996278750000004 0.5500183333333333
vt 0.34375 0.507592666666667
vt 0.34375 0.5580375
vt 0.349764375 0.5580375
vt 0.349764375 0.507592666666667
vt 0.34375 0.507592666666667
vt 0.34375 0.5580375
vt 0.349764375 0.5580375
vt 0.349764375 0.507592666666667
vn -0.022798271431976897 0.11749511638357373 -0.9928117326289635
vn 0.9982628846834082 -0.05128937341951272 -0.028993330919271518
vn 0.022798271431976897 -0.11749511638357373 0.9928117326289635
vn -0.9982628846834082 0.05128937341951272 0.028993330919271518
vn 0.05432726648078763 0.9917481019897364 0.11612170476048503
vn -0.05432726648078763 -0.9917481019897364 -0.11612170476048503
usemtl m_890a103a-2c95-a057-8483-4c3958a0f191
f 60/172/43 63/171/43 61/170/43 58/169/43
f 59/176/44 60/175/44 58/174/44 57/173/44
f 64/180/45 59/179/45 57/178/45 62/177/45
f 63/184/46 64/183/46 62/182/46 61/181/46
f 62/188/47 57/187/47 58/186/47 61/185/47
f 63/192/48 60/191/48 59/190/48 64/189/48