# Made in Blockbench 4.8.1
mtllib spruce_twig_branch_up_diagonal_9.mtl

o cube
v -0.5460825083529239 -0.0289124891474448 -0.4098020722339878
v -0.6024338064571682 0.059911569803377626 -0.5313261058862777
v -0.4042152103840964 -0.04094562157845103 -0.48438187172806924
v -0.18441940457898487 0.4570986105669179 0.20061575419566036
v -0.25169703257613757 0.5586446462139285 0.05625478426107966
v -0.1091168336124918 0.5465510457807564 -0.018699788094781122
v -0.0418392056153391 0.4450050101337458 0.12566118183979957
v -0.46056650848834063 0.047878437372371394 -0.6059059053803592
vt 0.39519218749999996 0.4747041666666667
vt 0.375 0.4747041666666667
vt 0.375 0.4432229166666667
vt 0.39519218749999996 0.4432229166666667
vt 0.37175468749999996 0.3392875000000001
vt 0.3515625 0.3392875000000001
vt 0.35161328125 0.19595208333333336
vt 0.37170390625000005 0.19595208333333336
vt 0.37946562500000003 0.05208333333333337
vt 0.37946562500000003 0.07887083333333333
vt 0.359375 0.07887083333333333
vt 0.359375 0.05208333333333337
vt 0.40294366683175575 0.7686759243157758
vt 0.4035322863409275 0.9098003006974322
vt 0.3846323503762276 0.9007149767806113
vt 0.3808806298798622 0.7574680189397759
vt 0.3934343225404352 0.7554904065847097
vt 0.3713923870007293 0.7667718816730591
vt 0.3748752836910925 0.6235128560612826
vt 0.3937585314250214 0.6143636300210866
vt 0.3359375 0.7976208333333333
vt 0.3359375 0.6564937337578372
vt 0.35602812268779205 0.6564808819598154
vt 0.3561296851761033 0.7976079165666637
vn 0.3066750666388198 0.8398668510826973 0.4478549720104821
vn 0.20908620099991723 -0.8216270070671121 0.5302942784995534
vn -0.3130379683895502 -0.8300518019917489 -0.46154223680698314
vn -0.8828171492196001 0.0744450770375866 0.46377991714674976
vn 0.8825018480890714 -0.07529472725648348 -0.4642426005514201
vn -0.22134858550765305 0.8046910914064705 -0.5508875122062801
usemtl m_890a103a-2c95-a057-8483-4c3958a0f191
f 6/1/1 5/2/1 4/3/1 7/4/1
f 7/5/2 4/6/2 1/7/2 3/8/2
f 1/9/3 2/10/3 8/11/3 3/12/3
f 5/13/4 2/14/4 1/15/4 4/16/4
f 6/17/5 7/18/5 3/19/5 8/20/5
f 6/21/6 8/22/6 2/23/6 5/24/6
o cube
v 0.2274087959417952 1.1225880871474891 0.8507313978615354
v 0.3487743050450184 1.1122939092721826 0.7869294143344772
v 0.2539468129522777 1.003782841154799 0.9203813058138632
v 0.375312322055501 0.9934886632794924 0.856579322286805
v -0.11696551268689126 0.5427477185677121 -0.007117063419226799
v -0.2383310217901145 0.5530418964430188 0.05668492010783144
v -0.09042749567640862 0.4239424725750218 0.06253284453310126
v -0.2117930047796318 0.43423665045032855 0.1263348280601594
vt 0.34375 0.3776208333333342
vt 0.34375 0.5580375
vt 0.36128125 0.5580375
vt 0.36128125 0.3776208333333342
vt 0.34375 0.5351208333333333
vt 0.34375 0.5580375
vt 0.36128125 0.5580375
vt 0.36128125 0.5351208333333333
vt 0.3828125 0.3776208333333342
vt 0.3828125 0.5580375
vt 0.40034375 0.5580375
vt 0.40034375 0.3776208333333342
vt 0.34375 0.5351208333333333
vt 0.34375 0.5580375
vt 0.36128125 0.5580375
vt 0.36128125 0.5351208333333333
vt 0.34375 0.3776208333333342
vt 0.34375 0.5580375
vt 0.3609375 0.5580375
vt 0.3609375 0.3776208333333342
vt 0.34375 0.3776208333333342
vt 0.34375 0.5580375
vt 0.3609375 0.5580375
vt 0.3609375 0.3776208333333342
vn 0.8826582480234413 -0.07486674818404902 -0.4640144256513323
vn 0.4302446353181635 0.5261396680872732 0.7335302334907231
vn -0.8826582480234413 0.07486674818404902 0.4640144256513323
vn -0.4302446353181635 -0.5261396680872732 -0.7335302334907231
vn -0.1892193726237619 0.8470962281118717 -0.4966125344194502
vn 0.1892193726237619 -0.8470962281118717 0.4966125344194502
usemtl m_890a103a-2c95-a057-8483-4c3958a0f191
f 12/28/7 15/27/7 13/26/7 10/25/7
f 11/32/8 12/31/8 10/30/8 9/29/8
f 16/36/9 11/35/9 9/34/9 14/33/9
f 15/40/10 16/39/10 14/38/10 13/37/10
f 14/44/11 9/43/11 10/42/11 13/41/11
f 15/48/12 12/47/12 11/46/12 16/45/12
o cube
v 0.6049167338683974 1.3537681996726796 1.4900494350523932
v 0.6922999004227182 1.3463563916024588 1.4441120069129114
v 0.6140694403566362 1.2551472777405746 1.5233719757898871
v 0.701452606910957 1.2477354696703538 1.4774345476504052
v 0.33672730568962495 1.0983397359188916 0.8077505778662459
v 0.24934413913530418 1.1057515439891124 0.8536880060057279
v 0.3458800121778638 0.9997188139867865 0.8410731186037399
v 0.258496845623543 1.0071306220570073 0.8870105467432219
vt 0.375 0.7630375
vt 0.375 0.8913708333333333
vt 0.3880625000000001 0.8913708333333333
vt 0.3880625000000001 0.7630375
vt 0.375 0.8748708333333334
vt 0.375 0.8913708333333333
vt 0.3880625000000001 0.8913708333333333
vt 0.3880625000000001 0.8748708333333334
vt 0.3359375 0.7630375
vt 0.3359375 0.8913708333333333
vt 0.3490000000000001 0.8913708333333333
vt 0.3490000000000001 0.7630375
vt 0.375 0.8748708333333334
vt 0.375 0.8913708333333333
vt 0.3880625000000001 0.8913708333333333
vt 0.3880625000000001 0.8748708333333334
vt 0.375 0.7630375
vt 0.375 0.8913708333333333
vt 0.387375 0.8913708333333333
vt 0.387375 0.7630375
vt 0.40625 0.7630375
vt 0.40625 0.8913708333333333
vt 0.418625 0.8913708333333333
vt 0.418625 0.7630375
vn 0.8826582480234412 -0.07486674818404904 -0.4640144256513323
vn 0.46178259056245863 0.32209955283580155 0.8264434143463188
vn -0.8826582480234412 0.07486674818404904 0.4640144256513323
vn -0.46178259056245863 -0.32209955283580155 -0.8264434143463188
vn -0.08758570802142386 0.9437408797330564 -0.3188759879185999
vn 0.08758570802142386 -0.9437408797330564 0.3188759879185999
usemtl m_890a103a-2c95-a057-8483-4c3958a0f191
f 20/52/13 23/51/13 21/50/13 18/49/13
f 19/56/14 20/55/14 18/54/14 17/53/14
f 24/60/15 19/59/15 17/58/15 22/57/15
f 23/64/16 24/63/16 22/62/16 21/61/16
f 22/68/17 17/67/17 18/66/17 21/65/17
f 23/72/18 20/71/18 19/70/18 24/69/18
o cube
v 0.6712482006031157 0.5568997973941299 0.47954933601900107
v 0.7000995306290918 0.5385457034078496 0.4178972639558902
v 0.658150401875403 0.48707890031831236 0.49420594630298154
v 0.687001731901379 0.4687248063320322 0.4325538742398707
v 0.2340823096280008 0.577738055324512 0.18814737433315787
v 0.20523097960202485 0.5960921493107922 0.24979944639626872
v 0.22098451090028792 0.5079171582486945 0.20280398461713833
v 0.19213318087431186 0.5262712522349748 0.2644560566802492
vt 0.390625 0.45036250000000067
vt 0.390625 0.5372041666666667
vt 0.39969187500000003 0.5372041666666667
vt 0.39969187500000003 0.45036250000000067
vt 0.34375 0.5462875
vt 0.34375 0.5580375
vt 0.35281687500000003 0.5580375
vt 0.35281687500000003 0.5462875
vt 0.34375 0.47119583333333404
vt 0.34375 0.5580375
vt 0.35281687500000003 0.5580375
vt 0.35281687500000003 0.47119583333333404
vt 0.34375 0.5462875
vt 0.34375 0.5580375
vt 0.35281687500000003 0.5580375
vt 0.35281687500000003 0.5462875
vt 0.34375 0.47119583333333404
vt 0.34375 0.5580375
vt 0.3525625 0.5580375
vt 0.3525625 0.47119583333333404
vt 0.34375 0.47119583333333404
vt 0.34375 0.5580375
vt 0.3525625 0.5580375
vt 0.3525625 0.47119583333333404
vn 0.40923872377270903 -0.26034175867064036 -0.8744974760724942
vn 0.8943810018253405 -0.07521802498159988 0.4409363585504916
vn -0.40923872377270903 0.26034175867064036 0.8744974760724942
vn -0.8943810018253405 0.07521802498159988 -0.4409363585504916
vn 0.18057212004842998 0.9625821613816379 -0.20206259438864477
vn -0.18057212004842998 -0.9625821613816379 0.20206259438864477
usemtl m_890a103a-2c95-a057-8483-4c3958a0f191
f 28/76/19 31/75/19 29/74/19 26/73/19
f 27/80/20 28/79/20 26/78/20 25/77/20
f 32/84/21 27/83/21 25/82/21 30/81/21
f 31/88/22 32/87/22 30/86/22 29/85/22
f 30/92/23 25/91/23 26/90/23 29/89/23
f 31/96/24 28/95/24 27/94/24 32/93/24
o cube
v 0.19468203680829232 0.6169449968882113 0.27410459611024995
v 0.2498559129941943 0.5902066287341963 0.18203624497869597
v 0.19567635016143137 0.5063587785188051 0.3068167616301274
v 0.25085022634733345 0.4796204103647901 0.2147484104985733
v -0.12079576081353266 0.5266308083810505 -0.021620881906057376
v -0.17596963699943463 0.5533691765350657 0.0704474692254966
v -0.1198014474603935 0.4160445900116444 0.011091283613819947
v -0.17497532364629553 0.4427829581656595 0.10315963474537404
vt 0.375 0.5580375
vt 0.375 0.4867593333333339
vt 0.38941591250000007 0.4867593333333339
vt 0.38941591250000007 0.5580375
vt 0.34375 0.5580375
vt 0.34375 0.5396016666666668
vt 0.35816591250000007 0.5396016666666668
vt 0.35816591250000007 0.5580375
vt 0.34375 0.5580375
vt 0.34375 0.4867593333333339
vt 0.35816591250000007 0.4867593333333339
vt 0.35816591250000007 0.5580375
vt 0.34375 0.5580375
vt 0.34375 0.5396016666666668
vt 0.35816591250000007 0.5396016666666668
vt 0.35816591250000007 0.5580375
vt 0.357576875 0.4867593333333339
vt 0.357576875 0.5580375
vt 0.34375 0.5580375
vt 0.34375 0.4867593333333339
vt 0.357576875 0.4867593333333339
vt 0.357576875 0.5580375
vt 0.34375 0.5580375
vt 0.34375 0.4867593333333339
vn 0.49879199191702706 -0.24172461378669358 -0.8323315204226729
vn 0.8666788423003057 0.14865660207577833 0.4762026868553828
vn -0.49879199191702706 0.24172461378669358 0.8323315204226729
vn -0.8666788423003057 -0.14865660207577833 -0.4762026868553828
vn -0.008621665062297628 0.9588902052628119 -0.2836463310931345
vn 0.008621665062297628 -0.9588902052628119 0.2836463310931345
usemtl m_890a103a-2c95-a057-8483-4c3958a0f191
f 36/100/25 39/99/25 37/98/25 34/97/25
f 35/104/26 36/103/26 34/102/26 33/101/26
f 40/108/27 35/107/27 33/106/27 38/105/27
f 39/112/28 40/111/28 38/110/28 37/109/28
f 38/116/29 33/115/29 34/114/29 37/113/29
f 39/120/30 36/119/30 35/118/30 40/117/30
o cube
v -0.0429519476729493 0.8639712150957752 0.6610804899673492
v 0.05703737129367792 0.8768098511910303 0.64728309833691
v -0.025621269232204036 0.7684585616631594 0.6977997879459958
v 0.07436804973442313 0.7812971977584142 0.6840023963155566
v 0.030303153634894775 0.753288644610262 0.338603012113322
v -0.06968616533173239 0.740450008515007 0.35240040374376125
v 0.04763383207564009 0.657775991177646 0.3753223100919685
v -0.052355486890987124 0.6449373550823911 0.38911970172240773
vt 0.34375 0.47119583333333404
vt 0.34375 0.5580375
vt 0.35672312500000003 0.5580375
vt 0.35672312500000003 0.47119583333333404
vt 0.34375 0.5410791666666668
vt 0.34375 0.5580375
vt 0.35672312500000003 0.5580375
vt 0.35672312500000003 0.5410791666666668
vt 0.34375 0.47119583333333404
vt 0.34375 0.5580375
vt 0.35672312500000003 0.5580375
vt 0.35672312500000003 0.47119583333333404
vt 0.34375 0.5410791666666668
vt 0.34375 0.5580375
vt 0.35672312500000003 0.5580375
vt 0.35672312500000003 0.5410791666666668
vt 0.34375 0.47119583333333404
vt 0.34375 0.5580375
vt 0.35646875 0.5580375
vt 0.35646875 0.47119583333333404
vt 0.34375 0.47119583333333404
vt 0.34375 0.5580375
vt 0.35646875 0.5580375
vt 0.35646875 0.47119583333333404
vn 0.9826960095000212 0.12617824172240635 -0.13560090054485682
vn 0.08015055511552491 0.3703229098509052 0.9254387235004982
vn -0.9826960095000212 -0.12617824172240635 0.13560090054485682
vn -0.08015055511552491 -0.3703229098509052 -0.9254387235004982
vn -0.16698635102129553 0.9202934280735685 -0.35380158961936903
vn 0.16698635102129553 -0.9202934280735685 0.35380158961936903
usemtl m_890a103a-2c95-a057-8483-4c3958a0f191
f 44/124/31 47/123/31 45/122/31 42/121/31
f 43/128/32 44/127/32 42/126/32 41/125/32
f 48/132/33 43/131/33 41/130/33 46/129/33
f 47/136/34 48/135/34 46/134/34 45/133/34
f 46/140/35 41/139/35 42/138/35 45/137/35
f 47/144/36 44/143/36 43/142/36 48/141/36
o cube
v 0.10932314245458752 0.8589093157351528 1.3167691945077276
v 0.18690268458939885 0.8630529238080347 1.3005504282386355
v 0.11354025245135546 0.7780683677358322 1.316287546154307
v 0.19111979458616668 0.782211975808714 1.300068779885215
v 0.04839649516755329 0.8597799324560125 0.63719487004948
v -0.029183046967258097 0.8556363243831306 0.6534136363185721
v 0.05261360516432112 0.7789389844566919 0.6367132216960596
v -0.024965936970490155 0.77479537638381 0.6529319879651516
vt 0.34375 0.44509266666666714
vt 0.34375 0.5580375
vt 0.35386903750000004 0.5580375
vt 0.35386903750000004 0.44509266666666714
vt 0.34375 0.54481
vt 0.34375 0.5580375
vt 0.35386903750000004 0.5580375
vt 0.35386903750000004 0.54481
vt 0.3828125 0.4346760000000004
vt 0.3828125 0.5476208333333334
vt 0.39293153750000004 0.5476208333333334
vt 0.39293153750000004 0.4346760000000004
vt 0.34375 0.54481
vt 0.34375 0.5580375
vt 0.35386903750000004 0.5580375
vt 0.35386903750000004 0.54481
vt 0.390625 0.3305093333333339
vt 0.390625 0.4434541666666667
vt 0.400545625 0.4434541666666667
vt 0.400545625 0.3305093333333339
vt 0.34375 0.44509266666666714
vt 0.34375 0.5580375
vt 0.353670625 0.5580375
vt 0.353670625 0.44509266666666714
vn 0.9775032084018269 0.05220951392782568 -0.20435665934721706
vn 0.2043861965382009 0.004829778774036248 0.9788784173234395
vn -0.9775032084018269 -0.05220951392782568 0.20435665934721706
vn -0.2043861965382009 -0.004829778774036248 -0.9788784173234395
vn -0.052093763818544234 0.9986244739101953 0.005949779727325061
vn 0.052093763818544234 -0.9986244739101953 -0.005949779727325061
usemtl m_890a103a-2c95-a057-8483-4c3958a0f191
f 52/148/37 55/147/37 53/146/37 50/145/37
f 51/152/38 52/151/38 50/150/38 49/149/38
f 56/156/39 51/155/39 49/154/39 54/153/39
f 55/160/40 56/159/40 54/158/40 53/157/40
f 54/164/41 49/163/41 50/162/41 53/161/41
f 55/168/42 52/167/42 51/166/42 56/165/42
o cube
v 1.0447405340672353 0.4569376123121971 0.5991485125015645
v 1.0569519457083218 0.44344337443338144 0.554608191501353
v 1.0298220184169637 0.41058371974447627 0.6091020626171177
v 1.04203343005805 0.3970894818656606 0.5645617416169062
v 0.663707354929923 0.5405376211800899 0.4173778281220436
v 0.6514959432888365 0.5540318590589055 0.46191814912225526
v 0.6487888392796513 0.49418372861236903 0.4273313782375968
v 0.636577427638565 0.5076779664911846 0.47187169923780836
vt 0.34375 0.48675933333333365
vt 0.34375 0.5580375
vt 0.34996278750000004 0.5580375
vt 0.34996278750000004 0.48675933333333365
vt 0.34375 0.5500183333333333
vt 0.34375 0.5580375
vt 0.34996278750000004 0.5580375
vt 0.34996278750000004 0.5500183333333333
vt 0.34375 0.48675933333333365
vt 0.34375 0.5580375
vt 0.34996278750000004 0.5580375
vt 0.34996278750000004 0.48675933333333365
vt 0.34375 0.5500183333333333
vt 0.34375 0.5580375
vt 0.34996278750000004 0.5580375
vt 0.34996278750000004 0.5500183333333333
vt 0.34375 0.48675933333333365
vt 0.34375 0.5580375
vt 0.34976437500000007 0.5580375
vt 0.34976437500000007 0.48675933333333365
vt 0.34375 0.48675933333333365
vt 0.34375 0.5580375
vt 0.34976437500000007 0.5580375
vt 0.34976437500000007 0.48675933333333365
vn 0.2537963554211036 -0.2804580251234671 -0.9257055180341152
vn 0.9195068868176103 -0.2270312946383976 0.3208798472166793
vn -0.2537963554211036 0.2804580251234671 0.9257055180341152
vn -0.9195068868176103 0.2270312946383976 -0.3208798472166793
vn 0.30015745046550346 0.9326307347491063 -0.2002633704185343
vn -0.30015745046550346 -0.9326307347491063 0.2002633704185343
usemtl m_890a103a-2c95-a057-8483-4c3958a0f191
f 60/172/43 63/171/43 61/170/43 58/169/43
f 59/176/44 60/175/44 58/174/44 57/173/44
f 64/180/45 59/179/45 57/178/45 62/177/45
f 63/184/46 64/183/46 62/182/46 61/181/46
f 62/188/47 57/187/47 58/186/47 61/185/47
f 63/192/48 60/191/48 59/190/48 64/189/48