# Made in Blockbench 4.12.4
mtllib tripod_campfire.mtl

o cube
v 0.5625 1.3463949630503649 0.4462436575256188
v 0.5625 1.3093272661784185 0.3268661644684705
v 0.5625 -1.041154898092601 1.1875975949645472
v 0.5625 -1.0782225949645474 1.068220101907399
v 0.4375 1.3093272661784185 0.3268661644684705
v 0.4375 1.3463949630503649 0.4462436575256188
v 0.4375 -1.0782225949645474 1.068220101907399
v 0.4375 -1.041154898092601 1.1875975949645472
vt 0.4375 0.55
vt 0.4625 0.55
vt 0.4625 0.050000000000000044
vt 0.4375 0.050000000000000044
vt 0.5125 0.55
vt 0.5375 0.55
vt 0.5375 0.050000000000000044
vt 0.5125 0.050000000000000044
vt 0.4875 0.55
vt 0.5125 0.55
vt 0.5125 0.050000000000000044
vt 0.4875 0.050000000000000044
vt 0.4625 0.55
vt 0.4875 0.55
vt 0.4875 0.050000000000000044
vt 0.4625 0.050000000000000044
vt 0.4375 0.55
vt 0.4625 0.55
vt 0.4625 0.525
vt 0.4375 0.525
vt 0.4375 0.55
vt 0.4625 0.55
vt 0.4625 0.525
vt 0.4375 0.525
vn 0 -0.2965415749755714 -0.9550199444571865
vn 1 0 0
vn 0 0.2965415749755714 0.9550199444571865
vn -1 0 0
vn 0 0.9550199444571865 -0.2965415749755714
vn 0 -0.9550199444571865 0.2965415749755714
usemtl m_944b721f-24b6-c846-1c8b-3cf91de7dfa8
f 4/4/1 7/3/1 5/2/1 2/1/1
f 3/8/2 4/7/2 2/6/2 1/5/2
f 8/12/3 3/11/3 1/10/3 6/9/3
f 7/16/4 8/15/4 6/14/4 5/13/4
f 6/20/5 1/19/5 2/18/5 5/17/5
f 7/24/6 4/23/6 3/22/6 8/21/6
o cube
v 0.3966343809113969 1.342069058277163 0.5153269595777227
v 0.2884628471591366 1.2945546060478597 0.5561472500596978
v 1.1821663671362588 -1.0078410523773287 -0.1383306116791418
v 1.0739948333839986 -1.0553555046066323 -0.09751032119716668
v 0.33801687438538186 1.2794749970054982 0.6699101780142388
v 0.44618840813764216 1.3269894492348016 0.6290898875322637
v 1.1235488606102437 -1.0704351136489936 0.01625260675737432
v 1.2317203943625041 -1.02292066141969 -0.0245676837246008
vt 0.4375 0.55
vt 0.4625 0.55
vt 0.4625 0.03749999999999987
vt 0.4375 0.03749999999999987
vt 0.525 0.55
vt 0.55 0.55
vt 0.55 0.03749999999999987
vt 0.525 0.03749999999999987
vt 0.4625 0.55
vt 0.4875 0.55
vt 0.4875 0.03749999999999987
vt 0.4625 0.03749999999999987
vt 0.5 0.55
vt 0.525 0.55
vt 0.525 0.03749999999999987
vt 0.5 0.03749999999999987
vt 0.4375 0.55
vt 0.4625 0.55
vt 0.4625 0.525
vt 0.4375 0.525
vt 0.4375 0.55
vt 0.4625 0.55
vt 0.4625 0.525
vt 0.4375 0.525
vn -0.8653722700180829 -0.38011561783442865 0.32656232385580114
vn -0.3964322178099622 0.12063687233888991 -0.9101034236363279
vn 0.8653722700180829 0.38011561783442865 -0.32656232385580114
vn 0.3964322178099622 -0.12063687233888991 0.9101034236363279
vn -0.3065490677950679 0.9170380919627281 0.25508588146609334
vn 0.3065490677950679 -0.9170380919627281 -0.25508588146609334
usemtl m_944b721f-24b6-c846-1c8b-3cf91de7dfa8
f 12/28/7 15/27/7 13/26/7 10/25/7
f 11/32/8 12/31/8 10/30/8 9/29/8
f 16/36/9 11/35/9 9/34/9 14/33/9
f 15/40/10 16/39/10 14/38/10 13/37/10
f 14/44/11 9/43/11 10/42/11 13/41/11
f 15/48/12 12/47/12 11/46/12 16/45/12
o cube
v 0.5480421274242754 1.2674165299276017 0.6071312611249576
v 0.6560361617567492 1.2193999706207732 0.6478338234635905
v -0.23207238157746826 -1.022307697787293 -0.024204080718345906
v -0.12407834724499452 -1.0703242570941214 0.01649848162028702
v 0.705441039357133 1.233971087080139 0.533939834884655
v 0.5974470050246592 1.2819876463869675 0.4932372725460221
v -0.07467346964461073 -1.0557531406347558 -0.09739550695864851
v -0.18266750397708448 -1.0077365813279273 -0.13809806929728144
vt 0.4375 0.55
vt 0.4625 0.55
vt 0.4625 0.04999999999999982
vt 0.4375 0.04999999999999982
vt 0.525 0.55
vt 0.55 0.55
vt 0.55 0.04999999999999982
vt 0.525 0.04999999999999982
vt 0.5 0.5375
vt 0.525 0.5375
vt 0.525 0.03749999999999987
vt 0.5 0.03749999999999987
vt 0.475 0.5625
vt 0.5 0.5625
vt 0.5 0.06249999999999978
vt 0.475 0.06249999999999978
vt 0.4375 0.55
vt 0.4625 0.55
vt 0.4625 0.525
vt 0.4375 0.525
vt 0.4375 0.55
vt 0.4625 0.55
vt 0.4625 0.525
vt 0.4375 0.525
vn 0.8639522746597901 -0.3841324744546283 0.32562049870906357
vn -0.39523902080307016 -0.11656893167492562 0.9111519086314843
vn -0.8639522746597901 0.3841324744546283 -0.32562049870906357
vn 0.39523902080307016 0.11656893167492562 -0.9111519086314843
vn 0.3120458036006974 0.9158896910859577 0.2525341367373212
vn -0.3120458036006974 -0.9158896910859577 -0.2525341367373212
usemtl m_944b721f-24b6-c846-1c8b-3cf91de7dfa8
f 20/52/13 23/51/13 21/50/13 18/49/13
f 19/56/14 20/55/14 18/54/14 17/53/14
f 24/60/15 19/59/15 17/58/15 22/57/15
f 23/64/16 24/63/16 22/62/16 21/61/16
f 22/68/17 17/67/17 18/66/17 21/65/17
f 23/72/18 20/71/18 19/70/18 24/69/18
o cube
v 0.625 0.984375 0.625
v 0.625 0.984375 0.375
v 0.625 0.859375 0.625
v 0.625 0.859375 0.375
v 0.375 0.984375 0.375
v 0.375 0.984375 0.625
v 0.375 0.859375 0.375
v 0.375 0.859375 0.625
vt 0.9 0.07499999999999996
vt 0.95 0.07499999999999996
vt 0.95 0.050000000000000044
vt 0.9 0.050000000000000044
vt 0.9 0.08750000000000002
vt 0.95 0.08750000000000002
vt 0.95 0.11250000000000004
vt 0.9 0.11250000000000004
vt 0.85 0.08750000000000002
vt 0.9 0.08750000000000002
vt 0.9 0.11250000000000004
vt 0.85 0.11250000000000004
vt 0.8 0.08750000000000002
vt 0.85 0.08750000000000002
vt 0.85 0.11250000000000004
vt 0.8 0.11250000000000004
vt 0.7375 0.125
vt 0.7875 0.125
vt 0.7875 0.07499999999999996
vt 0.7375 0.07499999999999996
vt 0.7375 0.125
vt 0.7875 0.125
vt 0.7875 0.07499999999999996
vt 0.7375 0.07499999999999996
vn 0 0 -1
vn 1 0 0
vn 0 0 1
vn -1 0 0
vn 0 1 0
vn 0 -1 0
usemtl m_944b721f-24b6-c846-1c8b-3cf91de7dfa8
f 28/76/19 31/75/19 29/74/19 26/73/19
f 27/80/20 28/79/20 26/78/20 25/77/20
f 32/84/21 27/83/21 25/82/21 30/81/21
f 31/88/22 32/87/22 30/86/22 29/85/22
f 30/92/23 25/91/23 26/90/23 29/89/23
f 31/96/24 28/95/24 27/94/24 32/93/24