# Made in Blockbench 4.12.3
mtllib twig_branch_parent.mtl

o cube
v 0.5304638719329788 0.15962343056979478 -1.5569960679620103
v 0.3426238324298363 0.12625600894323208 -1.5762521639695874
v 0.32066736010137753 0.29273628056393963 -1.650551377350248
v 0.5085073996045202 0.32610370219050233 -1.6312952813426709
v 0.40820018948971193 0.45068476349990283 -0.8686920254572748
v 0.38624371716125316 0.6171650351206104 -0.9429912388379353
v 0.22036014998656928 0.41731734187334013 -0.887948121464852
v 0.1984036776581105 0.5837976134940477 -0.9622473348455125
vt 0.10416666666666714 1
vt 0.10416666666666712 0.936083415193175
vt 0.16537431404873562 0.9360832086930191
vt 0.16537431404873568 0.9999997934998441
vt 0.5232501016934245 0.3125
vt 0.27083453135837265 0.3124999999999999
vt 0.2708333333333333 0.2512924103506533
vt 0.5232508217499249 0.25129322351790817
vt 0.10416687316682188 0.9179590192845978
vt 0.1680834579736469 0.9179590192845978
vt 0.16808325147349112 0.9791666666666662
vt 0.10416666666666612 0.9791666666666663
vt 0.4166678646917061 0.8137924103506533
vt 0.6690834350267578 0.8137924103506532
vt 0.6690841550832584 0.874999186832745
vt 0.4166666666666667 0.8749999999999998
vt 0.6690851956484406 0.8944163978642655
vt 0.6690851956484406 0.9583333333333331
vt 0.4166666666666667 0.9583293659852852
vt 0.4166685645427573 0.8944132897857461
vt 0 0.39582894634148247
vt 1.4802973661668753e-16 0.33191287011376625
vt 0.25241852898830014 0.3319163978924432
vt 0.25241663108669593 0.39583333333333337
vn 0.16145748754475642 -0.3843662369496309 -0.9089521855460357
vn 0.9796090717243421 0.17401523664439397 0.10042292572400144
vn -0.16145748754475683 0.3843662369496308 0.9089521855460357
vn -0.9796090717243421 -0.1740152366443945 -0.10042292572400133
vn -0.1195723476022267 0.9066318400038549 -0.40462471548351675
vn 0.11957234760222679 -0.9066318400038548 0.40462471548351675
usemtl m_3722afce-2475-6df4-1e92-dcadf5eef328
f 1/1/1 2/2/1 3/3/1 4/4/1
f 5/5/2 1/6/2 4/7/2 6/8/2
f 7/9/3 5/10/3 6/11/3 8/12/3
f 2/13/4 7/14/4 8/15/4 3/16/4
f 8/17/5 6/18/5 4/19/5 3/20/5
f 2/21/6 1/22/6 5/23/6 7/24/6
o cube
v 1.053141928083243 0.6048618051992996 -0.09100876080945064
v 0.9534344585599388 0.507329768650183 -0.25286240899780965
v 0.9920475329553473 0.675955402370968 -0.37826219847944453
v 1.0917550024786515 0.7734874389200845 -0.21640855029108552
v 0.480936854534608 0.8763617921835811 0.09788517899668259
v 0.5195499289300165 1.044987425904366 -0.027514610484952295
v 0.38122938501130377 0.7788297556344645 -0.06396846919167642
v 0.4198424594067123 0.9474553893552495 -0.1893682586733113
vt 0.10416666666666734 1
vt 0.10416666666666734 0.9287803451559115
vt 0.17538632151075595 0.9287803451559115
vt 0.17538632151075592 1
vt 0.30364125960579447 0.39583333333333337
vt 0.08333333333333333 0.39583333333333337
vt 0.08333455498990065 0.32461355219726096
vt 0.30364063327285473 0.32461259031755996
vt 0.10416666666666628 0.9079470118225769
vt 0.17538632151075487 0.9079470118225769
vt 0.1753863215107548 0.9791666666666654
vt 0.10416666666666625 0.9791666666666655
vt 0.41666666666666713 0.7412792569842266
vt 0.6369745929391284 0.7412792569842266
vt 0.6369739666061885 0.8125
vt 0.4166678883232346 0.8124990381202989
vt 0.6578066556829718 0.8871144497161315
vt 0.6578066556829718 0.9583333333333335
vt 0.4375 0.9583310557792231
vt 0.4375015486173471 0.8871107785831429
vt 0.3333333333333333 0.3749988808074818
vt 0.3333333333333333 0.303778603594565
vt 0.5536399890137476 0.30378111639963423
vt 0.5536384404267028 0.375
vn 0.8657739583624876 -0.4107926149081348 -0.2858056692199904
vn 0.4666637470305854 0.45648200530148636 0.7575283004900265
vn -0.8657739583624876 0.4107926149081348 0.2858056692199904
vn -0.4666637470305854 -0.45648200530148636 -0.7575283004900265
vn 0.1807218864131386 0.7892234198076428 -0.5869122535766363
vn -0.1807218864131386 -0.7892234198076428 0.5869122535766363
usemtl m_3722afce-2475-6df4-1e92-dcadf5eef328
f 9/25/7 10/26/7 11/27/7 12/28/7
f 13/29/8 9/30/8 12/31/8 14/32/8
f 15/33/9 13/34/9 14/35/9 16/36/9
f 10/37/10 15/38/10 16/39/10 11/40/10
f 16/41/11 14/42/11 12/43/11 11/44/11
f 10/45/12 9/46/12 13/47/12 15/48/12
o cube
v 0.06030610544179349 0.9205873291312232 -0.023175673227534166
v -0.04924821810648505 0.98616559929832 0.11605891856146955
v -0.00295344891429683 1.1496562078575931 0.07548251364213243
v 0.1066008746339816 1.084077937690496 -0.06375207814687123
v 0.5161581379366589 0.8847188342863177 0.35239733798762174
v 0.5624529071288469 1.0482094428455906 0.3118209330682846
v 0.4066038143883802 0.9502971044534143 0.4916319297766255
v 0.45289858358056845 1.1137877130126874 0.4510555248572884
vt 0.10416888285651543 0.94176774944992
vt 0.1671386466683155 0.9417677494499199
vt 0.16713910826827272 0.9999999999999992
vt 0.10416666666666587 0.9999987711805224
vt 0.43749999999999906 0.7959344366502624
vt 0.6347437666355064 0.7959344366502624
vt 0.6347433619041908 0.8541666666666666
vt 0.43750167424492264 0.8541665319982792
vt 0.10416666666666596 0.979166205066709
vt 0.104166666666666 0.916196441254909
vt 0.16239768839726842 0.9161942250650594
vt 0.16239891721674526 0.9791666666666662
vt 0.46807709996884084 0.3125
vt 0.2708333333333333 0.3124999999999999
vt 0.2708350075782569 0.2542679046519831
vt 0.4680766952375251 0.2542677699835957
vt 0.4375000000000005 0.9583300800456972
vt 0.4375000000000006 0.8953582576089363
vt 0.6347442585383455 0.8953611525600457
vt 0.6347422062535917 0.9583333333333338
vt 0.34307759186127623 0.35369448585993624
vt 0.34307759186127623 0.41666666666666663
vt 0.14583333333333334 0.41666313336041705
vt 0.14583538560640777 0.35369131095709816
vn -0.7703735271080522 0.06061646524749919 -0.6347048706855792
vn 0.5799128772233542 -0.3471308306620378 -0.7370218729687842
vn 0.7703735271080525 -0.06061646524749824 0.6347048706855792
vn -0.579912877223354 0.34713083066203815 0.7370218729687841
vn 0.26500128973578546 0.9358556675816962 -0.2322681336162756
vn -0.2650012897357854 -0.9358556675816964 0.23226813361627563
usemtl m_3722afce-2475-6df4-1e92-dcadf5eef328
f 17/49/13 18/50/13 19/51/13 20/52/13
f 21/53/14 17/54/14 20/55/14 22/56/14
f 23/57/15 21/58/15 22/59/15 24/60/15
f 18/61/16 23/62/16 24/63/16 19/64/16
f 24/65/17 22/66/17 20/67/17 19/68/17
f 18/69/18 17/70/18 21/71/18 23/72/18
o cube
v 1.470262247652542 0.22493346392825408 -0.49253709270132473
v 1.3344871484718777 0.17871038163775732 -0.591659678070459
v 1.3664246009441166 0.3130778165170438 -0.6980651732187774
v 1.5021997001247809 0.35930089880754057 -0.598942587849643
v 1.0374240830767212 0.6429546919742095 -0.09458121862462504
v 1.0693615355489599 0.777322126853496 -0.2009867137729433
v 0.9016489838960566 0.596731609683713 -0.19370380399375936
v 0.9335864363682953 0.7310990445629995 -0.3001092991420776
vt 0.10416666666666778 1
vt 0.10416666666666778 0.941885217445224
vt 0.1622821269092681 0.9418832474155312
vt 0.16228144922144372 0.9999999999999999
vt 0.3029776659328263 0.39583333333333337
vt 0.0625 0.39583333333333315
vt 0.06250118752365452 0.33771787796125796
vt 0.30297718825939574 0.3377166260042118
vt 0.10416863669635908 0.9210512064240659
vt 0.162283419251135 0.9210512064240659
vt 0.16228341925113499 0.9791659889788418
vt 0.1041666666666663 0.9791666666666662
vt 0.4166666666666667 0.7543832926708791
vt 0.657144332599493 0.7543832926708791
vt 0.6571438549260623 0.8125000000000007
vt 0.4166678541903212 0.8124987480429544
vt 0.6779759462389632 0.9002111761365191
vt 0.6779759462389632 0.9583277348500338
vt 0.43749999999999933 0.9583333333333324
vt 0.43749999999999933 0.9002167746198178
vt 0.0625 0.33332773485003464
vt 0.0625 0.27521117613652
vt 0.3029759462389638 0.27521677461981875
vt 0.3029759462389638 0.33333333333333337
vn 0.5999735102668592 -0.5794351886751479 -0.5516218352304947
vn 0.7787653856572195 0.26512178391654806 0.5685375218884587
vn -0.5999735102668582 0.5794351886751474 0.551621835230496
vn -0.7787653856572196 -0.26512178391654884 -0.568537521888458
vn 0.18318368126071016 0.7706914439760599 -0.6103101155165876
vn -0.1831836812607096 -0.7706914439760597 0.6103101155165881
usemtl m_3722afce-2475-6df4-1e92-dcadf5eef328
f 25/73/19 26/74/19 27/75/19 28/76/19
f 29/77/20 25/78/20 28/79/20 30/80/20
f 31/81/21 29/82/21 30/83/21 32/84/21
f 26/85/22 31/86/22 32/87/22 27/88/22
f 32/89/23 30/90/23 28/91/23 27/92/23
f 26/93/24 25/94/24 29/95/24 31/96/24
o cube
v -0.30655166690750113 0.7232430267198111 -0.04199291359251778
v -0.37015672211075784 0.8099029552664163 0.09052037603720642
v -0.4120139885220071 0.9384251460501503 -0.013620556915838133
v -0.34840893331875034 0.8517652175035448 -0.14613384654556238
v 0.146170654078279 0.9347078121451637 0.037017312870189056
v 0.1043133876670298 1.0632300029288975 -0.0671236200828555
v 0.08256559887502224 1.021367740691769 0.16953060249991325
v 0.040708332463773145 1.149889931475503 0.06538966954686876
vt 0.10416666666666759 0.9431227997602022
vt 0.1610438669064654 0.9431227997602022
vt 0.1610438669064654 1
vt 0.10416666666666756 1
vt 0.25196162190055854 0.39583333333333337
vt 0.08333383361848812 0.39583333333333337
vt 0.08333333333333333 0.338956648951135
vt 0.2519611216154038 0.338956648951135
vt 0.10416666666666785 0.9791666666666666
vt 0.10416666666666781 0.9222894664268688
vt 0.16104386690646563 0.9222894664268688
vt 0.16104386690646566 0.9791666666666666
vt 0.27083383361848723 0.7139566489511346
vt 0.43946162190055765 0.7139566489511346
vt 0.4394611216154028 0.770833333333333
vt 0.27083333333333237 0.770833333333333
vt 0.23112797776844266 0.7764508316577087
vt 0.23112797776844266 0.8333282812768117
vt 0.06250160859982597 0.8333333333333334
vt 0.0625 0.7764545598243641
vt 0.24999999999999997 0.9375000000000009
vt 0.25 0.880621226468285
vt 0.41862636924405905 0.8806215095691601
vt 0.41862797780644306 0.9374989591655171
vn -0.8949153132447514 -0.4180113635154906 -0.15618284826436254
vn 0.3727613393593738 -0.5078758430535288 -0.7766022868377823
vn 0.8949153132447514 0.41801136351549106 0.15618284826436266
vn -0.37276133935937367 0.5078758430535281 0.7766022868377831
vn -0.2453070850975454 0.7532122064960101 -0.6103243449071629
vn 0.24530708509754567 -0.7532122064960104 0.6103243449071624
usemtl m_3722afce-2475-6df4-1e92-dcadf5eef328
f 33/97/25 34/98/25 35/99/25 36/100/25
f 37/101/26 33/102/26 36/103/26 38/104/26
f 39/105/27 37/106/27 38/107/27 40/108/27
f 34/109/28 39/110/28 40/111/28 35/112/28
f 40/113/29 38/114/29 36/115/29 35/116/29
f 34/117/30 33/118/30 37/119/30 39/120/30
o cube
v 0.3408949859648357 0.4937388563161432 -0.8544628068545032
v 0.41370670840193746 0.39311544601567605 -0.9899073000749365
v 0.319123622585192 0.49093700232811077 -1.1134257657652487
v 0.24631190014809023 0.5915604126285778 -0.9779812725448153
v 0.024987942360085946 0.22549041867297193 -0.8250017595008872
v -0.06959514345665951 0.32331197498540665 -0.9485202251911994
v 0.09779966479718771 0.12486700837250464 -0.9604462527213206
v 0.003216578980442253 0.22268856468493947 -1.0839647184116328
vt 0.10416666666666659 0.999999958407461
vt 0.10416666666666659 0.9387451488953251
vt 0.16542296996740194 0.9387436966992646
vt 0.1654244221634624 1
vt 0.291667365157603 0.751243637487223
vt 0.430160373655425 0.751243637487223
vt 0.4301596751644891 0.8125000000000007
vt 0.2916666666666672 0.8125000000000007
vt 0.10416811886272821 0.9179089111698722
vt 0.16542292837486414 0.917908911169872
vt 0.16542296996740324 0.9791666666666679
vt 0.10416666666666785 0.9791652144706074
vt 0.26349370698875774 0.41666666666666663
vt 0.1250006984909359 0.41666666666666663
vt 0.125 0.3554103041538891
vt 0.2634930084978218 0.3554103041538891
vt 0.125 0.8749954056306559
vt 0.12500000000000003 0.813739492013071
vt 0.2634943842650829 0.8137427389359791
vt 0.263492795345362 0.875
vt 0.43016105096938023 0.8762427389153715
vt 0.4301610509693801 0.9374999999999996
vt 0.2916666666666669 0.9374996545902671
vt 0.2916682555514365 0.8762437409932889
vn 0.7603449861650958 0.6456372491136794 -0.07090870588666251
vn -0.39620870959773874 0.5475474307713534 0.7370281334485034
vn -0.760344986165096 -0.6456372491136793 0.07090870588666279
vn 0.39620870959773874 -0.5475474307713531 -0.7370281334485035
vn -0.5146786963266448 0.5323009990715888 -0.672132045014143
vn 0.5146786963266451 -0.5323009990715885 0.6721320450141429
usemtl m_3722afce-2475-6df4-1e92-dcadf5eef328
f 41/121/31 42/122/31 43/123/31 44/124/31
f 45/125/32 41/126/32 44/127/32 46/128/32
f 47/129/33 45/130/33 46/131/33 48/132/33
f 42/133/34 47/134/34 48/135/34 43/136/34
f 48/137/35 46/138/35 44/139/35 43/140/35
f 42/141/36 41/142/36 45/143/36 47/144/36
o cube
v 1.026676711221225 -0.05407706399636658 -0.5828208968994621
v 0.876280095321379 -0.006856024292099083 -0.5683321225841926
v 0.8873491580748492 0.07061838280515154 -0.7059333047765193
v 1.0377457739746951 0.023397343100884038 -0.7204220790917888
v 1.2197310168524598 0.4661533584492632 -0.27438260385146895
v 1.23080007960593 0.5436277655465138 -0.41198378604379554
v 1.0693344009526138 0.5133743981535308 -0.2598938295361994
v 1.080403463706084 0.5908488052507812 -0.39749501172852597
vt 0.1041684456351694 0.9472321849178392
vt 0.15693339752152524 0.9472321849178392
vt 0.15693270278032292 1
vt 0.10416666666666578 0.9999982210314964
vt 0.3366180887396135 0.3125
vt 0.12500019014797678 0.3125
vt 0.125 0.25973334937323933
vt 0.33661789859163677 0.25973334937323944
vt 0.1041666666666669 0.9791666666666671
vt 0.10416666666666692 0.9264017147803112
vt 0.1569327027803241 0.9263999358118076
vt 0.1569344817488277 0.9791659719254647
vt 0.4375001901479771 0.6972333493732392
vt 0.6491180887396139 0.6972333493732392
vt 0.649117898591637 0.75
vt 0.4375000000000002 0.75
vt 0.3366178187220199 0.34306551576394995
vt 0.3366178187220199 0.3958320718809115
vt 0.125 0.39583333333333337
vt 0.125 0.3430667772163718
vt 0.43750000000000067 0.9166654052142444
vt 0.4375000000000006 0.8638988490972829
vt 0.6491178187220205 0.8639001105497046
vt 0.6491178187220206 0.9166666666666661
vn -0.3040908476077491 -0.8194446096167973 -0.48583874708711255
vn 0.9500733174916877 -0.2983009263793288 -0.0915273112877974
vn 0.30409084760774985 0.8194446096167972 0.4858387470871127
vn -0.9500733174916877 0.298300926379329 0.09152731128779705
vn 0.06992458645955345 0.48941504787982293 -0.8692430403041782
vn -0.06992458645955404 -0.48941504787982265 0.8692430403041784
usemtl m_3722afce-2475-6df4-1e92-dcadf5eef328
f 49/145/37 50/146/37 51/147/37 52/148/37
f 53/149/38 49/150/38 52/151/38 54/152/38
f 55/153/39 53/154/39 54/155/39 56/156/39
f 50/157/40 55/158/40 56/159/40 51/160/40
f 56/161/41 54/162/41 52/163/41 51/164/41
f 50/165/42 49/166/42 53/167/42 55/168/42
o cube
v 0.5292774424236435 0.7223229733431913 -0.5558517211228814
v 0.29778669945457403 0.7264472922021326 -0.5360232935861843
v 0.2986701148687466 0.9557927182665014 -0.5734136097864941
v 0.5301608578378159 0.9516683994075601 -0.5932420373231913
v 0.6235119691767859 0.895448757803992 0.5082969429379383
v 0.6243953845909584 1.1247941838683608 0.4709066267376283
v 0.3920212262077165 0.8995730766629331 0.5281253704746354
v 0.3929046416218891 1.128918502727302 0.4907350542743254
vt 0.10416874966372185 0.9225416264344637
vt 0.18162708579874062 0.9225416264344637
vt 0.18162500280168495 0.9999999999999993
vt 0.10416666666666614 0.9999999999999994
vt 0.6107511484783829 0.3125
vt 0.25 0.31249999999999967
vt 0.25000087664308585 0.23504195510568582
vt 0.6107499686243968 0.23504162179266397
vt 0.10416666666666685 0.9791666666666673
vt 0.10416666666666685 0.9017083305316484
vt 0.18162504023220252 0.9017062475345928
vt 0.18162504023220247 0.9791645836696117
vt 0.4166666666666667 0.7975416217926645
vt 0.7774178151450496 0.7975416217926644
vt 0.7774166352910634 0.8750000000000004
vt 0.4166675433097525 0.8749996666869785
vt 0.6107501217620248 0.15170834624751184
vt 0.6107501217620248 0.2291661699245603
vt 0.25 0.22916666666666663
vt 0.25 0.1517088429896183
vt 0.4166666666666667 0.9374995032578923
vt 0.4166666666666667 0.860041679580844
vt 0.7774167884286914 0.8600421763229505
vt 0.7774167884286914 0.9374999999999989
vn -0.08707278979269438 -0.15996838481016562 -0.9832743488665533
vn 0.9961946980917455 -0.017748548075055187 -0.08532943533812615
vn 0.08707278979269426 0.15996838481016606 0.9832743488665531
vn -0.9961946980917455 0.017748548075056055 0.08532943533812609
vn 0.0038016801040243915 0.9869625650967995 -0.16090507240585225
vn -0.003801680104024387 -0.9869625650967996 0.16090507240585228
usemtl m_3722afce-2475-6df4-1e92-dcadf5eef328
f 57/169/43 58/170/43 59/171/43 60/172/43
f 61/173/44 57/174/44 60/175/44 62/176/44
f 63/177/45 61/178/45 62/179/45 64/180/45
f 58/181/46 63/182/46 64/183/46 59/184/46
f 64/185/47 62/186/47 60/187/47 59/188/47
f 58/189/48 57/190/48 61/191/48 63/192/48
o cube
v 1.783044219182118 0.1447600911754543 -1.3654645143759607
v 1.9192048204196959 -0.013380552201514684 -1.234143140520184
v 1.7699141883191536 -0.023967774273208176 -1.323568839958543
v 1.9323348512826604 0.1553473132471479 -1.2760388149376016
v 1.4675336913088848 0.20264673541217704 -0.5056820839319744
v 1.4806637221718488 0.3713746008608396 -0.5475777583493922
v 1.3182430592083425 0.19205951334048355 -0.5951077833703338
v 1.3313730900713066 0.36078737878914613 -0.6370034577877515
vt 0.10416666666666773 0.9999999999999989
vt 0.1041666666666677 0.9418839688445858
vt 0.1622807489699937 0.9418817591995695
vt 0.16228282821854542 0.9999979207514472
vt 0.3988100026114674 0.25
vt 0.10416678498302027 0.2499999999999999
vt 0.10416666666666667 0.19188526763339986
vt 0.3988103943870824 0.1918832477116288
vt 0.10416887631168252 0.9210505051147883
vt 0.16228490746709556 0.9210505051147883
vt 0.16228282821854387 0.979166666666666
vt 0.10416666666666614 0.9791645874181143
vt 0.4166667849830203 0.7543832477116282
vt 0.7113100026114673 0.754383247711628
vt 0.7113103943870822 0.8124999999999993
vt 0.4166666666666667 0.8124979800782283
vt 0.7113093545643266 0.8377182015171967
vt 0.7113093545643266 0.8958333333333334
vt 0.4166666666666667 0.8958295321354157
vt 0.4166666666666667 0.837714400319279
vt 0.08333333333333333 0.41666666666666663
vt 0.08333333333333333 0.35855153485053004
vt 0.3779760212309933 0.3585477336526125
vt 0.3779760212309932 0.4166628654687492
vn 0.5109813520520401 -0.24439444629169182 -0.824117353583121
vn 0.856286442686287 0.06072514127741441 0.5129190825934463
vn -0.5109813520520411 0.2443944462916904 0.8241173535831208
vn -0.8562864426862871 -0.06072514127741658 -0.5129190825934459
vn 0.07530993245736188 0.9677726033726187 -0.24030106582088162
vn -0.07530993245736166 -0.9677726033726188 0.24030106582088184
usemtl m_3722afce-2475-6df4-1e92-dcadf5eef328
f 66/193/49 67/194/49 65/195/49 68/196/49
f 69/197/50 66/198/50 68/199/50 70/200/50
f 71/201/51 69/202/51 70/203/51 72/204/51
f 67/205/52 71/206/52 72/207/52 65/208/52
f 72/209/53 70/210/53 68/211/53 65/212/53
f 67/213/54 66/214/54 69/215/54 71/216/54
o cube
v 0.4210182731814941 0.37627261080277563 -0.909844412068769
v 0.19408882647857773 0.3927962219573776 -0.8626412647317563
v 0.17696052427320208 0.5731791298075892 -1.0081293001300786
v 0.40388997097611856 0.5566555186529873 -1.0553324474670913
v 0.5412789774334925 0.7488195374675686 -0.46210150263811134
v 0.5241506752281171 0.9292024453177801 -0.6075895380364337
v 0.31434953073057614 0.7653431486221705 -0.41489835530109864
v 0.2972212285252006 0.9457260564723822 -0.560386390699421
vt 0.10416893132745497 0.9225415577369781
vt 0.18162718357996765 0.9225415577369781
vt 0.18162510892968772 1
vt 0.1041666666666659 0.99999792534972
vt 0.19825003959340023 0.4375
vt 0 0.4375
vt 1.6240188719744234e-7 0.36004298178917216
vt 0.19825020199528728 0.36004298178917216
vt 0.08333333333333226 1
vt 0.08333333333333226 0.9225417477474873
vt 0.16078970094607406 0.9225394830866982
vt 0.16079177559635408 0.99999792534972
vt 0.4375000000000009 0.7142096484558391
vt 0.635750039593401 0.7142096484558389
vt 0.6357502019952882 0.7916666666666667
vt 0.4375001624018881 0.7916666666666669
vt 0.19825068924054867 0.9225401592063907
vt 0.1982506892405486 0.9999970524599934
vt 0.0000023050455442152895 1
vt 0 0.9225412717203499
vt 0.43749999999999983 1
vt 0.43749999999999983 0.9225412716860527
vt 0.6357483841949377 0.9225383196771683
vt 0.6357506891858736 0.9999952128964746
vn -0.2022037902513641 -0.6263924786293288 -0.7528254046753392
vn 0.97656566628474 -0.07110752514083687 -0.20313350118133439
vn 0.20220379025136384 0.6263924786293289 0.7528254046753394
vn -0.97656566628474 0.07110752514083694 0.2031335011813344
vn -0.07370974590801715 0.7762578067787476 -0.6260915993472713
vn 0.07370974590801763 -0.7762578067787477 0.6260915993472715
usemtl m_3722afce-2475-6df4-1e92-dcadf5eef328
f 73/217/55 74/218/55 75/219/55 76/220/55
f 77/221/56 73/222/56 76/223/56 78/224/56
f 79/225/57 77/226/57 78/227/57 80/228/57
f 74/229/58 79/230/58 80/231/58 75/232/58
f 80/233/59 78/234/59 76/235/59 75/236/59
f 74/237/60 73/238/60 77/239/60 79/240/60
o cube
v 0.6530620576582782 -0.0002951141760191289 -1.7923100078392293
v 0.5239799333982609 -0.03405830792630832 -1.8476454191668024
v 0.5264214952983228 0.0935664698786024 -1.9312118368728712
v 0.6555036195583401 0.12732966362889164 -1.875876425545298
v 0.47967144347923174 0.19131229921535353 -1.504748206076192
v 0.4821130053792936 0.3189370770202642 -1.588314623782261
v 0.3505893192192143 0.1575491054650643 -1.5600836174037653
v 0.35303088111927616 0.28517388326997506 -1.6436500351098342
vt 0.1041666666666659 0.9999999999999998
vt 0.10416666666666592 0.9518511493985979
vt 0.1550218472855014 0.9518501865821161
vt 0.1550244143754528 0.9999975912911511
vt 0.21220507192904167 0.3541666666666665
vt 0.08333333333333333 0.35416666666666663
vt 0.08333367163939458 0.30330976242459806
vt 0.21220541023510275 0.30330976242459806
vt 0.10416762948314866 0.9074755856245452
vt 0.15231648008455045 0.9074755856245452
vt 0.15231407137570174 0.9583333333333321
vt 0.10416666666666674 0.9583307662433806
vt 0.2916666666666668 0.8033097624245974
vt 0.420538405262375 0.8033097624245973
vt 0.42053874356843624 0.854166666666666
vt 0.29166700497272807 0.854166666666666
vt 0.42053817870776267 0.8476865360961194
vt 0.4205381787077626 0.8958333333333333
vt 0.2916666666666663 0.8958288027374668
vt 0.29166755542357364 0.8476801212526742
vt 0.08333333333333341 0.29166666666666663
vt 0.08333333333333333 0.24351798517367162
vt 0.2122048454361035 0.24351583336457472
vt 0.21220395671397693 0.2916626305935863
vn 0.44848642299149016 -0.49560539281447114 -0.7437978374568671
vn 0.8936463692926466 0.23374542124742329 0.38309169228258577
vn -0.448486422991491 0.49560539281447075 0.7437978374568668
vn -0.8936463692926464 -0.2337454212474245 -0.3830916922825854
vn 0.016002969798392722 0.8365036596806251 -0.5477276077564038
vn -0.016002969798391678 -0.8365036596806248 0.5477276077564042
usemtl m_3722afce-2475-6df4-1e92-dcadf5eef328
f 81/241/61 82/242/61 83/243/61 84/244/61
f 85/245/62 81/246/62 84/247/62 86/248/62
f 87/249/63 85/250/63 86/251/63 88/252/63
f 82/253/64 87/254/64 88/255/64 83/256/64
f 88/257/65 86/258/65 84/259/65 83/260/65
f 82/261/66 81/262/66 85/263/66 87/264/66
o cube
v -0.03049361544351631 0.30649543396982326 -1.8736088045792438
v -0.15568514191409966 0.32021367713913396 -1.8058748285826076
v -0.1490451076126832 0.4581066104007301 -1.8215297896888831
v -0.0238535811420999 0.4443883672314194 -1.8892637656855196
v 0.3727513295998639 0.3702273341646074 -1.1412059037148894
v 0.37939136390128037 0.5081202674262033 -1.156860864821165
v 0.2475598031292806 0.383945577333918 -1.0734719277182532
v 0.2541998374306971 0.5218385105955141 -1.0891268888245287
vt 0.12500109802425052 0.9328538597568737
vt 0.17266799583291215 0.9328538597568737
vt 0.17266689780866207 0.979166666666667
vt 0.12500000000000044 0.979166666666667
vt 0.5503337023513065 0.3125
vt 0.2708342283950211 0.3125
vt 0.2708333333333333 0.2661876157963934
vt 0.5503328072896189 0.2661876157963934
vt 0.10416666666666759 0.9791666666666664
vt 0.10416666666666759 0.9314997688580048
vt 0.15047947357646077 0.9314986708337547
vt 0.15047947357646074 0.9791655686424163
vt 0.41666756172835534 0.8078542824630588
vt 0.6961670356846409 0.8078542824630587
vt 0.6961661406229532 0.8541666666666653
vt 0.4166666666666678 0.8541666666666655
vt 0.5503337807016843 0.18148983411000674
vt 0.5503337807016843 0.22915655632005594
vt 0.2708346270381196 0.22916666666666663
vt 0.2708333333333333 0.18150157743111317
vt 0.41666666666666674 0.9374958427565104
vt 0.4166666666666667 0.8898307535034005
vt 0.6961658205016934 0.8898332778075072
vt 0.6961671142508007 0.9374999999999992
vn -0.4809122779288974 -0.07600703660677835 -0.8734679795639306
vn 0.8754652200740092 -0.09593177041476021 -0.47366416780864523
vn 0.48091227792889746 0.07600703660677845 0.8734679795639304
vn -0.8754652200740092 0.09593177041475973 0.4736641678086453
vn 0.04779151993822095 0.9924817508706877 -0.11267628326604157
vn -0.04779151993822012 -0.9924817508706877 0.11267628326604144
usemtl m_3722afce-2475-6df4-1e92-dcadf5eef328
f 89/265/67 90/266/67 91/267/67 92/268/67
f 93/269/68 89/270/68 92/271/68 94/272/68
f 95/273/69 93/274/69 94/275/69 96/276/69
f 90/277/70 95/278/70 96/279/70 91/280/70
f 96/281/71 94/282/71 92/283/71 91/284/71
f 90/285/72 89/286/72 93/287/72 95/288/72
o cube
v -0.31723567936835495 0.020869551566381483 -2.3457410086211987
v -0.44242720583893835 0.03458779473569218 -2.2780070326245627
v -0.46186227713473665 0.1579430292909203 -2.3389118191179237
v -0.3366707506641532 0.1442247861216095 -2.40664579511456
v -0.0045221127900997304 0.32508825542556485 -1.8293717555666247
v -0.023957184085897976 0.44844348998079286 -1.8902765420599859
v -0.12971363926068313 0.33880649859487555 -1.7616377795699885
v -0.14914871055648138 0.46216173315010356 -1.8225425660633499
vt 0.12499999999999889 0.953688257007231
vt 0.17266752566970636 0.953688257007231
vt 0.17266771087178845 0.999999999999999
vt 0.12500018520208098 0.999999999999999
vt 0.47533294200494974 0.3125
vt 0.2500000432423481 0.3125
vt 0.25 0.2661856752683863
vt 0.4753338150958841 0.2661884754271089
vt 0.10416666666666592 0.9791664814645856
vt 0.10416666666666592 0.9314989557948781
vt 0.1504784096594339 0.9314991409969602
vt 0.1504784096594339 0.9791666666666676
vt 0.4375000432423482 0.8286856752683872
vt 0.6628329420049501 0.8286856752683871
vt 0.6628338150958845 0.8749971998412781
vt 0.4375000000000004 0.8750000000000008
vt 0.2878349855452463 0.20233287609398543
vt 0.2878349855452463 0.24999902506589733
vt 0.062500434336011 0.25
vt 0.0625 0.20233181347317897
vt 0.43749999999999994 0.9374999999999991
vt 0.43749999999999994 0.8898318134711994
vt 0.6628345512087647 0.8898307352348912
vt 0.6628349855262101 0.9374968842048245
vn -0.4625940333997895 -0.4500276684307462 -0.7638598417967138
vn 0.8754652200740103 -0.09593177041476039 -0.47366416780864357
vn 0.4625940333997903 0.4500276684307474 0.7638598417967127
vn -0.8754652200740103 0.09593177041476035 0.4736641678086434
vn -0.1398835540858171 0.8878469423678131 -0.43836103638946494
vn 0.13988355408581715 -0.8878469423678129 0.438361036389465
usemtl m_3722afce-2475-6df4-1e92-dcadf5eef328
f 97/289/73 98/290/73 99/291/73 100/292/73
f 101/293/74 97/294/74 100/295/74 102/296/74
f 103/297/75 101/298/75 102/299/75 104/300/75
f 98/301/76 103/302/76 104/303/76 99/304/76
f 104/305/77 102/306/77 100/307/77 99/308/77
f 98/309/78 97/310/78 101/311/78 103/312/78