# Made in Blockbench 4.12.2
mtllib ash_twig_branch_up.mtl

o cube
v 0.5085073996045204 0.6738962978094976 -0.6312952813426707
v 0.32066736010137764 0.7072637194360603 -0.6505513773502479
v 0.3426238324298364 0.8737439910567677 -0.5762521639695873
v 0.5304638719329791 0.840376569430205 -0.5569960679620101
v 0.3862437171612534 0.3828349648793896 0.05700876116206488
v 0.40820018948971204 0.5493152365000971 0.13130797454272547
v 0.19840367765811062 0.4162023865059523 0.03775266515448772
v 0.2203601499865694 0.5826826581266598 0.11205187853514831
vt 0.4375002065001558 0.8554590192845982
vt 0.5014167913069808 0.8554590192845982
vt 0.5014165848068249 0.9166666666666666
vt 0.4375 0.9166666666666666
vt 0.125 0.8554571589373379
vt 0.3774174884179014 0.8554571589373378
vt 0.37741690637264097 0.9166666666666666
vt 0.12500052287782348 0.9166639354214317
vt 0.4375 0.9166666666666666
vt 0.4375 0.8527500818598416
vt 0.4987076473820686 0.8527498753596858
vt 0.4987076473820686 0.9166664601665108
vt 0.9482715039571928 0.3791879703558404
vt 0.6958540155392914 0.3791879703558404
vt 0.6958545384171148 0.3179811938717464
vt 0.9482709219119322 0.3179784626265114
vt 0.125 0.8333302252548137
vt 0.125 0.7694132897857462
vt 0.37741663110568346 0.7694163978642657
vt 0.3774166311056833 0.8333333333333334
vt 0.9482715039571928 0.23193459347492007
vt 0.9482715039571928 0.2958515289439875
vt 0.6958548728515094 0.295854637022507
vt 0.6958548728515094 0.23193770155343962
vn 0.16145748754475678 0.38436623694963107 -0.9089521855460356
vn 0.9796090717243421 -0.17401523664439406 0.10042292572400152
vn -0.1614574875447563 -0.38436623694963123 0.9089521855460357
vn -0.9796090717243421 0.17401523664439464 -0.1004229257240013
vn 0.1195723476022267 0.9066318400038549 0.4046247154835166
vn -0.1195723476022264 -0.9066318400038549 -0.40462471548351653
usemtl m_86d69327-5eef-f632-6687-f5e01f45570a
f 1/1/1 2/2/1 3/3/1 4/4/1
f 5/5/2 1/6/2 4/7/2 6/8/2
f 7/9/3 5/10/3 6/11/3 8/12/3
f 2/13/4 7/14/4 8/15/4 3/16/4
f 8/17/5 6/18/5 4/19/5 3/20/5
f 2/21/6 1/22/6 5/23/6 7/24/6
o cube
v 1.0917550024786515 0.22651256107991546 0.783591449708914
v 0.9920475329553473 0.3240445976290319 0.6217378015205552
v 0.9534344585599388 0.492670231349817 0.7471375910021902
v 1.0531419280832428 0.39513819480070045 0.908991239190549
v 0.5195499289300163 -0.04498742590436611 0.9724853895150471
v 0.48093685453460777 0.12363820781641888 1.0978851789966821
v 0.41984245940671217 0.052544610644750356 0.8106317413266884
v 0.38122938501130355 0.22117024436553534 0.9360315308083234
vt 0.4375010430591603 0.8454470118302162
vt 0.5087225013105285 0.8454470118302162
vt 0.5087214582513682 0.9166666666666666
vt 0.4375 0.9166666666666666
vt 0.6875 0.782946885536607
vt 0.9078060782850539 0.7829468855366069
vt 0.9078076108947385 0.8541666666666665
vt 0.6875015326096846 0.8541666666666666
vt 0.4375 0.9166666666666666
vt 0.4375 0.8454452084152985
vt 0.5087196548364504 0.8454441653561381
vt 0.5087196548364504 0.9166656236075064
vt 0.573269971347508 0.23335463702250703
vt 0.3529638930624542 0.23335463702250703
vt 0.35296542567213884 0.16213485589244725
vt 0.5732715039571928 0.16213485589244747
vt 0.6875 0.9375
vt 0.6875 0.8662797227870832
vt 0.9078051070933695 0.8662786035945651
vt 0.9078066556804142 0.9374974871949308
vt 0.5732715039571926 0.24546541560564972
vt 0.5732715039571928 0.3166842992228517
vt 0.3529663968915679 0.3166879703558404
vt 0.35296484827422087 0.24546769315976003
vn 0.8657739583624874 0.4107926149081349 -0.28580566921999073
vn 0.4666637470305851 -0.4564820053014863 0.7575283004900265
vn -0.8657739583624876 -0.4107926149081349 0.2858056692199903
vn -0.4666637470305852 0.45648200530148664 -0.7575283004900263
vn -0.1807218864131386 0.7892234198076425 0.5869122535766367
vn 0.18072188641313855 -0.7892234198076427 -0.5869122535766365
usemtl m_86d69327-5eef-f632-6687-f5e01f45570a
f 9/25/7 10/26/7 11/27/7 12/28/7
f 13/29/8 9/30/8 12/31/8 14/32/8
f 15/33/9 13/34/9 14/35/9 16/36/9
f 10/37/10 15/38/10 16/39/10 11/40/10
f 16/41/11 14/42/11 12/43/11 11/44/11
f 10/45/12 9/46/12 13/47/12 15/48/12
o cube
v 0.10660087463398149 -0.08407793769049621 0.9362479218531288
v -0.002953448914297052 -0.14965620785759304 1.0754825136421324
v -0.049248218106485275 0.01383440070167996 1.1160589185614693
v 0.06030610544179327 0.07941267086877679 0.9768243267724657
v 0.5624529071288467 -0.048209442845590644 1.3118209330682848
v 0.5161581379366584 0.11528116571368241 1.3523973379876217
v 0.4528985835805681 -0.11378771301268753 1.4510555248572885
v 0.4066038143883799 0.04970289554658558 1.4916319297766254
vt 0.4375 0.9166662050667095
vt 0.4375 0.8536964412549094
vt 0.4957310217306024 0.8536942250650599
vt 0.49573225055007925 0.9166666666666666
vt 0.28160483729052604 0.2541879703558404
vt 0.0843610706550187 0.2541879703558404
vt 0.08436066592370299 0.1959557403394362
vt 0.28160443255921047 0.1959557403394362
vt 0.43750221618984947 0.8584344161165874
vt 0.5004719800016496 0.8584344161165874
vt 0.5004724416016068 0.9166666666666666
vt 0.4375 0.9166654378471899
vt 0.6666670713979822 0.8792677699835957
vt 0.8639108380334898 0.8792677699835957
vt 0.863910433302174 0.9375
vt 0.6666666666666666 0.9375
vt 0.8639109252050116 0.8120281775632391
vt 0.8639109252050116 0.875
vt 0.6666666666666666 0.8749971050488906
vt 0.6666687189514205 0.8120249242756025
vt 0.08436057876258311 0.3166847954530022
vt 0.08436057876258318 0.2537126146462718
vt 0.28160483729052604 0.25371614795252173
vt 0.28160278501745156 0.3166879703558404
vn -0.7703735271080521 -0.060616465247499904 -0.6347048706855797
vn 0.5799128772233546 0.34713083066203737 -0.737021872968784
vn 0.770373527108052 0.06061646524749987 0.6347048706855796
vn -0.5799128772233546 -0.3471308306620374 0.7370218729687841
vn -0.26500128973578574 0.9358556675816964 0.23226813361627546
vn 0.2650012897357856 -0.9358556675816962 -0.2322681336162755
usemtl m_86d69327-5eef-f632-6687-f5e01f45570a
f 17/49/13 18/50/13 19/51/13 20/52/13
f 21/53/14 17/54/14 20/55/14 22/56/14
f 23/57/15 21/58/15 22/59/15 24/60/15
f 18/61/16 23/62/16 24/63/16 19/64/16
f 24/65/17 22/66/17 20/67/17 19/68/17
f 18/69/18 17/70/18 21/71/18 23/72/18
o cube
v 1.5021997001247813 0.6406991011924594 0.40105741215035695
v 1.3664246009441166 0.6869221834829562 0.30193482678122263
v 1.334487148471878 0.8212896183622429 0.40834032192954084
v 1.4702622476525424 0.7750665360717461 0.5074629072986752
v 1.06936153554896 0.222677873146504 0.7990132862270567
v 1.0374240830767214 0.3570453080257905 0.9054187813753749
v 0.9335864363682957 0.26890095543700065 0.6998907008579223
v 0.9016489838960569 0.40326839031628725 0.8062961960062407
vt 0.4375 0.8585492363839567
vt 0.49561546027599085 0.8585492363839566
vt 0.49561743028270994 0.9166640189053424
vt 0.43750067775460516 0.9166666666666666
vt 0.6250018294973543 0.8793845446259697
vt 0.8654765782764043 0.8793845446259697
vt 0.8654776659324712 0.9375
vt 0.625 0.9374995867549482
vt 0.4375 0.9166646966599475
vt 0.4375 0.8585492363839567
vt 0.49561743028270994 0.8585499141385619
vt 0.49561478252138574 0.9166666666666666
vt 0.8649370829677925 0.295854637022507
vt 0.6244623341887425 0.295854637022507
vt 0.6244605046913881 0.23773959489352858
vt 0.8649381706238595 0.23773918164847674
vt 0.625 0.8541666666666666
vt 0.625 0.7960520024123764
vt 0.8654759462957169 0.7960499905552266
vt 0.8654759462957169 0.854164654809517
vt 0.8857715039571928 0.32107330610155016
vt 0.8857715039571928 0.3791879703558404
vt 0.645295557661476 0.37918595849869074
vt 0.645295557661476 0.3210712942444004
vn 0.5999735102668584 0.5794351886751462 -0.5516218352304971
vn 0.7787653856572193 -0.2651217839165479 0.5685375218884592
vn -0.5999735102668593 -0.579435188675147 0.5516218352304953
vn -0.7787653856572196 0.2651217839165482 -0.5685375218884583
vn -0.18318368126070922 0.7706914439760595 0.6103101155165884
vn 0.18318368126070914 -0.7706914439760597 -0.6103101155165883
usemtl m_86d69327-5eef-f632-6687-f5e01f45570a
f 25/73/19 26/74/19 27/75/19 28/76/19
f 29/77/20 25/78/20 28/79/20 30/80/20
f 31/81/21 29/82/21 30/83/21 32/84/21
f 26/85/22 31/86/22 32/87/22 27/88/22
f 32/89/23 30/90/23 28/91/23 27/92/23
f 26/93/24 25/94/24 29/95/24 31/96/24
o cube
v -0.34840893331875045 0.14823478249645494 0.8538661534544381
v -0.4120139885220072 0.06157485394984952 0.9863794430841626
v -0.3701567221107579 0.19009704473358346 1.0905203760372069
v -0.30655166690750113 0.2767569732801889 0.9580070864074828
v 0.1043133876670298 -0.06323000292889769 0.9328763799171451
v 0.14617065407827912 0.06529218785483626 1.0370173128701894
v 0.040708332463773034 -0.1498899314755031 1.0653896695468692
v 0.08256559887502235 -0.021367740691769166 1.169530602499914
vt 0.43750000000000006 0.9166666666666666
vt 0.4375 0.8597894664268689
vt 0.49437720023979786 0.8597894664268689
vt 0.49437720023979786 0.9166666666666666
vt 0.12500050028515486 0.8597899822844682
vt 0.2936282885672253 0.8597899822844682
vt 0.29362778828207053 0.9166666666666666
vt 0.125 0.9166666666666666
vt 0.43750000000000006 0.8597894664268688
vt 0.49437720023979786 0.8597894664268689
vt 0.49437720023979786 0.9166666666666666
vt 0.4375 0.9166666666666666
vt 0.5316048372905261 0.3166879703558404
vt 0.3629770490084556 0.3166879703558404
vt 0.3629765487233008 0.2598112859736421
vt 0.5316043370053712 0.2598112859736421
vt 0.3629784680855601 0.40001766165748054
vt 0.3629784680855601 0.34314049667273994
vt 0.5316048372905261 0.3431441387044333
vt 0.5316048372905261 0.40002130368917366
vt 0.29362636920496593 0.7764525263168994
vt 0.29362636920496604 0.83332969130164
vt 0.125 0.8333333333333334
vt 0.125 0.7764561683485928
vn -0.8949153132447516 0.4180113635154904 -0.15618284826436213
vn 0.3727613393593739 0.5078758430535284 -0.7766022868377828
vn 0.8949153132447514 -0.4180113635154906 0.1561828482643624
vn -0.3727613393593733 -0.5078758430535287 0.7766022868377828
vn 0.24530708509754598 0.7532122064960106 0.6103243449071623
vn -0.2453070850975454 -0.7532122064960106 -0.6103243449071621
usemtl m_86d69327-5eef-f632-6687-f5e01f45570a
f 33/97/25 34/98/25 35/99/25 36/100/25
f 37/101/26 33/102/26 36/103/26 38/104/26
f 39/105/27 37/106/27 38/107/27 40/108/27
f 34/109/28 39/110/28 40/111/28 35/112/28
f 40/113/29 38/114/29 36/115/29 35/116/29
f 34/117/30 33/118/30 37/119/30 39/120/30
o cube
v 0.24631190014809046 0.4084395873714217 0.02201872745518474
v 0.3191236225851921 0.5090629976718888 -0.11342576576524865
v 0.4137067084019376 0.6068845539843237 0.010092699925063453
v 0.3408949859648359 0.5062611436838564 0.14553719314549685
v -0.06959514345665929 0.676688025014593 0.051479774808800616
v 0.02498794236008617 0.774509581327028 0.17499824049911283
v 0.003216578980442475 0.7773114353150603 -0.08396471841163272
v 0.09779966479718782 0.875132991627495 0.03955374727867944
vt 0.75 0.8762422445031901
vt 0.81125775549681 0.8762422445031901
vt 0.8112562617091966 0.9374985478029253
vt 0.75 0.9375
vt 0.8441048372905261 0.33752130368917366
vt 0.705611828792704 0.33752130368917366
vt 0.7056127377585648 0.27626361589890625
vt 0.8441041387995902 0.2762649411763961
vt 0.75 0.9375
vt 0.75 0.8762422445031901
vt 0.81125775549681 0.8762422445031901
vt 0.8112563032997352 0.9374985062123866
vt 0.4375 0.8762423122097325
vt 0.575993008497822 0.8762423122097325
vt 0.5759923100068861 0.9374986747225101
vt 0.43750090896586075 0.9375
vt 0.8441048372905261 0.33876404260454585
vt 0.844104837290526 0.40002130368917366
vt 0.7056120418725825 0.40002030161125646
vt 0.7056120418725823 0.3387630405266284
vt 0.4375 0.8333333333333334
vt 0.4375 0.7720760722487053
vt 0.5759927954179437 0.772075070170788
vt 0.5759927954179437 0.8333323312554161
vn 0.7603449861650962 -0.6456372491136789 -0.07090870588666205
vn -0.39620870959773874 -0.547547430771353 0.7370281334485036
vn -0.7603449861650963 0.6456372491136787 0.07090870588666225
vn 0.39620870959773913 0.547547430771353 -0.7370281334485033
vn 0.5146786963266455 0.5323009990715887 0.6721320450141425
vn -0.5146786963266452 -0.532300999071589 -0.6721320450141425
usemtl m_86d69327-5eef-f632-6687-f5e01f45570a
f 41/121/31 42/122/31 43/123/31 44/124/31
f 45/125/32 41/126/32 44/127/32 46/128/32
f 47/129/33 45/130/33 46/131/33 48/132/33
f 42/133/34 47/134/34 48/135/34 43/136/34
f 48/137/35 46/138/35 44/139/35 43/140/35
f 42/141/36 41/142/36 45/143/36 47/144/36
o cube
v 1.0377457739746951 0.976602656899116 0.27957792090821143
v 0.8873491580748492 0.9293816171948484 0.29406669522348095
v 0.8762800953213792 1.006856024292099 0.43166787741580737
v 1.026676711221225 1.0540770639963664 0.41717910310053785
v 1.23080007960593 0.4563722344534862 0.5880162139562046
v 1.2197310168524598 0.5338466415507366 0.725617396148531
v 1.0804034637060842 0.4091511947492187 0.6025049882714741
v 1.0693344009526138 0.4866256018464692 0.7401061704638008
vt 0.43750000000000006 0.9166666666666666
vt 0.4375 0.8638988515799324
vt 0.49026603613250574 0.8638977673292092
vt 0.49026603613250574 0.9166655824159434
vt 0.43750036976934464 0.8222333493741923
vt 0.6491211252171142 0.8222333493741923
vt 0.6491207554477696 0.875
vt 0.4375 0.875
vt 0.4375010842507232 0.8639006305341609
vt 0.4902688993374575 0.863900630534161
vt 0.49026781508673417 0.9166666666666666
vt 0.4375 0.9166666666666666
vt 0.8441048372905261 0.27502130368917366
vt 0.6324840818427564 0.27502130368917366
vt 0.6324837120734118 0.22225465306336611
vt 0.8441044675211815 0.22225465306336611
vt 0.6324863059169815 0.2125206074885152
vt 0.6324863059169815 0.15975405137155363
vt 0.8441041246390014 0.1597527899191321
vt 0.8441048372905261 0.21252130368917366
vt 0.6491185313448434 0.7597298897278102
vt 0.6491185313448434 0.812498403502664
vt 0.437500712625086 0.8125
vt 0.4375 0.7597334438878506
vn -0.3040908476077496 0.8194446096167971 -0.4858387470871127
vn 0.9500733174916876 0.2983009263793288 -0.09152731128779713
vn 0.3040908476077495 -0.8194446096167974 0.4858387470871121
vn -0.9500733174916873 -0.29830092637932987 0.09152731128779631
vn -0.06992458645955256 0.48941504787982315 0.8692430403041782
vn 0.06992458645955438 -0.4894150478798225 -0.8692430403041783
usemtl m_86d69327-5eef-f632-6687-f5e01f45570a
f 49/145/37 50/146/37 51/147/37 52/148/37
f 53/149/38 49/150/38 52/151/38 54/152/38
f 55/153/39 53/154/39 54/155/39 56/156/39
f 50/157/40 55/158/40 56/159/40 51/160/40
f 56/161/41 54/162/41 52/163/41 51/164/41
f 50/165/42 49/166/42 53/167/42 55/168/42
o cube
v 0.5301608578378159 0.048331600592439905 0.40675796267680864
v 0.2986701148687465 0.04420728173349886 0.42658639021350564
v 0.2977866994545739 0.27355270779786756 0.4639767064138156
v 0.5292774424236433 0.2776770266568087 0.4441482788771185
v 0.6243953845909584 -0.12479418386836072 1.4709066267376283
v 0.6235119691767859 0.10455124219600809 1.508296942937938
v 0.3929046416218891 -0.12891850272730188 1.4907350542743254
v 0.3920212262077165 0.10042692333706693 1.5281253704746351
vt 0.4375 0.9166645836706182
vt 0.4375 0.8392062100770749
vt 0.514958336107011 0.8392082930731233
vt 0.514958336107011 0.9166666666666666
vt 0.12500110828655409 0.8392082884582734
vt 0.48575020026801896 0.8392082884582736
vt 0.4857490919814647 0.9166666666666666
vt 0.125 0.9166666666666666
vt 0.4375 0.8392083305596557
vt 0.5149583735935434 0.8392083305596557
vt 0.5149604565895918 0.9166666666666666
vt 0.43750208299604837 0.9166666666666666
vt 0.5274168669346856 0.33333333333333337
vt 0.16666777495322074 0.33333333333333337
vt 0.16666666666666666 0.2558749551249403
vt 0.5274157586481315 0.2558749551249403
vt 0.16666666666666666 0.1875
vt 0.16666666666666666 0.11004217632295166
vt 0.5274167884286914 0.1100416795808451
vt 0.5274167884286914 0.18749950325789355
vt 0.5065834550953582 0.7558755096562849
vt 0.5065834550953582 0.8333333333333334
vt 0.14583333333333334 0.8333328365912268
vt 0.14583333333333334 0.7558750129141784
vn -0.0870727897926938 0.15996838481016618 -0.9832743488665532
vn 0.9961946980917455 0.017748548075056072 -0.08532943533812619
vn 0.08707278979269431 -0.15996838481016515 0.9832743488665532
vn -0.9961946980917455 -0.01774854807505607 0.08532943533812617
vn -0.0038016801040239292 0.9869625650967995 0.16090507240585208
vn 0.0038016801040235363 -0.9869625650967995 -0.16090507240585206
usemtl m_86d69327-5eef-f632-6687-f5e01f45570a
f 57/169/43 58/170/43 59/171/43 60/172/43
f 61/173/44 57/174/44 60/175/44 62/176/44
f 63/177/45 61/178/45 62/179/45 64/180/45
f 58/181/46 63/182/46 64/183/46 59/184/46
f 64/185/47 62/186/47 60/187/47 59/188/47
f 58/189/48 57/190/48 61/191/48 63/192/48
o cube
v 1.9323348512826608 0.8446526867528521 -0.2760388149376012
v 1.783044219182118 0.8552399088245455 -0.3654645143759608
v 1.769914188319154 1.023967774273208 -0.32356883995854313
v 1.9192048204196968 1.0133805522015145 -0.23414314052018348
v 1.4806637221718495 0.6286253991391604 0.45242224165060807
v 1.4675336913088852 0.7973532645878227 0.4943179160680258
v 1.331373090071307 0.639212621210854 0.36299654221224853
v 1.3182430592083427 0.8079404866595163 0.40489221662966624
vt 0.4375 0.8585505050775938
vt 0.4956161615890729 0.8585505050775938
vt 0.4956161615890729 0.9166666666666666
vt 0.43750207924388523 0.9166665361958118
vt 0.5933952810258274 0.8377186009667331
vt 0.8880384986542745 0.837718600966733
vt 0.888038380337921 0.895833333333333
vt 0.5933951627094739 0.8958333333333334
vt 0.4375 0.9166666666666666
vt 0.4375 0.8585505050775938
vt 0.495616031118218 0.8585525843214789
vt 0.49561616158907285 0.9166666666666666
vt 1 0.295854637022507
vt 0.7053567823715529 0.295854637022507
vt 0.7053566640551994 0.2377399046559069
vt 0.9999998816836465 0.237739904655907
vt 0.5933951627094739 0.8124961988020821
vt 0.5933951627094739 0.7543810669859453
vt 0.8880378506071338 0.7543848681838633
vt 0.8880378506071338 0.8125
vt 1 0.32106903734178616
vt 1 0.37918416915792275
vt 0.7053573121023401 0.3791879703558404
vt 0.7053573121023401 0.3210728385397038
vn 0.510981352052041 0.24439444629169016 -0.8241173535831207
vn 0.8562864426862871 -0.060725141277416295 0.5129190825934459
vn -0.5109813520520414 -0.24439444629169124 0.8241173535831201
vn -0.8562864426862868 0.06072514127741521 -0.5129190825934461
vn -0.07530993245736156 0.9677726033726186 0.24030106582088187
vn 0.07530993245736263 -0.9677726033726187 -0.2403010658208813
usemtl m_86d69327-5eef-f632-6687-f5e01f45570a
f 65/193/49 66/194/49 67/195/49 68/196/49
f 69/197/50 65/198/50 68/199/50 70/200/50
f 71/201/51 69/202/51 70/203/51 72/204/51
f 66/205/52 71/206/52 72/207/52 67/208/52
f 72/209/53 70/210/53 68/211/53 67/212/53
f 66/213/54 65/214/54 69/215/54 71/216/54
o cube
v 0.40388997097611845 0.44334448134701254 -0.05533244746709132
v 0.17696052427320208 0.42682087019241066 -0.00812930013007862
v 0.19408882647857773 0.607203778042622 0.1373587352682436
v 0.4210182731814941 0.6237273891972241 0.09015558793123102
v 0.5241506752281169 0.07079755468221971 0.39241046196356644
v 0.5412789774334925 0.2511804625324312 0.5378984973618888
v 0.2972212285252005 0.05427394352761783 0.439613609300579
v 0.31434953073057614 0.23465685137782932 0.5851016446989012
vt 0.4375 0.9166666666666666
vt 0.4375 0.8392082243758611
vt 0.5149584422908055 0.8392082243758612
vt 0.5149584422908055 0.9166666666666666
vt 0.5625 0.7767096484558388
vt 0.7607500395934 0.7767096484558387
vt 0.7607502019952873 0.8541666666666665
vt 0.5625001624018872 0.8541666666666666
vt 0.4375 0.8392082243758612
vt 0.5149584422908055 0.8392082243758611
vt 0.5149584422908056 0.9166666666666666
vt 0.4375 0.9166666666666666
vt 0.9690833729267334 0.27083333333333337
vt 0.7708333333333334 0.27083333333333337
vt 0.7708334957352204 0.19337631512250564
vt 0.9690835353286206 0.19337631512250553
vt 0.7708333333333335 0.33752130368917366
vt 0.7708333333333334 0.2600623403994188
vt 0.969084022576345 0.26006182937614064
vt 0.969083787572877 0.33751872262938676
vt 0.7607506892405486 0.7142097734130639
vt 0.7607506892405486 0.7916666666666666
vt 0.5625 0.7916655541527072
vt 0.5625002350097484 0.7142065908633086
vn -0.20220379025136379 0.626392478629329 -0.7528254046753391
vn 0.97656566628474 0.07110752514083656 -0.20313350118133466
vn 0.20220379025136345 -0.626392478629329 0.7528254046753392
vn -0.97656566628474 -0.07110752514083651 0.20313350118133477
vn 0.07370974590801738 0.7762578067787477 0.6260915993472715
vn -0.0737097459080179 -0.7762578067787475 -0.6260915993472712
usemtl m_86d69327-5eef-f632-6687-f5e01f45570a
f 73/217/55 74/218/55 75/219/55 76/220/55
f 77/221/56 73/222/56 76/223/56 78/224/56
f 79/225/57 77/226/57 78/227/57 80/228/57
f 74/229/58 79/230/58 80/231/58 75/232/58
f 80/233/59 78/234/59 76/235/59 75/236/59
f 74/237/60 73/238/60 77/239/60 79/240/60
o cube
v 0.6555036195583401 0.8726703363711086 -0.8758764255452981
v 0.5264214952983226 0.9064335301213977 -0.9312118368728713
v 0.5239799333982609 1.0340583079263086 -0.8476454191668025
v 0.6530620576582784 1.0002951141760192 -0.7923100078392292
v 0.4821130053792937 0.681062922979736 -0.5883146237822608
v 0.47967144347923185 0.8086877007846467 -0.5047482060761921
v 0.35303088111927616 0.7148261167300252 -0.6436500351098342
v 0.3505893192192143 0.8424508945349358 -0.5600836174037654
vt 0.4375 0.8658089189017414
vt 0.48564740477747015 0.8658089189017414
vt 0.4856491534222564 0.9166640994996277
vt 0.4375003028892918 0.9166666666666666
vt 0.3958333333333333 0.740809762424598
vt 0.5247050719290416 0.740809762424598
vt 0.5247054102351028 0.7916666666666665
vt 0.3958336716393946 0.7916666666666666
vt 0.4375 0.9166649180218804
vt 0.4375 0.8685175132444103
vt 0.48835774776492524 0.868517816133702
vt 0.4883551805978863 0.9166666666666666
vt 0.5316044989844649 0.3166879703558404
vt 0.40273276038875677 0.3166879703558404
vt 0.4027330986948179 0.2658310661137717
vt 0.5316048372905261 0.2658310661137717
vt 0.3958333333333334 0.7291666666666667
vt 0.3958333333333333 0.6810188738589278
vt 0.524702961122866 0.681015093632712
vt 0.5247048454216282 0.729163775088836
vt 0.531604837290526 0.3518713591092085
vt 0.5316048372905261 0.40002004060220353
vt 0.4027352094517393 0.40002130368917366
vt 0.4027333251877558 0.3518735109183053
vn 0.4484864229914905 0.49560539281447014 -0.7437978374568677
vn 0.8936463692926466 -0.2337454212474249 0.38309169228258466
vn -0.44848642299149083 -0.49560539281447025 0.7437978374568672
vn -0.8936463692926465 0.23374542124742426 -0.38309169228258527
vn -0.016002969798393014 0.8365036596806252 0.5477276077564035
vn 0.01600296979839258 -0.8365036596806251 -0.5477276077564035
usemtl m_86d69327-5eef-f632-6687-f5e01f45570a
f 81/241/61 82/242/61 83/243/61 84/244/61
f 85/245/62 81/246/62 84/247/62 86/248/62
f 87/249/63 85/250/63 86/251/63 88/252/63
f 82/253/64 87/254/64 88/255/64 83/256/64
f 88/257/65 86/258/65 84/259/65 83/260/65
f 82/261/66 81/262/66 85/263/66 87/264/66
o cube
v -0.02385358114209979 0.5556116327685805 -0.8892637656855192
v -0.14904510761268297 0.5418933895992699 -0.8215297896888829
v -0.15568514191409955 0.679786322860866 -0.8058748285826073
v -0.030493615443516142 0.6935045660301768 -0.8736088045792436
v 0.3793913639012805 0.49187973257379647 -0.15686086482116485
v 0.3727513295998641 0.6297726658353926 -0.14120590371488928
v 0.2541998374306972 0.4781614894044859 -0.08912688882452857
v 0.24755980312928072 0.616054422666082 -0.07347192771825295
vt 0.4375 0.9166654962943578
vt 0.4375 0.8690006721567461
vt 0.4838128069140006 0.8689997688584264
vt 0.48381260649468577 0.9166666666666666
vt 0.125 0.8703544415551154
vt 0.40449947395628544 0.8703544415551153
vt 0.40450065614458186 0.9166666666666664
vt 0.12500118218829645 0.9166666666666666
vt 0.43750090329831975 0.8703538597526661
vt 0.4851657274359314 0.8703538597526661
vt 0.48516689780824024 0.9166664662473519
vt 0.4375 0.9166666666666666
vt 0.8649369884355632 0.733354637022507
vt 0.5854375144792775 0.733354637022507
vt 0.585438696667574 0.6870424119109559
vt 0.8649381706238595 0.6870424119109559
vt 0.5854377230172197 0.8375213036891737
vt 0.5854377230172197 0.7898532877463676
vt 0.8649368768631328 0.7898527522683727
vt 0.8649381706238595 0.8375191352810027
vt 0.4045004475625422 0.8064932329498568
vt 0.4045004475625422 0.8541596159800443
vt 0.12500129380504718 0.8541666666666666
vt 0.125 0.8064986507414189
vn -0.48091227792889846 0.07600703660677853 -0.8734679795639301
vn 0.8754652200740092 0.09593177041476006 -0.47366416780864534
vn 0.48091227792889785 -0.07600703660677906 0.8734679795639303
vn -0.8754652200740092 -0.09593177041475975 0.47366416780864523
vn -0.047791519938219285 0.9924817508706878 0.11267628326604118
vn 0.04779151993821947 -0.9924817508706877 -0.11267628326604096
usemtl m_86d69327-5eef-f632-6687-f5e01f45570a
f 89/265/67 90/266/67 91/267/67 92/268/67
f 93/269/68 89/270/68 92/271/68 94/272/68
f 95/273/69 93/274/69 94/275/69 96/276/69
f 90/277/70 95/278/70 96/279/70 91/280/70
f 96/281/71 94/282/71 92/283/71 91/284/71
f 90/285/72 89/286/72 93/287/72 95/288/72
o cube
v -0.336670750664153 0.8557752138783903 -1.4066457951145592
v -0.4618622771347364 0.8420569707090797 -1.3389118191179232
v -0.44242720583893813 0.9654122052643077 -1.2780070326245618
v -0.31723567936835473 0.9791304484336183 -1.3457410086211983
v -0.023957184085897754 0.551556510019207 -0.8902765420599856
v -0.004522112790099508 0.674911744574435 -0.8293717555666243
v -0.14914871055648116 0.5378382668498962 -0.8225425660633495
v -0.1297136392606829 0.6611935014051242 -0.7616377795699882
vt 0.4375 0.9166666666666666
vt 0.4375 0.8690014360465443
vt 0.4838117429651598 0.8689998262406159
vt 0.4838138142506088 0.9166652805890694
vt 0.08333470041361475 0.26618661716771375
vt 0.3086666572711585 0.26618661716771364
vt 0.30866809034204296 0.3125
vt 0.08333333333333333 0.312499083643626
vt 0.4375016098059284 0.8703528524160579
vt 0.48516684042605074 0.8703528524160579
vt 0.48516545434845343 0.9166666666666666
vt 0.4375 0.9166645953812176
vt 0.927436737552975 0.358354637022507
vt 0.7021047806954313 0.358354637022507
vt 0.7021034136151498 0.312042170546595
vt 0.9274381706238595 0.31204125419022066
vt 0.702103185078613 0.2750202410683671
vt 0.702103185078613 0.2273540920964553
vt 0.9274381706238595 0.22735515471726186
vt 0.9274381706238594 0.27502130368917366
vt 0.3086683188785797 0.20233278840728175
vt 0.3086683188785797 0.24999893737919354
vt 0.08333333333333333 0.25
vt 0.08333333333333333 0.20233385102808799
vn -0.46259403339978894 0.4500276684307487 -0.763859841796713
vn 0.8754652200740097 0.0959317704147591 -0.4736641678086445
vn 0.4625940333997901 -0.45002766843074804 0.7638598417967127
vn -0.8754652200740101 -0.09593177041476016 0.47366416780864395
vn 0.13988355408581682 0.8878469423678129 0.43836103638946505
vn -0.13988355408581782 -0.8878469423678129 -0.4383610363894648
usemtl m_86d69327-5eef-f632-6687-f5e01f45570a
f 97/289/73 98/290/73 99/291/73 100/292/73
f 101/293/74 97/294/74 100/295/74 102/296/74
f 103/297/75 101/298/75 102/299/75 104/300/75
f 98/301/76 103/302/76 104/303/76 99/304/76
f 104/305/77 102/306/77 100/307/77 99/308/77
f 98/309/78 97/310/78 101/311/78 103/312/78