# Made in Blockbench 4.12.2
mtllib ash_twig_branch_3.mtl

o cube
v -1.1922351891811707 0.3557140374388129 -0.1299945627187416
v -1.2245727494623169 0.4213854490272926 0.06037355039727821
v -1.314841642690791 0.5764463493067822 -0.008451757399083715
v -1.2825040824096448 0.5107749377183024 -0.19881987051510353
v -0.5345990392926728 0.7307214555218655 -0.1476493989545592
v -0.6248679325211468 0.8857823558013551 -0.21647470675092106
v -0.5669365995738191 0.7963928671103453 0.04271871416146067
v -0.6572054928022932 0.9514537673898347 -0.02610659363490131
vt 0.25 0.8942753836322961
vt 0.31798579387197573 0.8942753836322961
vt 0.3179874447989848 0.9583306262216206
vt 0.25000048812791614 0.9583333333333334
vt 0.3961887468606385 0.26304603875880395
vt 0.14377082756626133 0.26304603875880395
vt 0.14377218308459772 0.32710362070338095
vt 0.3961890126235983 0.3271018451158735
vt 0.25 0.9583316824063244
vt 0.25 0.8903458885343486
vt 0.3140579497010373 0.8903463766622647
vt 0.31405524258932455 0.9583333333333334
vt 0.25 0.8942757513887564
vt 0.5024179192943773 0.8942757513887564
vt 0.502418185057337 0.9583315577458258
vt 0.2500013555183364 0.9583333333333334
vt 0.5024191298755233 0.7028474335173809
vt 0.5024191298755234 0.7708333333333334
vt 0.25 0.7708297779724369
vt 0.2500028822229515 0.7028444891772803
vt 0.25 0.854158909869584
vt 0.25 0.7861736210133317
vt 0.5024191297994133 0.7861807669118104
vt 0.5024162475505604 0.8541666666666666
vn -0.8684531527084837 -0.4952227376468184 0.023314409027161486
vn 0.15855084810245376 -0.3219865046377473 -0.9333736226169876
vn 0.8684531527084839 0.4952227376468182 -0.023314409027161125
vn -0.1585508481024541 0.3219865046377476 0.9333736226169874
vn -0.46973476571006345 0.8068947458923975 -0.35814818013575817
vn 0.46973476571006345 -0.8068947458923975 0.35814818013575794
usemtl m_2fb139f6-90e7-d590-5648-0a3ab402af67
f 1/1/1 2/2/1 3/3/1 4/4/1
f 5/5/2 1/6/2 4/7/2 6/8/2
f 7/9/3 5/10/3 6/11/3 8/12/3
f 2/13/4 7/14/4 8/15/4 3/16/4
f 8/17/5 6/18/5 4/19/5 3/20/5
f 2/21/6 1/22/6 5/23/6 7/24/6
o cube
v -1.763994659642738 0.5129891214547389 0.02701036461593409
v -1.7198813105028903 0.5433493262961173 0.1704535961823328
v -1.7058459380083666 0.6747755788645609 0.13832049944198332
v -1.7499592871482146 0.6444153740231824 -0.005122732124415386
v -1.2537893900630346 0.42470886962884336 -0.11120916965257144
v -1.239754017568511 0.5561351221972868 -0.1433422663929208
v -1.2096760409231868 0.4550690744702218 0.03223406191382727
v -1.1956406684286631 0.5864953270386652 0.00010096517347790712
vt 0.25 0.9129931652497727
vt 0.3010378242176139 0.9129931652497727
vt 0.3010382345376187 0.9583333333333334
vt 0.2500004103200048 0.9583333333333334
vt 0.25000063588478527 0.7671591286183072
vt 0.4286395224115264 0.767159128618307
vt 0.42863888652674115 0.8124999999999999
vt 0.25 0.8125
vt 0.25 0.9583329230133285
vt 0.25 0.9072950987957147
vt 0.2953401680835606 0.9072955091157194
vt 0.2953401680835606 0.9583333333333334
vt 0.3961890126235983 0.2817627493216882
vt 0.21755012609685717 0.2817627493216882
vt 0.2175494902120719 0.32710362070338095
vt 0.39618837673881296 0.32710362070338095
vt 0.25 0.875
vt 0.25 0.8239615068588614
vt 0.4286385966002871 0.8239596455186424
vt 0.4286385966002871 0.874998138659781
vt 0.3961890126235983 0.33856512756224244
vt 0.3961890126235983 0.38960362070338095
vt 0.21755041602331104 0.3896017593631621
vt 0.21755041602331104 0.3385632662220234
vn -0.9520222138331724 0.1647273475835977 0.2579120108220202
vn -0.2881091449085017 -0.19828584377864117 -0.9368435540564306
vn 0.9520222138331726 -0.1647273475835976 -0.2579120108220202
vn 0.2881091449085016 0.19828584377864034 0.936843554056431
vn 0.10318345307401665 0.9662026832477052 -0.23623198322127553
vn -0.10318345307401645 -0.9662026832477052 0.23623198322127548
usemtl m_2fb139f6-90e7-d590-5648-0a3ab402af67
f 9/25/7 10/26/7 11/27/7 12/28/7
f 13/29/8 9/30/8 12/31/8 14/32/8
f 15/33/9 13/34/9 14/35/9 16/36/9
f 10/37/10 15/38/10 16/39/10 11/40/10
f 16/41/11 14/42/11 12/43/11 11/44/11
f 10/45/12 9/46/12 13/47/12 15/48/12
o cube
v 0.00593083640032499 1.0046083220587494 -0.5987674007298694
v -0.18061300015622783 1.0244454650520196 -0.5764780383005158
v -0.16122563828872127 1.1978829093490637 -0.5685778804954101
v 0.02531819826783166 1.1780457663557935 -0.5908672429247638
v 0.08648199621665853 0.9632184118515255 0.11221659482884871
v 0.10586935808416509 1.1366558561485696 0.12011675263395438
v -0.1000618403398944 0.9830555548447957 0.13450595725820225
v -0.08067447847238784 1.1564929991418398 0.14240611506330791
vt 0.2500006875834067 0.9000999066499629
vt 0.3129728458520725 0.9000999066499629
vt 0.3129723773772915 0.9583333333333334
vt 0.25 0.9583312615541009
vt 0.7291666666666666 0.9001016290396452
vt 0.9680781207375938 0.9001016290396451
vt 0.9680761354600046 0.9583333333333334
vt 0.7291667612071552 0.9583332123600222
vt 0.25 0.9583333333333334
vt 0.25 0.8953611750646676
vt 0.30823135490413794 0.8953604874812608
vt 0.30823342668337045 0.9583328648585523
vt 0.9170223459569317 0.3479369540367143
vt 0.6781108918860045 0.3479369540367143
vt 0.6781109864264928 0.2897053707163373
vt 0.9170203606793423 0.2897052497430259
vt 0.7291666666666666 0.8541592262695453
vt 0.7291666666666666 0.7911871404053286
vt 0.9680780693913538 0.7911954024435102
vt 0.9680752399989236 0.8541666666666666
vt 0.9170223459569317 0.2016323564166601
vt 0.9170223459569317 0.26460362070338095
vt 0.6781109431021806 0.26460114809739543
vt 0.6781137725315256 0.20162906229674393
vn -0.11238725812876202 0.057748374238086375 -0.9919849945856828
vn 0.9874477746021658 -0.10500557437195937 -0.11798610843673683
vn 0.11238725812876135 -0.057748374238086285 0.9919849945856828
vn -0.9874477746021658 0.10500557437195877 0.11798610843673667
vn 0.11097746006973407 0.9927935105668616 0.04522221503639142
vn -0.11097746006973415 -0.9927935105668616 -0.04522221503639139
usemtl m_2fb139f6-90e7-d590-5648-0a3ab402af67
f 17/49/13 18/50/13 19/51/13 20/52/13
f 21/53/14 17/54/14 20/55/14 22/56/14
f 23/57/15 21/58/15 22/59/15 24/60/15
f 18/61/16 23/62/16 24/63/16 19/64/16
f 24/65/17 22/66/17 20/67/17 19/68/17
f 18/69/18 17/70/18 21/71/18 23/72/18
o cube
v -1.3981959980584453 -0.0510681390331057 -0.5518982750863541
v -1.4909926441770358 -0.08831628875226816 -0.4448100991854028
v -1.5942858161771152 0.018856408416720205 -0.4970406578959601
v -1.5014891700585247 0.056104558135882776 -0.6041288337969115
v -1.1006765772950926 0.44550206670772086 -0.12136404118420707
v -1.203969749295172 0.5526747638767093 -0.17359459989476433
v -1.1934732234136831 0.4082539169885584 -0.014275865283255751
v -1.2967663954137625 0.5154266141575468 -0.06650642399381301
vt 0.25000000000000006 0.9583317484782002
vt 0.25 0.9094943676998997
vt 0.30258318628518394 0.9094947315420414
vt 0.30258050492679095 0.9583333333333334
vt 0.3961880644228948 0.32710362070338095
vt 0.1557106712943456 0.32710362070338084
vt 0.1557116194950492 0.2745232282294555
vt 0.3961890126235983 0.27452322822945563
vt 0.25 0.9057501470481495
vt 0.2988373807783006 0.9057501470481496
vt 0.29883896563343365 0.9583306519749405
vt 0.2500003638421418 0.9583333333333334
vt 0.25 0.7599196075260746
vt 0.4904773931285491 0.7599196075260746
vt 0.49047834132925255 0.8124999999999999
vt 0.25000094820070357 0.8125
vt 0.49047643221945175 0.8261621585543254
vt 0.49047643221945175 0.8749996416686757
vt 0.25 0.875
vt 0.2500007218172162 0.8261605625935314
vt 0.1557125804357061 0.3896016625792579
vt 0.1557125804357061 0.34076222516745514
vt 0.3961890126235983 0.34076613759436436
vt 0.39618829083526536 0.38960362070338095
vn -0.41240303156466185 -0.6883149264904381 -0.5967799439715945
vn 0.6333612096659544 0.2542282954256581 -0.7309046120359641
vn 0.4124030315646621 0.6883149264904378 0.5967799439715945
vn -0.6333612096659539 -0.2542282954256586 0.7309046120359645
vn -0.6548109022051755 0.6794045450064542 -0.3311074547300579
vn 0.6548109022051751 -0.6794045450064542 0.33110745473005826
usemtl m_2fb139f6-90e7-d590-5648-0a3ab402af67
f 25/73/19 26/74/19 27/75/19 28/76/19
f 29/77/20 25/78/20 28/79/20 30/80/20
f 31/81/21 29/82/21 30/83/21 32/84/21
f 26/85/22 31/86/22 32/87/22 27/88/22
f 32/89/23 30/90/23 28/91/23 27/92/23
f 26/93/24 25/94/24 29/95/24 31/96/24
o cube
v -0.3963208818016753 0.7185011838536783 -0.9617207920438569
v -0.5179787752171696 0.7243777014770081 -0.8422212451747163
v -0.5676007559706184 0.8769764371962583 -0.9002436811335204
v -0.4459428625551241 0.8710999195729285 -1.0197432280026608
v 0.04607826196922771 1.0278275691258223 -0.5265426906363176
v -0.0035437187842210505 1.1804263048450725 -0.5845651265951217
v -0.07557963144626662 1.033704086749152 -0.4070431437671771
v -0.12520161219971537 1.1863028224684022 -0.46506557972598117
vt 0.25 0.9014558356774961
vt 0.3068775778567198 0.9014558356774961
vt 0.3068796596457572 0.9583333333333334
vt 0.2500020817890374 0.9583333333333334
vt 0.3961890126235983 0.32710362070338095
vt 0.16506240265609717 0.32710362070338095
vt 0.16506115583841963 0.2702264126936679
vt 0.3961877658059209 0.2702264126936679
vt 0.25 0.9583312515442959
vt 0.25 0.9014536736875761
vt 0.3068774976558373 0.9014557554766135
vt 0.3068774976558373 0.9583333333333334
vt 0.7500012468176775 0.8806227919902869
vt 0.9811278567851787 0.8806227919902869
vt 0.9811266099675011 0.9375
vt 0.75 0.9375
vt 0.981127304756134 0.7139563263098323
vt 0.981127304756134 0.7708333333333334
vt 0.75 0.7708306038814217
vt 0.75 0.7139535968579206
vt 0.75 0.875
vt 0.75 0.8181229929764989
vt 0.981127304756134 0.8181202635245871
vt 0.981127304756134 0.8749972705480881
vn -0.6380301089778985 -0.44611195587468927 -0.6276158879946478
vn 0.7129835694392699 -0.03443969308793585 -0.7003344467107461
vn 0.6380301089778986 0.4461119558746892 0.627615887994648
vn -0.7129835694392699 0.03443969308793632 0.7003344467107459
vn -0.2908126712289014 0.8943142794150545 -0.3400440558031309
vn 0.2908126712289014 -0.8943142794150545 0.34004405580313096
usemtl m_2fb139f6-90e7-d590-5648-0a3ab402af67
f 33/97/25 34/98/25 35/99/25 36/100/25
f 37/101/26 33/102/26 36/103/26 38/104/26
f 39/105/27 37/106/27 38/107/27 40/108/27
f 34/109/28 39/110/28 40/111/28 35/112/28
f 40/113/29 38/114/29 36/115/29 35/116/29
f 34/117/30 33/118/30 37/119/30 39/120/30
o cube
v -0.4987289729884027 0.8252097295690746 -0.8264999173239519
v -0.3766692125255879 0.7743351544132571 -0.8864610349850929
v -0.4024047037076583 0.8487645769774286 -1.0019997942902945
v -0.5244644641704731 0.8996391521332461 -0.9420386766291536
v -0.8058528945195811 0.36052987077348075 -1.057434270033303
v -0.8315883857016515 0.4349592933376524 -1.1729730293385048
v -0.6837931340567662 0.30965529561766325 -1.1173953876944442
v -0.7095286252388366 0.38408471818183476 -1.232934146999646
vt 0.25 0.9583326561822245
vt 0.25 0.9099336547254394
vt 0.29660775526780886 0.9099343318765483
vt 0.2966077552678088 0.9583333333333334
vt 0.1875 0.2033907678118
vt 0.38849342817217386 0.2033907678118
vt 0.3884934360972186 0.25
vt 0.18750000792504493 0.25
vt 0.25 0.9117255780655243
vt 0.29839900145678516 0.9117255780655243
vt 0.29839967860789396 0.9583333333333333
vt 0.2500006771511088 0.9583333333333334
vt 0.3961890046985534 0.32710362070338095
vt 0.19519557652637953 0.32710362070338095
vt 0.19519558445142446 0.2804943885151808
vt 0.3961890126235983 0.2804943885151808
vt 0.6458333333333334 0.8958312336915838
vt 0.6458333333333334 0.847433013552062
vt 0.8468260452592329 0.8474351131938115
vt 0.8468260452592329 0.8958333333333334
vt 0.8468260452592329 0.8057663468853954
vt 0.8468260452592329 0.8541645670249172
vt 0.6458333333333334 0.8541666666666666
vt 0.6458333333333334 0.805768446527145
vn 0.5093446756818736 0.7706407589293345 0.3829893236519091
vn -0.8406498394197421 0.350383314477458 0.41296413938664533
vn -0.509344675681874 -0.7706407589293341 -0.38298932365190913
vn 0.8406498394197423 -0.3503833144774579 -0.41296413938664517
vn -0.18405392915688906 0.5323009990715881 -0.8263049059211134
vn 0.18405392915688848 -0.5323009990715879 0.8263049059211136
usemtl m_2fb139f6-90e7-d590-5648-0a3ab402af67
f 41/121/31 42/122/31 43/123/31 44/124/31
f 45/125/32 41/126/32 44/127/32 46/128/32
f 47/129/33 45/130/33 46/131/33 48/132/33
f 42/133/34 47/134/34 48/135/34 43/136/34
f 48/137/35 46/138/35 44/139/35 43/140/35
f 42/141/36 41/142/36 45/143/36 47/144/36
o cube
v -1.7951216321080479 -0.21990232365744594 -0.7441839101172083
v -1.8725756898907457 -0.1538631103324581 -0.674872461383178
v -1.8568832797314996 -0.057873162446281434 -0.748794733906246
v -1.7794292219488017 -0.12391237577126929 -0.8181061826402762
v -1.452113788659563 -0.0819876594145652 -0.4922836293887577
v -1.4364213785003166 0.014002288471611446 -0.5662059019118255
v -1.5295678464422606 -0.015948446089577295 -0.4229721806547274
v -1.5138754362830145 0.08004150179659941 -0.4968944531777953
vt 0.25 0.9176095525336397
vt 0.29104738713306116 0.9176095525336397
vt 0.2910490118008588 0.958330438115047
vt 0.25000107852987546 0.9583333333333334
vt 0.36575434307300786 0.23746797709661804
vt 0.21663464376328478 0.23746797709661804
vt 0.21663552788710191 0.19674641787422276
vt 0.36575328780591815 0.1967456569269922
vt 0.25 0.9583317086655356
vt 0.25 0.9172843215324745
vt 0.29072378079969363 0.91728540006235
vt 0.29072088558140735 0.9583333333333334
vt 0.25 0.9176110131637075
vt 0.3991196993097231 0.9176110131637074
vt 0.39911864404263336 0.9583333333333334
vt 0.2500008841238172 0.9583325723861028
vt 0.3782871487515031 0.27144599309603035
vt 0.37828714875150315 0.3124938714859362
vt 0.22916847286537675 0.3125
vt 0.22916666666666666 0.2714510833789072
vt 0.5833333333333334 0.875
vt 0.5833333333333334 0.8339510833391698
vt 0.732452009344767 0.8339506504630148
vt 0.732453815497792 0.8749985288131842
vn -0.7667424121582813 -0.30828747608352475 -0.5630851671707845
vn 0.6289726545924383 -0.536277381731867 -0.5628498641891589
vn 0.7667424121582821 0.3082874760835224 0.5630851671707848
vn -0.6289726545924382 0.5362773817318668 0.5628498641891594
vn 0.12845027509756995 0.7857260349083917 -0.6050910054648767
vn -0.12845027509756926 -0.7857260349083922 0.6050910054648762
usemtl m_2fb139f6-90e7-d590-5648-0a3ab402af67
f 49/145/37 50/146/37 51/147/37 52/148/37
f 53/149/38 49/150/38 52/151/38 54/152/38
f 55/153/39 53/154/39 54/155/39 56/156/39
f 50/157/40 55/158/40 56/159/40 51/160/40
f 56/161/41 54/162/41 52/163/41 51/164/41
f 50/165/42 49/166/42 53/167/42 55/168/42
o cube
v -0.12548395990839378 0.9963719379325839 -0.05003714041981111
v -0.259093884515769 1.000496256791525 0.1400405244052847
v -0.23178562019911209 1.2308238885147038 0.15423846051597356
v -0.09817569559173689 1.2266995696557628 -0.03583920430912224
v 0.598983302376203 0.8789290355907433 0.46175570152639267
v 0.6262915666928599 1.1092566673139221 0.47595363763708154
v 0.4653733777688278 0.8830533544496844 0.6518333663514884
v 0.4926816420854847 1.1133809861728632 0.6660313024621773
vt 0.25000208300006865 0.8808750719753248
vt 0.32746030709560753 0.8808750719753248
vt 0.3274582240955389 0.9583333333333334
vt 0.25 0.9583333333333334
vt 0.2500001040356968 0.8808754503723223
vt 0.5482500973197263 0.8808754503723223
vt 0.5482520585868841 0.958333059833979
vt 0.25 0.9583333333333334
vt 0.25 0.9583333333333334
vt 0.25 0.8808751092377944
vt 0.32745826135800854 0.8808730262377258
vt 0.32745826135800854 0.9583312503332646
vt 0.39618705135644045 0.3271036207033807
vt 0.09793705807241097 0.32710362070338095
vt 0.09793695403671432 0.2496457377423701
vt 0.3961890126235983 0.24964601124172392
vt 0.25 0.8541659434820726
vt 0.25 0.7767090597543783
vt 0.5482503886716978 0.7767077183943284
vt 0.5482501095065307 0.8541666666666666
vt 0.3961890126235983 0.1663113390972063
vt 0.3961890126235983 0.2437702873700477
vt 0.09793862395867177 0.24376787110359288
vt 0.09793890311639819 0.1663109873764017
vn -0.8096867977475309 0.13125778412052677 -0.5719953528317498
vn 0.5749754689935451 -0.01774854807505593 -0.8179781165146659
vn 0.8096867977475308 -0.13125778412052674 0.5719953528317501
vn -0.5749754689935449 0.01774854807505566 0.817978116514666
vn 0.11751808205124015 0.9911893780448803 0.06109924092819373
vn -0.11751808205124015 -0.9911893780448803 -0.06109924092819373
usemtl m_2fb139f6-90e7-d590-5648-0a3ab402af67
f 57/169/43 58/170/43 59/171/43 60/172/43
f 61/173/44 57/174/44 60/175/44 62/176/44
f 63/177/45 61/178/45 62/179/45 64/180/45
f 58/181/46 63/182/46 64/183/46 59/184/46
f 64/185/47 62/186/47 60/187/47 59/188/47
f 58/189/48 57/190/48 61/191/48 63/192/48
o cube
v -0.5565240293925382 0.7208178898030717 -0.17231161959017194
v -0.6353568061152828 0.7356379246055655 0.009993607086549172
v -0.7216704074412907 0.9191585425200615 -0.04224912330332692
v -0.6428376307185464 0.9043385077175676 -0.22455434998004797
v -0.017147414724048682 1.0336543745760876 0.035495415525637286
v -0.10346101605005675 1.2171749924905835 -0.01674731486423875
v -0.0959801914467932 1.0484744093785812 0.2178006422023584
v -0.18229379277280133 1.231995027293077 0.16555791181248236
vt 0.25000054934930693 0.8885246983013088
vt 0.3163906470581123 0.8885246983013088
vt 0.31639027396082625 0.9583333333333334
vt 0.25 0.9583312574689343
vt 0.7920223459569317 0.2437702873700477
vt 0.5729395067818676 0.2437702873700477
vt 0.5729387011227981 0.17396102152774562
vt 0.792021540297862 0.17396102152774562
vt 0.25 0.9583333333333334
vt 0.25 0.891943235624528
vt 0.3198065591676256 0.8919426862752211
vt 0.31980863503202456 0.9583329602360473
vt 0.5833341389924028 0.2635240674910313
vt 0.8024169781674669 0.2635240674910313
vt 0.8024161725083973 0.33333333333333337
vt 0.5833333333333334 0.33333333333333315
vt 0.9065830497172835 0.7877758153133776
vt 0.9065830497172835 0.8541662361065182
vt 0.6875 0.8541666666666666
vt 0.6875 0.7877762458735261
vt 0.6875 0.9374995694398512
vt 0.6875 0.8711091486467106
vt 0.9065830497172834 0.8711095792068594
vt 0.9065830497172834 0.9375
vn -0.8206566978600065 -0.47597791521189065 -0.3161765463914936
vn 0.39580275439363244 -0.07440827075857832 -0.9153161141688329
vn 0.8206566978600064 0.47597791521189103 0.31617654639149384
vn -0.39580275439363255 0.07440827075857846 0.9153161141688329
vn -0.41214410571052035 0.8763038476882662 -0.24945701564561307
vn 0.41214410571052 -0.876303847688266 0.24945701564561396
usemtl m_2fb139f6-90e7-d590-5648-0a3ab402af67
f 65/193/49 66/194/49 67/195/49 68/196/49
f 69/197/50 65/198/50 68/199/50 70/200/50
f 71/201/51 69/202/51 70/203/51 72/204/51
f 66/205/52 71/206/52 72/207/52 67/208/52
f 72/209/53 70/210/53 68/211/53 67/212/53
f 66/213/54 65/214/54 69/215/54 71/216/54
o cube
v -0.9059795057044019 0.4668838050904641 0.4008476469524812
v -0.7788796861645458 0.43471848043073347 0.4426458429949143
v -0.77437021755563 0.553357379078919 0.5202306756653425
v -0.901470037095486 0.5855227037386497 0.47843247962290936
v -0.662822971635728 0.7823925666854528 -0.0957457904604867
v -0.6583135030268121 0.9010314653336384 -0.01816095779005855
v -0.535723152095872 0.7502272420257221 -0.05394759441805369
v -0.5312136834869561 0.8688661406739075 0.023637238252374515
vt 0.25 0.9583333333333334
vt 0.25 0.9124641404485356
vt 0.2972754411347773 0.9124633777876583
vt 0.2972754411347773 0.958332570672456
vt 0.7295223459569317 0.20210362070338095
vt 0.5173181623140177 0.20210362070338095
vt 0.517318056284063 0.15482787916677498
vt 0.7295222399269768 0.15482787916677498
vt 0.25000076266087734 0.911057892198556
vt 0.295869955545675 0.911057892198556
vt 0.2958691928847977 0.9583333333333334
vt 0.25 0.9583333333333334
vt 0.5833334393632881 0.827724258463394
vt 0.7955376230062021 0.8277242584633938
vt 0.7955375169762472 0.8749999999999999
vt 0.5833333333333334 0.875
vt 0.7955380134948616 0.7457950502438944
vt 0.7955380134948616 0.7916651614351097
vt 0.5833333333333334 0.7916666666666666
vt 0.5833333333333334 0.7457965554754515
vt 0.5173176657954034 0.24376878213849063
vt 0.5173176657954034 0.19789867094727542
vt 0.7295223459569317 0.1979001761788325
vt 0.7295223459569317 0.2437702873700477
vn -0.38195354377259966 -0.49560539281447047 0.7800556294347009
vn -0.9236344160396189 0.23374542124742298 -0.30374749966545767
vn 0.3819535437725994 0.4956053928144697 -0.7800556294347015
vn 0.9236344160396188 -0.2337454212474233 0.3037474996654572
vn 0.031795532810526626 0.8365036596806252 0.5470380895643517
vn -0.031795532810525426 -0.8365036596806256 -0.5470380895643511
usemtl m_2fb139f6-90e7-d590-5648-0a3ab402af67
f 73/217/55 74/218/55 75/219/55 76/220/55
f 77/221/56 73/222/56 76/223/56 78/224/56
f 79/225/57 77/226/57 78/227/57 80/228/57
f 74/229/58 79/230/58 80/231/58 75/232/58
f 80/233/59 78/234/59 76/235/59 75/236/59
f 74/237/60 73/238/60 77/239/60 79/240/60
o cube
v 0.23382464498414357 0.8876505113909336 -0.7706572280315973
v 0.10964388412564263 0.8363976225013756 -0.819660085224603
v 0.09242498217204553 0.9511607937068542 -0.8960574206272505
v 0.21660574303054647 1.0024136825964123 -0.8470545634342448
v 0.041291413300784896 1.0620995721188518 -0.4652075923979797
v 0.024072511347187686 1.1768627433243304 -0.5416049278006273
v -0.0828893475577161 1.0108466832292937 -0.5142104495909854
v -0.10010824951131325 1.1256098544347724 -0.590607784993633
vt 0.25000000000000006 0.9583333333333334
vt 0.25 0.9106656127647831
vt 0.2963119682923996 0.910665570061036
vt 0.2963127975099342 0.9583313794320407
vt 0.25 0.9583332018260141
vt 0.25000000000000006 0.8246666873180998
vt 0.29631091637894963 0.8246658480091644
vt 0.29631275968944365 0.9583333333333334
vt 0.25000004270374704 0.9120205358233991
vt 0.29766776327229727 0.9120205358233993
vt 0.2976658093710047 0.9583333333333334
vt 0.25 0.9583325041157988
vt 0.2500008393089354 0.9120205736438898
vt 0.3836673538168496 0.9120205736438897
vt 0.383667485324169 0.9583333333333334
vt 0.25 0.9583314900228391
vt 0.3836670071139585 0.9106657888156301
vt 0.3836670071139585 0.9583333333333334
vt 0.25 0.9583317209650088
vt 0.25000000000000006 0.9106641764473055
vt 0.25 0.8246663262193747
vt 0.2976675445177033 0.8246663262193747
vt 0.29766915688602774 0.9583333333333334
vt 0.25000161236832447 0.9583333333333334
vn 0.4801327473400461 -0.435035064159396 -0.7617197896100179
vn 0.8683969290804329 0.3584118104164919 0.3426773230280146
vn -0.4801327473400459 0.43503506415939625 0.7617197896100177
vn -0.8683969290804329 -0.3584118104164923 -0.3426773230280143
vn -0.12393271761473384 0.8260057306737056 -0.549868360972719
vn 0.1239327176147339 -0.8260057306737058 0.5498683609727187
usemtl m_2fb139f6-90e7-d590-5648-0a3ab402af67
f 81/241/61 82/242/61 83/243/61 84/244/61
f 85/245/62 81/246/62 84/247/62 86/248/62
f 87/249/63 85/250/63 86/251/63 88/252/63
f 82/253/64 87/254/64 88/255/64 83/256/64
f 88/257/65 86/258/65 84/259/65 83/260/65
f 82/261/66 81/262/66 85/263/66 87/264/66