# Made in Blockbench 4.12.2
mtllib ash_twig_branch_up_3.mtl

o cube
v -0.09265685015283581 0.4892250622816976 -0.37987565821768376
v -0.25927346842862015 0.42355365069321793 -0.2822814021846979
v -0.25397298690459613 0.5786145509727079 -0.16889136305616104
v -0.08735636862881185 0.6442859625611872 -0.2664856190891469
v 0.3435879078700743 0.11421764419864477 0.11255455001513104
v 0.3488883893940984 0.2692785444781345 0.22594458914366788
v 0.1769712895942901 0.04854623261016511 0.21014880604811692
v 0.18227177111831405 0.20360713288965493 0.32353884517665377
vt 0.25 0.9583316824063243
vt 0.25 0.8903458885343485
vt 0.3140571775447274 0.8903483116176675
vt 0.31405524258932455 0.9583333333333334
vt 0.5208350172056523 0.7901097705585594
vt 0.7732500711580771 0.7901097705585594
vt 0.7732501628762266 0.8541655769161145
vt 0.5208333333333334 0.8541666666666666
vt 0.25 0.894276155788606
vt 0.31798579387197573 0.894276155788606
vt 0.31798744479898483 0.9583313983779305
vt 0.25000242308331894 0.9583333333333334
vt 0.8982500711580771 0.3124999999999999
vt 0.6458350172056523 0.3125
vt 0.6458333333333334 0.24844310389189272
vt 0.8982501628762267 0.24844419364244485
vt 0.6458333333333334 0.2291637223265658
vt 0.6458333333333334 0.1611778225106133
vt 0.8982495809859051 0.16118076685071425
vt 0.8982495809859051 0.22916666666666663
vt 0.7732495809859051 0.7028444891772803
vt 0.7732495809859051 0.7708303889932326
vt 0.5208333333333334 0.7708333333333334
vt 0.5208333333333334 0.7028474335173809
vn -0.5760907996340848 0.49522273764681835 -0.6502874984916682
vn 0.8169201976251232 0.32198650463774736 -0.4785040036857534
vn 0.576090799634085 -0.49522273764681873 0.6502874984916676
vn -0.8169201976251231 -0.32198650463774714 0.47850400368575396
vn 0.027582264031265957 0.8068947458923975 0.5900509196350372
vn -0.027582264031265683 -0.8068947458923973 -0.5900509196350374
usemtl m_4eea4eb2-ab99-c464-0c9c-836f27a0057a
f 1/1/1 2/2/1 3/3/1 4/4/1
f 5/5/2 1/6/2 4/7/2 6/8/2
f 7/9/3 5/10/3 6/11/3 8/12/3
f 2/13/4 7/14/4 8/15/4 3/16/4
f 8/17/5 6/18/5 4/19/5 3/20/5
f 2/21/6 1/22/6 5/23/6 7/24/6
o cube
v -0.5415118803545076 0.3555846259768177 -0.6134609996254354
v -0.6230402565501054 0.32522442113543915 -0.4874646817052094
v -0.6566774002850697 0.4566506737038828 -0.47756164436618864
v -0.5751490240894719 0.48701087854526137 -0.6035579622864147
v -0.10767594851501094 0.44386487780271344 -0.31146689205832234
v -0.14131309224997524 0.575291130371157 -0.3015638547193016
v -0.18920432471060888 0.41350467296133486 -0.18547057413809626
v -0.22284146844557318 0.5449309255297785 -0.17556753679907555
vt 0.4791666666666667 0.9583325041892822
vt 0.4791666666666667 0.9072946799716683
vt 0.5245088755501185 0.9072955091157194
vt 0.5245088755501185 0.9583333333333334
vt 0.6786395224115264 0.3125
vt 0.5000006358847852 0.3125
vt 0.5 0.26715912861830715
vt 0.6786388865267411 0.26715912861830715
vt 0.4791666666666667 0.9129911244498815
vt 0.5302044908842806 0.9129911244498815
vt 0.5302053200283318 0.9583333333333334
vt 0.47916749581071777 0.9583333333333334
vt 0.37500063588478527 0.8088257952849739
vt 0.5536395224115264 0.8088257952849739
vt 0.5536388865267411 0.8541666666666666
vt 0.375 0.8541666666666666
vt 0.5536399278905434 0.7197945813325626
vt 0.5536399278905434 0.7708330744737013
vt 0.375 0.7708333333333334
vt 0.3750013312902562 0.7197964426727816
vt 0.5 0.2499934788966206
vt 0.5 0.19895658821870565
vt 0.6786399278230161 0.19896150687622516
vt 0.6786385964909597 0.25
vn -0.8095201459021636 -0.16472734758359747 -0.563508681686993
vn 0.5324708100721941 0.19828584377864056 -0.8228958382310935
vn 0.8095201459021631 0.16472734758359753 0.5635086816869933
vn -0.5324708100721942 -0.19828584377864003 0.8228958382310935
vn -0.24728924319428394 0.9662026832477052 0.0728038809771363
vn 0.24728924319428455 -0.9662026832477051 -0.07280388097713694
usemtl m_4eea4eb2-ab99-c464-0c9c-836f27a0057a
f 9/25/7 10/26/7 11/27/7 12/28/7
f 13/29/8 9/30/8 12/31/8 14/32/8
f 15/33/9 13/34/9 14/35/9 16/36/9
f 10/37/10 15/38/10 16/39/10 11/40/10
f 16/41/11 14/42/11 12/43/11 11/44/11
f 10/45/12 9/46/12 13/47/12 15/48/12
o cube
v 1.0483208186124546 -0.17804576635579372 0.36997113908739165
v 0.9113381095808402 -0.19788290934906394 0.24139759569255048
v 0.9049280255742618 -0.024445465052019943 0.22146789131551992
v 1.0419107346058762 -0.004608322058749614 0.3500414347103611
v 0.5554527671439906 -0.13665585614857 0.8886886104820557
v 0.5490426831374122 0.0367815881484741 0.8687589061050252
v 0.41847005811237614 -0.15649299914184023 0.7601150670872145
v 0.41205997410579775 0.01694444515520377 0.740185362710184
vt 0.14583333333333334 0.9583333333333334
vt 0.14583333333333334 0.8953611750646676
vt 0.20406468823747126 0.8953604874812608
vt 0.20406468823747126 0.9583326457499266
vt 0.40557799671113487 0.3124999999999999
vt 0.16666862245825462 0.3125
vt 0.16666666666666666 0.25426829570531373
vt 0.40557824171192774 0.2542663368616619
vt 0.14583402091674014 0.9001019784291954
vt 0.2088061791854058 0.9001019784291953
vt 0.20880549160199915 0.9583333333333333
vt 0.14583333333333334 0.9583333333333334
vt 0.04166862245825468 0.7959330035283286
vt 0.28057799671113487 0.7959330035283287
vt 0.28057824171192774 0.8541666666666666
vt 0.041666666666666664 0.8541647078230148
vt 0.28057806953047576 0.7286935769003051
vt 0.28057806953047565 0.7916666666666666
vt 0.041666666666666664 0.791665330392619
vt 0.04166767059527084 0.7286940661139005
vt 0.16666666666666666 0.22916236858904326
vt 0.16666666666666666 0.1661911043023223
vt 0.40557806952141756 0.16619357690830794
vt 0.40557706556371037 0.22916666666666663
vn 0.687663455747961 -0.05774837423808631 -0.7237292980815618
vn 0.7251017974600144 0.10500557437195948 0.6805888719859231
vn -0.687663455747961 0.057748374238086236 0.7237292980815618
vn -0.7251017974600144 -0.10500557437195936 -0.6805888719859232
vn -0.03669270975314917 0.9927935105668616 -0.11408194610585096
vn 0.03669270975314874 -0.9927935105668616 0.11408194610585053
usemtl m_4eea4eb2-ab99-c464-0c9c-836f27a0057a
f 17/49/13 18/50/13 19/51/13 20/52/13
f 21/53/14 17/54/14 20/55/14 22/56/14
f 23/57/15 21/58/15 22/59/15 24/60/15
f 18/61/16 23/62/16 24/63/16 19/64/16
f 24/65/17 22/66/17 20/67/17 19/68/17
f 18/69/18 17/70/18 21/71/18 23/72/18
o cube
v 0.07706692786868641 0.9438954418641174 -0.8081555474294728
v -0.06461590854948152 0.9811435915832798 -0.810406949915633
v -0.038231266683831755 1.0883162887522684 -0.6977066335066877
v 0.10345156973433611 1.0510681390331058 -0.6954552310205273
v -0.061499632276740546 0.44732523612329045 -0.3035003773355423
v -0.035114990411090785 0.554497933292279 -0.1908000609265969
v -0.2031824686949084 0.484573385842453 -0.3057517798217026
v -0.17679782682925865 0.5917460830114414 -0.19305146341275725
vt 0.7083346352762027 0.9057508771729987
vt 0.757173237141101 0.9057508771729987
vt 0.7571726652638066 0.9583333333333334
vt 0.7083333333333334 0.958331382107556
vt 0.6041671777728889 0.8015847914830158
vt 0.844641624685769 0.8015847914830158
vt 0.8446440597952151 0.8541666474627321
vt 0.6041666666666666 0.8541666666666666
vt 0.7083333333333334 0.9583333333333334
vt 0.7083333333333334 0.909494731468435
vt 0.7609138382678906 0.9094934295255657
vt 0.7609157894936679 0.9583327614560389
vt 0.969641624685769 0.3125
vt 0.7291671777728889 0.3124999999999999
vt 0.7291666666666666 0.2599181248163488
vt 0.9696440597952151 0.2599181440202837
vt 0.6041666666666666 0.7708333333333334
vt 0.6041666666666666 0.7219958502189832
vt 0.8446430988861184 0.7219954918876588
vt 0.8446430988861184 0.770832975002009
vt 0.9696430988861184 0.18032918355231642
vt 0.9696430988861184 0.22916666666666663
vt 0.7291666666666666 0.22916630833534235
vt 0.7291666666666666 0.18032882522099214
vn 0.192072400957362 0.6883149264904381 -0.6995218043498981
vn 0.9670221545295367 -0.25422829542565867 0.015366406672252959
vn -0.1920724009573637 -0.6883149264904381 0.6995218043498977
vn -0.9670221545295365 0.25422829542565895 -0.015366406672252671
vn 0.16726130885392076 0.6794045450064544 0.714446022303327
vn -0.16726130885392146 -0.6794045450064541 -0.7144460223033271
usemtl m_4eea4eb2-ab99-c464-0c9c-836f27a0057a
f 25/73/19 26/74/19 27/75/19 28/76/19
f 29/77/20 25/78/20 28/79/20 30/80/20
f 31/81/21 29/82/21 30/83/21 32/84/21
f 26/85/22 31/86/22 32/87/22 27/88/22
f 32/89/23 30/90/23 28/91/23 27/92/23
f 26/93/24 25/94/24 29/95/24 31/96/24
o cube
v 1.073938112943825 0.12890008042707124 -0.26671194711456925
v 0.9041959626014386 0.12302356280374149 -0.28309447223643014
v 0.8916445923553908 0.27562229852299147 -0.20778572670554385
v 1.0613867426977772 0.28149881614632133 -0.19140320158368296
v 1.0249410347453831 -0.1804263048450725 0.35191255020340295
v 1.0123896644993353 -0.027827569125822404 0.42722129573428924
v 0.8551988844029967 -0.1863028224684023 0.33553002508154206
v 0.8426475141569489 -0.03370408674915221 0.41083877061242835
vt 0.3541666666666667 0.958331251544296
vt 0.3541666666666667 0.9014536736875761
vt 0.41104416432250385 0.9014557554766135
vt 0.41104416432250385 0.9583333333333334
vt 0.25000078804869813 0.7972894586487471
vt 0.48112832796811444 0.797289458648747
vt 0.4811275399194163 0.8541666666666666
vt 0.25 0.8541666666666666
vt 0.3541666666666667 0.9014558356774962
vt 0.41104424452338645 0.9014558356774962
vt 0.4110463263124238 0.9583333333333333
vt 0.35416874845570406 0.9583333333333334
vt 0.6061283279681144 0.3124999999999999
vt 0.37500078804869813 0.3125
vt 0.375 0.25562279198208027
vt 0.6061275399194163 0.25562279198208016
vt 0.375 0.25
vt 0.375 0.19312283261150487
vt 0.606127304701685 0.19311712129068992
vt 0.6061273047016851 0.24999428867918505
vt 0.481127304701685 0.7347894992781716
vt 0.481127304701685 0.7916666666666666
vt 0.25 0.7916609553458517
vt 0.25000000000000006 0.7347837879573567
vn 0.07066381475353724 0.4461119558746897 -0.8921831359704894
vn 0.994784315573216 0.03443969308793622 0.09601079642174107
vn -0.0706638147535371 -0.44611195587468944 0.8921831359704895
vn -0.994784315573216 -0.03443969308793624 -0.09601079642174105
vn -0.07355807755784544 0.8943142794150546 0.44135153660129706
vn 0.07355807755784514 -0.8943142794150546 -0.44135153660129706
usemtl m_4eea4eb2-ab99-c464-0c9c-836f27a0057a
f 33/97/25 34/98/25 35/99/25 36/100/25
f 37/101/26 33/102/26 36/103/26 38/104/26
f 39/105/27 37/106/27 38/107/27 40/108/27
f 34/109/28 39/110/28 40/111/28 35/112/28
f 40/113/29 38/114/29 36/115/29 35/116/29
f 34/117/30 33/118/30 37/119/30 39/120/30
o cube
v 0.9639402605480076 0.10036084786675337 -0.27691546085766805
v 1.0883316432023322 0.15123542302257098 -0.22195452312223352
v 1.0163662735327534 0.2256648455867426 -0.12797311019133195
v 0.8919748908784288 0.174790270430925 -0.1829340479267666
v 0.9434307867677019 0.5650407066623466 -0.6606277748680882
v 0.8714654170981229 0.6394701292265181 -0.5666463619371866
v 1.0678221694220262 0.6159152818181641 -0.6056668371326535
v 0.9958567997524475 0.6903447043823356 -0.511685424201752
vt 0.625 0.9117255780655245
vt 0.6733990014567851 0.9117255780655245
vt 0.6733996786078938 0.9583333333333333
vt 0.6250006771511089 0.9583333333333334
vt 0.8468255774851944 0.3125
vt 0.6458333333333334 0.3125
vt 0.6458337387654712 0.2658907678135626
vt 0.8468259829173325 0.2658907678135626
vt 0.625 0.9583326561822245
vt 0.625 0.9099336547254394
vt 0.6716077552678089 0.9099343318765483
vt 0.6716077552678089 0.9583333333333334
vt 0.5208333333333334 0.8541666666666666
vt 0.7218255774851946 0.8541666666666666
vt 0.7218259829173327 0.8075574344802292
vt 0.5208337387654713 0.8075574344802292
vt 0.8468260451871984 0.1599284746323183
vt 0.8468260451871985 0.2083275570673765
vt 0.6458333333333334 0.20833333333333337
vt 0.6458333333333334 0.15993425089827518
vt 0.5208333333333334 0.7708275570673763
vt 0.5208333333333334 0.7224284746323182
vt 0.7218260451871985 0.7224342508982751
vt 0.7218260451871984 0.7708333333333334
vn 0.03401360343067733 -0.7706407589293338 0.6363614503240128
vn -0.8567081850485402 -0.3503833144774578 -0.3785269060537535
vn -0.03401360343067635 0.7706407589293347 -0.6363614503240118
vn 0.8567081850485402 0.3503833144774582 0.37852690605375366
vn -0.514678696326647 0.5323009990715881 0.6721320450141418
vn 0.5146786963266469 -0.5323009990715883 -0.6721320450141418
usemtl m_4eea4eb2-ab99-c464-0c9c-836f27a0057a
f 41/121/31 42/122/31 43/123/31 44/124/31
f 45/125/32 41/126/32 44/127/32 46/128/32
f 47/129/33 45/130/33 46/131/33 48/132/33
f 42/133/34 47/134/34 48/135/34 43/136/34
f 48/137/35 46/138/35 44/139/35 43/140/35
f 42/141/36 41/142/36 45/143/36 47/144/36
o cube
v 0.543764329010842 -0.22669956965576227 0.6321344741879009
v 0.31227358604177247 -0.23082388851470342 0.6519629017245983
v 0.3055964221583318 -0.0004962567915245408 0.6219173001785268
v 0.5370871651274016 0.0036280620674166153 0.6020888726418296
v 0.6173868462299508 -0.10925666731392175 1.5160826922119162
v 0.6107096823465099 0.12107096440925713 1.4860370906658447
v 0.385896103260881 -0.11338098617286291 1.5359111197486133
v 0.37921893937744033 0.11694664555031598 1.5058655182025418
vt 0.6458333333333334 0.9583333333333334
vt 0.6458333333333334 0.8808751092377944
vt 0.7232915574288722 0.8808751092377944
vt 0.7232915574288722 0.9583333333333333
vt 0.9649166599506961 0.31249999999999967
vt 0.6666666666666666 0.3125
vt 0.6666668361303242 0.23504005173613451
vt 0.9649168294143537 0.23504005173613418
vt 0.6458333333333334 0.8808751092377944
vt 0.7232915574288722 0.8808751092377944
vt 0.7232915574288722 0.9583333333333334
vt 0.6458333333333334 0.9583333333333333
vt 0.5416666666666666 0.7767067184028011
vt 0.8399166599506961 0.776706718402801
vt 0.8399168294143537 0.8541666666666666
vt 0.5416668361303242 0.8541666666666666
vt 0.8399170553315932 0.6933740333396874
vt 0.8399170553315932 0.7708329816125288
vt 0.5416669458243931 0.7708333333333334
vt 0.5416666666666666 0.6933764496061421
vt 0.6666666666666666 0.22916532530661649
vt 0.6666666666666666 0.15170844157892216
vt 0.9649167761731974 0.15170771839432817
vt 0.9649170553383645 0.22916666666666663
vn -0.0822827797922434 -0.13125778412052813 -0.9879275976798251
vn 0.9961946980917457 0.01774854807505513 -0.08532943533812667
vn 0.08228277979224238 0.13125778412052821 0.9879275976798252
vn -0.9961946980917455 -0.017748548075055964 0.08532943533812658
vn -0.02873443306483328 0.9911893780448803 -0.12929790875124816
vn 0.028734433064833403 -0.9911893780448803 0.1292979087512481
usemtl m_4eea4eb2-ab99-c464-0c9c-836f27a0057a
f 49/145/37 50/146/37 51/147/37 52/148/37
f 53/149/38 49/150/38 52/151/38 54/152/38
f 55/153/39 53/154/39 54/155/39 56/156/39
f 50/157/40 55/158/40 56/159/40 51/160/40
f 56/161/41 54/162/41 52/163/41 51/164/41
f 50/165/42 49/166/42 53/167/42 55/168/42
o cube
v 0.33822657431703607 0.09566149228243204 0.09359546800811824
v 0.1478999363552227 0.0808414574799382 0.150389598352913
v 0.16336099652647695 0.26436207539443424 0.25009063280509514
v 0.3536876344882902 0.27918211019692796 0.1932965024603004
v 0.5257417546891161 -0.21717499249058336 0.6403577138013783
v 0.5412028148603703 -0.03365437457608744 0.7400587482535603
v 0.33541511672730273 -0.2319950272930772 0.6971518441461728
v 0.350876176898557 -0.04847440937858116 0.7968528785983549
vt 0.375 0.12110914864671063
vt 0.375 0.18749924635551596
vt 0.4448086350320246 0.18749961945280214
vt 0.44480863503202456 0.1211095217439967
vt 0.2708333333333333 0.2950850811513034
vt 0.48991800321720486 0.2950850811513034
vt 0.48991688070836265 0.22527581531337726
vt 0.2708340415355553 0.22527680968492592
vt 0.375000373097286 0.19091778367873513
vt 0.4413904708060914 0.19091778367873513
vt 0.4413900977088054 0.12110914864671063
vt 0.375 0.12110914864671063
vt 0.614918003217205 0.766942481980044
vt 0.3958333333333333 0.766942481980044
vt 0.3958340415355553 0.8367507534464215
vt 0.6149168807083627 0.8367517478179702
vt 0.3958333333333334 0.891942481980044
vt 0.3958333333333333 0.9583329027731846
vt 0.6149163830506169 0.9583333333333334
vt 0.6149163830506169 0.8919429125401926
vt 0.48991638305061697 0.37499956943985124
vt 0.48991638305061697 0.30860914864671063
vt 0.2708333333333333 0.3086095792068594
vt 0.2708333333333334 0.3749999999999999
vn -0.2853026707829291 0.4759779152118911 -0.8318938695979613
vn 0.9555899293603219 0.07440827075857859 -0.28515135655972795
vn 0.2853026707829282 -0.47597791521189087 0.8318938695979615
vn -0.9555899293603219 -0.0744082707585781 0.28515135655972834
vn 0.07382596392369514 0.8763038476882663 0.4760685807501661
vn -0.07382596392369509 -0.8763038476882662 -0.47606858075016595
usemtl m_4eea4eb2-ab99-c464-0c9c-836f27a0057a
f 57/169/43 58/170/43 59/171/43 60/172/43
f 61/173/44 57/174/44 60/175/44 62/176/44
f 63/177/45 61/178/45 62/179/45 64/180/45
f 58/181/46 63/182/46 64/183/46 59/184/46
f 64/185/47 62/186/47 60/187/47 59/188/47
f 58/189/48 57/190/48 61/191/48 63/192/48
o cube
v -0.3665382863686475 0.41447729626135 0.34734277413417747
v -0.3168593729857363 0.44664262092108065 0.4715742471374339
v -0.26032457359632066 0.5652815195692662 0.41824922462799974
v -0.31000348697923175 0.5331161949095355 0.2940177516247433
v 0.17017236416457515 0.09896853466636135 0.2144073772448517
v 0.2267071635539909 0.2176074333145469 0.16108235473541754
v 0.21985127754748635 0.131133859326092 0.33863885024810814
v 0.276386076936902 0.24977275797427756 0.285313827738674
vt 0.7708333333333334 0.9110578922104245
vt 0.8167030869029213 0.9110578922104244
vt 0.8167043922103904 0.9583333333333333
vt 0.7708346386408026 0.9583333333333334
vt 0.6666666666666666 0.8068891327570896
vt 0.8788715807573544 0.8068891327570896
vt 0.8788719007482749 0.8541666666666666
vt 0.6666677171245571 0.8541638123762888
vt 0.7708333333333334 0.9583320280258641
vt 0.7708333333333334 0.9124622744562763
vt 0.8181087744562422 0.9124635797637455
vt 0.8181087744562422 0.9583333333333334
vt 1.0038715807573542 0.3125
vt 0.7916666666666666 0.3125
vt 0.791667717124557 0.2652253203808007
vt 1.003871900748275 0.2652224660904229
vt 0.6666666666666666 0.7916630649579423
vt 0.6666666666666666 0.7457948380415746
vt 0.8788694625512915 0.7457965554840607
vt 0.8788685738339456 0.7916666666666666
vt 1.0038694625447384 0.2041298888087848
vt 1.0038694625447384 0.25
vt 0.7916666666666666 0.24999760608760413
vt 0.7916675553475055 0.20412937917984564
vn -0.8430722856650218 0.49560539281446997 0.20881670373026018
vn -0.361016674280322 -0.23374542124742326 -0.9027901411388146
vn 0.8430722856650215 -0.49560539281447047 -0.20881670373025993
vn 0.36101667428032214 0.2337454212474234 0.9027901411388144
vn 0.39861771415120517 0.8365036596806255 -0.37598609722407084
vn -0.3986177141512051 -0.8365036596806256 0.3759860972240711
usemtl m_4eea4eb2-ab99-c464-0c9c-836f27a0057a
f 65/193/49 66/194/49 67/195/49 68/196/49
f 69/197/50 65/198/50 68/199/50 70/200/50
f 71/201/51 69/202/51 70/203/51 72/204/51
f 66/205/52 71/206/52 72/207/52 67/208/52
f 72/209/53 70/210/53 68/211/53 67/212/53
f 66/213/54 65/214/54 69/215/54 71/216/54
o cube
v 1.3675289555471164 -0.002413682596412614 0.35183186440845404
v 1.3252454675554795 0.04883920629314553 0.22520545316760932
v 1.277789810129364 0.16360237749862405 0.2875031579356615
v 1.320073298121001 0.1123494886090659 0.41412956917650623
v 1.0097829837382961 -0.17686274332433083 0.40068209333023586
v 0.9623273263121808 -0.06209957211885231 0.46297979809828804
v 0.9674994957466592 -0.12560985443477268 0.27405568208939113
v 0.9200438383205438 -0.010846683229294163 0.3363533868574433
vt 0.25 0.9120213650764444
vt 0.297668549824398 0.9120213650764444
vt 0.2976676234696783 0.9583322514631957
vt 0.2500018141037385 0.9583333333333334
vt 0.25 0.9120205736501069
vt 0.3836674853368789 0.9120205736501069
vt 0.3836672846679084 0.9583314900362273
vt 0.250000770172704 0.9583333333333334
vt 0.25000000000000006 0.9583333333333334
vt 0.25 0.9106647835089353
vt 0.29631196825688894 0.9106665976126739
vt 0.2963108863867514 0.9583324069786135
vt 0.44616748533687883 0.33333333333333337
vt 0.3125 0.33333333333333337
vt 0.31250077017270383 0.287020573650107
vt 0.44616728466790817 0.287022416947213
vt 0.25 0.8958325150798204
vt 0.25 0.8481679031995749
vt 0.383665399206586 0.848167396731064
vt 0.38366700712117874 0.8958333333333334
vt 0.4461670070175258 0.2231633942387985
vt 0.4461670070175258 0.2708293308681876
vt 0.31250160786990505 0.27083333333333337
vt 0.3125 0.22316872148020683
vn 0.8921345930394502 0.4350350641593968 -0.1218210197550667
vn 0.2956887272142453 -0.358411810416492 0.8854993793066104
vn -0.8921345930394502 -0.4350350641593967 0.1218210197550667
vn -0.2956887272142452 0.35841181041649195 -0.8854993793066104
vn -0.34156118705256 0.8260057306737058 0.4483865390413093
vn 0.34156118705256 -0.8260057306737058 -0.4483865390413093
usemtl m_4eea4eb2-ab99-c464-0c9c-836f27a0057a
f 73/217/55 74/218/55 75/219/55 76/220/55
f 77/221/56 73/222/56 76/223/56 78/224/56
f 79/225/57 77/226/57 78/227/57 80/228/57
f 74/229/58 79/230/58 80/231/58 75/232/58
f 80/233/59 78/234/59 76/235/59 75/236/59
f 74/237/60 73/238/60 77/239/60 79/240/60
o cube
v 0.06232666531277331 1.1239123757712695 -1.1586119682903093
v -0.04055549349712012 1.0578731624462814 -1.1733926783961026
v -0.10727012640262568 1.1538631103324581 -1.1378974411400373
v -0.004387967592732245 1.219902323657446 -1.1231167310342438
v 0.08984104683461958 0.9859977115283887 -0.7339343365415639
v 0.023126413929114076 1.0819876594145652 -0.6984390992854985
v -0.0130411119752738 0.9199584982034006 -0.7487150466473573
v -0.07975574488077936 1.0159484460895771 -0.713219809391292
vt 0.4375 0.9583333333333334
vt 0.4375 0.9172853999602464
vt 0.47822088559470927 0.9172841524772913
vt 0.47822260635565267 0.9583332602691935
vt 0.3333333333333333 0.8134431680354134
vt 0.48245227170843724 0.8134431680354133
vt 0.4824533871433183 0.8541666666666666
vt 0.3333336878462068 0.8541647272658632
vt 0.437501247482955 0.9176107269776806
vt 0.4785491808560421 0.9176107269776808
vt 0.4785491077919022 0.9583333333333334
vt 0.4375 0.95833161257239
vt 0.6074522717084371 0.3125
vt 0.4583333333333333 0.3124999999999999
vt 0.45833368784620676 0.27177844076955004
vt 0.6074533871433183 0.27177650136874665
vt 0.4583333333333333 0.24999579507974623
vt 0.4583333333333333 0.20894868455880877
vt 0.607452009286109 0.20895288947906243
vt 0.6074520092861091 0.25
vt 0.48245200928610904 0.7506153512254754
vt 0.48245200928610893 0.7916624617464129
vt 0.3333333333333333 0.7916666666666666
vt 0.3333333333333333 0.7506195561457293
vn -0.06150425904261373 0.30828747608352236 -0.9493029327931475
vn 0.835463839976047 0.5362773817318677 0.12002808810978696
vn 0.06150425904261381 -0.3082874760835239 0.9493029327931468
vn -0.8354638399760469 -0.5362773817318679 -0.12002808810978696
vn -0.5460928476111891 0.7857260349083918 0.2905463815899957
vn 0.5460928476111887 -0.785726034908392 -0.29054638158999563
usemtl m_4eea4eb2-ab99-c464-0c9c-836f27a0057a
f 81/241/61 82/242/61 83/243/61 84/244/61
f 85/245/62 81/246/62 84/247/62 86/248/62
f 87/249/63 85/250/63 86/251/63 88/252/63
f 82/253/64 87/254/64 88/255/64 83/256/64
f 88/257/65 86/258/65 84/259/65 83/260/65
f 82/261/66 81/262/66 85/263/66 87/264/66