# Made in Blockbench 4.12.6
mtllib well_top.mtl

o cube
v 1.87793 0.7562815664617708 1.347271824131502
v 1.87793 0.6678932188134523 1.2588834764831835
v 1.87793 2.0158155204503085 -0.08903882515367256
v 1.87793 2.1042038680986273 -0.0006504775053541301
v -0.8720699999999997 0.7562815664617708 1.347271824131503
v -0.8720699999999999 2.1042038680986273 -0.0006504775053531864
v -0.8720699999999997 0.6678932188134523 1.2588834764831844
v -0.8720699999999999 2.0158155204503085 -0.08903882515367167
vt 0.09375 0.2969565733270052
vt 0.125 0.2969565733270052
vt 0.125 0.5716302800189843
vt 0.09375 0.5716302800189843
vt 0 0.2969565733270052
vt 0.6875 0.2969565733270052
vt 0.6875 0.5716302800189843
vt 0 0.5716302800189843
vt 0.09375 0.2969565733270052
vt 0.125 0.2969565733270052
vt 0.125 0.5716302800189843
vt 0.09375 0.5716302800189843
vt 0 0.0267857142857143
vt 0.6875 0.0267857142857143
vt 0.6875 0.3014594209776934
vt 0 0.3014594209776934
vt 0 0.1753796867584244
vt 0.03125 0.1753796867584244
vt 0.03125 0.5716302800189843
vt 0 0.5716302800189843
vt 0 0.1753796867584244
vt 0.03125 0.1753796867584244
vt 0.03125 0.5716302800189843
vt 0 0.5716302800189843
vn 1 0 0
vn 2.283770848994582e-16 0.7071067811865475 0.7071067811865477
vn -1 -8.236550602931279e-17 8.236550602931279e-17
vn -2.283770848994582e-16 -0.7071067811865475 -0.7071067811865476
vn -2.4223047810003374e-16 0.7071067811865467 -0.7071067811865485
vn 2.270910732187819e-16 -0.7071067811865476 0.7071067811865476
usemtl m_1e6dbd65-4e86-c665-d945-d720168a6d77
f 1/1/1 2/2/1 3/3/1 4/4/1
f 5/5/2 1/6/2 4/7/2 6/8/2
f 7/9/3 5/10/3 6/11/3 8/12/3
f 2/13/4 7/14/4 8/15/4 3/16/4
f 8/17/5 6/18/5 4/19/5 3/20/5
f 2/21/6 1/22/6 5/23/6 7/24/6
o cube
v -0.8720699999999997 0.7562815664617708 -1.347271824131503
v -0.8720699999999997 0.6678932188134523 -1.2588834764831844
v -0.8720699999999999 1.9716213466261494 0.04484465132951254
v -0.8720699999999999 2.060009694274468 -0.04354369631880595
v 1.87793 0.7562815664617708 -1.347271824131502
v 1.87793 2.060009694274468 -0.043543696318805
v 1.87793 0.6678932188134523 -1.2588834764831835
v 1.87793 1.9716213466261494 0.04484465132951343
vt 0.109375 0.3059622686283816
vt 0.140625 0.3059622686283816
vt 0.140625 0.5716302800189843
vt 0.109375 0.5716302800189843
vt 0 0.3059622686283816
vt 0.6875 0.3059622686283816
vt 0.6875 0.5716302800189843
vt 0 0.5716302800189843
vt 0.109375 0.3059622686283816
vt 0.140625 0.3059622686283816
vt 0.140625 0.5716302800189843
vt 0.109375 0.5716302800189843
vt 0 0.035791409587090706
vt 0.6875 0.035791409587090706
vt 0.6875 0.3014594209776934
vt 0 0.3014594209776934
vt 0 0.1753796867584244
vt 0.03125 0.1753796867584244
vt 0.03125 0.5716302800189843
vt 0 0.5716302800189843
vt 0 0.1753796867584244
vt 0.03125 0.1753796867584244
vt 0.03125 0.5716302800189843
vt 0 0.5716302800189843
vn -1 -8.515755708115389e-17 -8.515755708115389e-17
vn 2.2837708489945826e-16 0.7071067811865475 -0.7071067811865477
vn 1 0 0
vn -2.283770848994582e-16 -0.7071067811865475 0.7071067811865476
vn -2.422304781000338e-16 0.7071067811865464 0.7071067811865487
vn 2.2961430736565725e-16 -0.7071067811865476 -0.7071067811865476
usemtl m_1e6dbd65-4e86-c665-d945-d720168a6d77
f 9/25/7 10/26/7 11/27/7 12/28/7
f 13/29/8 9/30/8 12/31/8 14/32/8
f 15/33/9 13/34/9 14/35/9 16/36/9
f 10/37/10 15/38/10 16/39/10 11/40/10
f 16/41/11 14/42/11 12/43/11 11/44/11
f 10/45/12 9/46/12 13/47/12 15/48/12
o cube
v 1.09375 0.6249999999999996 -0.09375
v 1.0937499999999998 0.31249999999999967 -0.09375
v -0.09375000000000011 0.3124999999999999 -0.09375
v -0.09375000000000011 0.6249999999999999 -0.09375
v 1.09375 0.6249999999999996 0.21875
v -0.09375000000000011 0.6249999999999999 0.21875
v 1.0937499999999998 0.31249999999999967 0.21875
v -0.09375000000000011 0.3124999999999999 0.21875
vt 0.3125 0.7337327954437589
vt 0.390625 0.7337327954437589
vt 0.390625 0.9048410061699098
vt 0.3125 0.9048410061699098
vt 0.3125 0.7337327954437589
vt 0.390625 0.7337327954437589
vt 0.390625 0.9048410061699098
vt 0.3125 0.9048410061699098
vt 0.3125 0.7337327954437589
vt 0.390625 0.7337327954437589
vt 0.390625 0.9048410061699098
vt 0.3125 0.9048410061699098
vt 0.3125 0.7337327954437589
vt 0.390625 0.7337327954437589
vt 0.390625 0.9048410061699098
vt 0.3125 0.9048410061699098
vt 0.3125 0.8598125296630281
vt 0.390625 0.8598125296630281
vt 0.390625 0.9048410061699098
vt 0.3125 0.9048410061699098
vt 0.3125 0.8598125296630281
vt 0.390625 0.8598125296630281
vt 0.390625 0.9048410061699098
vt 0.3125 0.9048410061699098
vn 0 0 -1
vn 2.8047739569477637e-16 1 0
vn 0 0 1
vn -1.8698493046318425e-16 -1 0
vn -1 0 0
vn 1 -7.105427357601004e-16 0
usemtl m_1e6dbd65-4e86-c665-d945-d720168a6d77
f 17/49/13 18/50/13 19/51/13 20/52/13
f 21/53/14 17/54/14 20/55/14 22/56/14
f 23/57/15 21/58/15 22/59/15 24/60/15
f 18/61/16 23/62/16 24/63/16 19/64/16
f 24/65/17 22/66/17 20/67/17 19/68/17
f 18/69/18 17/70/18 21/71/18 23/72/18
o cube
v 0.9062499999999996 0.31249999999999956 0.03125
v 0.9062499999999996 -4.440892098500626e-16 0.03125
v 0.8437499999999996 -4.440892098500626e-16 0.03125
v 0.8437499999999996 0.31249999999999956 0.03125
v 0.9062499999999996 0.31249999999999956 0.09375
v 0.8437499999999996 0.31249999999999956 0.09375
v 0.9062499999999996 -4.440892098500626e-16 0.09375
v 0.8437499999999996 -4.440892098500626e-16 0.09375
vt 0.296875 0.9318580920740389
vt 0.390625 0.9318580920740389
vt 0.390625 0.9408637873754153
vt 0.296875 0.9408637873754153
vt 0.296875 0.9318580920740389
vt 0.328125 0.9318580920740389
vt 0.328125 0.9408637873754153
vt 0.296875 0.9408637873754153
vt 0.296875 0.9318580920740389
vt 0.390625 0.9318580920740389
vt 0.390625 0.9408637873754153
vt 0.296875 0.9408637873754153
vt 0.296875 0.9318580920740389
vt 0.328125 0.9318580920740389
vt 0.328125 0.9408637873754153
vt 0.296875 0.9408637873754153
vt 0.296875 0.9318580920740389
vt 0.390625 0.9318580920740389
vt 0.390625 0.9408637873754153
vt 0.296875 0.9408637873754153
vt 0.33984375 0.886829615567157
vt 0.41796875 0.886829615567157
vt 0.41796875 0.8958353108685335
vt 0.33984375 0.8958353108685335
vn 0 0 -1
vn 0 1 0
vn 0 0 1
vn 0 -1 0
vn -1 0 0
vn 1 0 0
usemtl m_1e6dbd65-4e86-c665-d945-d720168a6d77
f 25/73/19 26/74/19 27/75/19 28/76/19
f 29/77/20 25/78/20 28/79/20 30/80/20
f 31/81/21 29/82/21 30/83/21 32/84/21
f 26/85/22 31/86/22 32/87/22 27/88/22
f 32/89/23 30/90/23 28/91/23 27/92/23
f 26/93/24 25/94/24 29/95/24 31/96/24
o cube
v 0.8750000000000004 -0.2856445312499991 0.2489746093750001
v 0.8750000000000004 0.089355468750001 0.2489746093750001
v 0.8750000000000004 0.089355468750001 -0.0635253906249999
v 0.8750000000000004 -0.2856445312499991 -0.0635253906249999
v 0.8750000000000004 -0.2856445312499991 -0.0635253906249999
v 0.8750000000000004 0.089355468750001 -0.0635253906249999
v 0.8750000000000004 0.089355468750001 0.2489746093750001
v 0.8750000000000004 -0.2856445312499991 0.2489746093750001
vt 0.6875 0.3014594209776934
vt 0.8125 0.3014594209776934
vt 0.8125 0.2384195538680588
vt 0.6875 0.2384195538680588
vt 0.6875 0.2384195538680588
vt 0.8125 0.2384195538680588
vt 0.8125 0.3014594209776934
vt 0.6875 0.3014594209776934
vn -1 0 0
vn 1 0 0
usemtl m_1e6dbd65-4e86-c665-d945-d720168a6d77
f 33/97/25 34/98/25 35/99/25 36/100/25
f 37/101/26 38/102/26 39/103/26 40/104/26
o cube
v 1.8125 0 -0.125
v 1.4375 0 -0.125
v 1.4375 1.8125 -0.125
v 1.8125 1.8125 -0.125
v 1.8125 0 0.25
v 1.8125 1.8125 0.25
v 1.4375 0 0.25
v 1.4375 1.8125 0.25
vt 0.015625 0.7337327954437589
vt 0.109375 0.7337327954437589
vt 0.109375 0.9948979591836735
vt 0.015625 0.9948979591836735
vt 0.015625 0.7337327954437589
vt 0.109375 0.7337327954437589
vt 0.109375 0.9948979591836735
vt 0.015625 0.9948979591836735
vt 0.015625 0.7337327954437589
vt 0.109375 0.7337327954437589
vt 0.109375 0.9948979591836735
vt 0.015625 0.9948979591836735
vt 0.015625 0.7337327954437589
vt 0.109375 0.7337327954437589
vt 0.109375 0.9948979591836735
vt 0.015625 0.9948979591836735
vt 0.015625 0.9408637873754153
vt 0.109375 0.9408637873754153
vt 0.109375 0.9948979591836735
vt 0.015625 0.9948979591836735
vt 0.015625 0.9408637873754153
vt 0.109375 0.9408637873754153
vt 0.109375 0.9948979591836735
vt 0.015625 0.9948979591836735
vn 0 0 -1
vn 1 0 0
vn 0 0 1
vn -1 0 0
vn 0 1 0
vn 0 -1 0
usemtl m_1e6dbd65-4e86-c665-d945-d720168a6d77
f 41/105/27 42/106/27 43/107/27 44/108/27
f 45/109/28 41/110/28 44/111/28 46/112/28
f 47/113/29 45/114/29 46/115/29 48/116/29
f 42/117/30 47/118/30 48/119/30 43/120/30
f 48/121/31 46/122/31 44/123/31 43/124/31
f 42/125/32 41/126/32 45/127/32 47/128/32
o cube
v 1.809570625 0.5353106973409748 -0.94952425971407
v 1.8095706249999999 0.80047574028593 -1.2146893026590253
v 1.809570625 2.0158155204503085 0.0006504775053533529
v 1.809570625 1.7506504775053533 0.26581552045030854
v 1.434570625 0.5353106973409748 -0.9495242597140697
v 1.434570625 1.7506504775053533 0.26581552045030876
v 1.4345706249999999 0.80047574028593 -1.2146893026590249
v 1.434570625 2.0158155204503085 0.0006504775053534639
vt 0.09375 0.7292299477930706
vt 0.1875 0.7292299477930706
vt 0.1875 0.9768865685809207
vt 0.09375 0.9768865685809207
vt 0.09375 0.7292299477930706
vt 0.1875 0.7292299477930706
vt 0.1875 0.9768865685809207
vt 0.09375 0.9768865685809207
vt 0.09375 0.7292299477930706
vt 0.1875 0.7292299477930706
vt 0.1875 0.9768865685809207
vt 0.09375 0.9768865685809207
vt 0.09375 0.7292299477930706
vt 0.1875 0.7292299477930706
vt 0.1875 0.9768865685809207
vt 0.09375 0.9768865685809207
vt 0.09375 0.9228523967726625
vt 0.1875 0.9228523967726625
vt 0.1875 0.9768865685809207
vt 0.09375 0.9768865685809207
vt 0.09375 0.9228523967726625
vt 0.1875 0.9228523967726625
vt 0.1875 0.9768865685809207
vt 0.09375 0.9768865685809207
vn 1 3.273404883558901e-16 -5.100421562754566e-16
vn 4.1869132231567344e-16 -0.7071067811865475 0.7071067811865477
vn -1 -4.186913223156736e-16 4.186913223156736e-16
vn -8.373826446313467e-16 0.7071067811865475 -0.7071067811865476
vn 3.9474596431116685e-16 0.7071067811865477 0.7071067811865475
vn -3.9474596431116685e-16 -0.7071067811865477 -0.7071067811865475
usemtl m_1e6dbd65-4e86-c665-d945-d720168a6d77
f 49/129/33 50/130/33 51/131/33 52/132/33
f 53/133/34 49/134/34 52/135/34 54/136/34
f 55/137/35 53/138/35 54/139/35 56/140/35
f 50/141/36 55/142/36 56/143/36 51/144/36
f 56/145/37 54/146/37 52/147/37 51/148/37
f 50/149/38 49/150/38 53/151/38 55/152/38
o cube
v 1.434570625 0.5353106973409748 0.9495242597140697
v 1.4345706249999999 0.80047574028593 1.2146893026590249
v 1.434570625 1.7506504775053533 0.26451456543960195
v 1.434570625 1.485485434560398 -0.0006504775053533529
v 1.809570625 0.5353106973409748 0.94952425971407
v 1.809570625 1.485485434560398 -0.0006504775053532419
v 1.8095706249999999 0.80047574028593 1.2146893026590253
v 1.809570625 1.7506504775053533 0.26451456543960206
vt 0.15625 0.7832641196013289
vt 0.25 0.7832641196013289
vt 0.25 0.9768865685809207
vt 0.15625 0.9768865685809207
vt 0.15625 0.7832641196013289
vt 0.25 0.7832641196013289
vt 0.25 0.9768865685809207
vt 0.15625 0.9768865685809207
vt 0.15625 0.7832641196013289
vt 0.25 0.7832641196013289
vt 0.25 0.9768865685809207
vt 0.15625 0.9768865685809207
vt 0.15625 0.7832641196013289
vt 0.25 0.7832641196013289
vt 0.25 0.9768865685809207
vt 0.15625 0.9768865685809207
vt 0.09375 0.8688182249644044
vt 0.1875 0.8688182249644044
vt 0.1875 0.9228523967726625
vt 0.09375 0.9228523967726625
vt 0.09375 0.8688182249644044
vt 0.1875 0.8688182249644044
vt 0.1875 0.9228523967726625
vt 0.09375 0.9228523967726625
vn -1 -3.018472323671135e-16 -5.355354122642337e-16
vn 4.1869132231567344e-16 -0.7071067811865476 -0.7071067811865476
vn 1 4.1869132231567334e-16 4.1869132231567334e-16
vn -8.373826446313469e-16 0.7071067811865476 0.7071067811865476
vn 1.9737298215558342e-16 0.7071067811865477 -0.7071067811865475
vn -3.94745964311167e-16 -0.7071067811865475 0.7071067811865477
usemtl m_1e6dbd65-4e86-c665-d945-d720168a6d77
f 57/153/39 58/154/39 59/155/39 60/156/39
f 61/157/40 57/158/40 60/159/40 62/160/40
f 63/161/41 61/162/41 62/163/41 64/164/41
f 58/165/42 63/166/42 64/167/42 59/168/42
f 64/169/43 62/170/43 60/171/43 59/172/43
f 58/173/44 57/174/44 61/175/44 63/176/44
o cube
v 1.75 0.9374999999999998 -1
v 1.5 0.9374999999999998 -1
v 1.5 0.9375000000000002 1
v 1.75 0.9375000000000002 1
v 1.75 0.6249999999999998 -1
v 1.75 0.6250000000000002 1
v 1.5 0.6249999999999998 -1
v 1.5 0.6250000000000002 1
vt 0 0.6887043189368771
vt 0.0625 0.6887043189368771
vt 0.0625 0.9768865685809207
vt 0 0.9768865685809207
vt 0 0.6887043189368771
vt 0.078125 0.6887043189368771
vt 0.078125 0.9768865685809207
vt 0 0.9768865685809207
vt 0 0.6887043189368771
vt 0.0625 0.6887043189368771
vt 0.0625 0.9768865685809207
vt 0 0.9768865685809207
vt 0 0.6887043189368771
vt 0.078125 0.6887043189368771
vt 0.078125 0.9768865685809207
vt 0 0.9768865685809207
vt 0 0.9318580920740389
vt 0.0625 0.9318580920740389
vt 0.0625 0.9768865685809207
vt 0 0.9768865685809207
vt 0 0.9318580920740389
vt 0.0625 0.9318580920740389
vt 0.0625 0.9768865685809207
vt 0 0.9768865685809207
vn 0 1 -2.220446049250313e-16
vn 1 0 0
vn 0 -1 2.220446049250313e-16
vn -1 0 0
vn 0 0 1
vn 0 0 -1
usemtl m_1e6dbd65-4e86-c665-d945-d720168a6d77
f 65/177/45 66/178/45 67/179/45 68/180/45
f 69/181/46 65/182/46 68/183/46 70/184/46
f 71/185/47 69/186/47 70/187/47 72/188/47
f 66/189/48 71/190/48 72/191/48 67/192/48
f 72/193/49 70/194/49 68/195/49 67/196/49
f 66/197/50 65/198/50 69/199/50 71/200/50
o cube
v 1.934570625 0.5018398282201786 -1.1704951288348662
v 1.9345706249999999 0.7670048711651339 -1.4356601717798212
v 1.934570625 2.2033155204503085 0.0006504775053533529
v 1.934570625 1.9381504775053533 0.26581552045030854
v 1.872070625 0.5018398282201786 -1.170495128834866
v 1.872070625 1.9381504775053533 0.26581552045030865
v 1.8720706249999999 0.7670048711651339 -1.4356601717798212
v 1.872070625 2.2033155204503085 0.0006504775053533529
vt 0.15625 0.6842014712861889
vt 0.25 0.6842014712861889
vt 0.25 0.9768865685809207
vt 0.15625 0.9768865685809207
vt 0.015625 0.6842014712861889
vt 0.03125 0.6842014712861889
vt 0.03125 0.9768865685809207
vt 0.015625 0.9768865685809207
vt 0.09375 0.6842014712861889
vt 0.1875 0.6842014712861889
vt 0.1875 0.9768865685809207
vt 0.09375 0.9768865685809207
vt 0.015625 0.6842014712861889
vt 0.03125 0.6842014712861889
vt 0.03125 0.9768865685809207
vt 0.015625 0.9768865685809207
vt 0.09375 0.9678808732795444
vt 0.1875 0.9678808732795444
vt 0.1875 0.9768865685809207
vt 0.09375 0.9768865685809207
vt 0.09375 0.9678808732795444
vt 0.1875 0.9678808732795444
vt 0.1875 0.9768865685809207
vt 0.09375 0.9768865685809207
vn 1 3.4139446281124157e-16 -4.959881818201057e-16
vn 2.5121479338940403e-15 -0.7071067811865476 0.7071067811865476
vn -1 -4.1869132231567334e-16 4.1869132231567334e-16
vn 0 0.7071067811865475 -0.7071067811865476
vn 1.1842378929335004e-15 0.7071067811865476 0.7071067811865475
vn -2.368475785867002e-15 -0.7071067811865471 -0.707106781186548
usemtl m_1e6dbd65-4e86-c665-d945-d720168a6d77
f 73/201/51 74/202/51 75/203/51 76/204/51
f 77/205/52 73/206/52 76/207/52 78/208/52
f 79/209/53 77/210/53 78/211/53 80/212/53
f 74/213/54 79/214/54 80/215/54 75/216/54
f 80/217/55 78/218/55 76/219/55 75/220/55
f 74/221/56 73/222/56 77/223/56 79/224/56
o cube
v 1.872070625 0.5018398282201786 1.170495128834866
v 1.8720706249999999 0.7670048711651339 1.4356601717798212
v 1.872070625 1.9381504775053533 0.264514565439602
v 1.872070625 1.672985434560398 -0.0006504775053532419
v 1.934570625 0.5018398282201786 1.1704951288348662
v 1.934570625 1.672985434560398 -0.0006504775053532419
v 1.9345706249999999 0.7670048711651339 1.4356601717798212
v 1.934570625 1.9381504775053533 0.26451456543960206
vt 0.15625 0.738235643094447
vt 0.25 0.738235643094447
vt 0.25 0.9768865685809207
vt 0.15625 0.9768865685809207
vt 0.109375 0.738235643094447
vt 0.125 0.738235643094447
vt 0.125 0.9768865685809207
vt 0.109375 0.9768865685809207
vt 0.25 0.738235643094447
vt 0.15625 0.738235643094447
vt 0.15625 0.9768865685809207
vt 0.25 0.9768865685809207
vt 0.109375 0.738235643094447
vt 0.125 0.738235643094447
vt 0.125 0.9768865685809207
vt 0.109375 0.9768865685809207
vt 0.09375 0.9138467014712861
vt 0.1875 0.9138467014712861
vt 0.1875 0.9228523967726625
vt 0.09375 0.9228523967726625
vt 0.09375 0.9138467014712861
vt 0.1875 0.9138467014712861
vt 0.1875 0.9228523967726625
vt 0.09375 0.9228523967726625
vn -1 -3.2389328707438886e-16 -5.13489357556958e-16
vn 2.5121479338940403e-15 -0.7071067811865475 -0.7071067811865476
vn 1 4.1869132231567354e-16 4.1869132231567354e-16
vn 0 0.7071067811865475 0.7071067811865477
vn 0 0.7071067811865476 -0.7071067811865475
vn -2.368475785867001e-15 -0.7071067811865475 0.7071067811865477
usemtl m_1e6dbd65-4e86-c665-d945-d720168a6d77
f 81/225/57 82/226/57 83/227/57 84/228/57
f 85/229/58 81/230/58 84/231/58 86/232/58
f 87/233/59 85/234/59 86/235/59 88/236/59
f 82/237/60 87/238/60 88/239/60 83/240/60
f 88/241/61 86/242/61 84/243/61 83/244/61
f 82/245/62 81/246/62 85/247/62 87/248/62
o cube
v 1.96875 0.5624999999999994 -0.03125
v 1.96875 0.37499999999999944 -0.03125
v -0.9687500000000001 0.3750000000000001 -0.03125
v -0.96875 0.5625 -0.03125
v 1.96875 0.5624999999999994 0.15625
v -0.96875 0.5625 0.15625
v 1.96875 0.37499999999999944 0.15625
v -0.9687500000000001 0.3750000000000001 0.15625
vt 0.1875 0.5716302800189843
vt 0.234375 0.5716302800189843
vt 0.234375 0.9948979591836735
vt 0.1875 0.9948979591836735
vt 0.078125 0.5716302800189843
vt 0.125 0.5716302800189843
vt 0.125 0.9948979591836735
vt 0.078125 0.9948979591836735
vt 0.1875 0.5716302800189843
vt 0.234375 0.5716302800189843
vt 0.234375 0.9948979591836735
vt 0.1875 0.9948979591836735
vt 0.015625 0.5716302800189843
vt 0.0625 0.5716302800189843
vt 0.0625 0.9948979591836735
vt 0.015625 0.9948979591836735
vt 0.125 0.9678808732795444
vt 0.171875 0.9678808732795444
vt 0.171875 0.9948979591836735
vt 0.125 0.9948979591836735
vt 0.125 0.9678808732795444
vt 0.171875 0.9678808732795444
vt 0.171875 0.9948979591836735
vt 0.125 0.9948979591836735
vn 0 0 -1
vn 1.8897413185109048e-16 1 0
vn 0 0 1
vn -2.2676895822130855e-16 -1 0
vn -1 5.921189464667505e-16 0
vn 1 0 0
usemtl m_1e6dbd65-4e86-c665-d945-d720168a6d77
f 89/249/63 90/250/63 91/251/63 92/252/63
f 93/253/64 89/254/64 92/255/64 94/256/64
f 95/257/65 93/258/65 94/259/65 96/260/65
f 90/261/66 95/262/66 96/263/66 91/264/66
f 96/265/67 94/266/67 92/267/67 91/268/67
f 90/269/68 89/270/68 93/271/68 95/272/68
o cube
v 1.46875 1.8437499999999996 -0.0625
v 1.46875 1.5937499999999996 -0.0625
v -0.46874999999999983 1.59375 -0.0625
v -0.4687499999999998 1.84375 -0.0625
v 1.46875 1.8437499999999996 0.1875
v -0.4687499999999998 1.84375 0.1875
v 1.46875 1.5937499999999996 0.1875
v -0.46874999999999983 1.59375 0.1875
vt 0.125 0.6436758424299951
vt 0.171875 0.6436758424299951
vt 0.171875 0.9228523967726625
vt 0.125 0.9228523967726625
vt 0.125 0.6436758424299951
vt 0.171875 0.6436758424299951
vt 0.171875 0.9228523967726625
vt 0.125 0.9228523967726625
vt 0.125 0.6436758424299951
vt 0.171875 0.6436758424299951
vt 0.171875 0.9228523967726625
vt 0.125 0.9228523967726625
vt 0.125 0.6436758424299951
vt 0.171875 0.6436758424299951
vt 0.171875 0.9228523967726625
vt 0.125 0.9228523967726625
vt 0.125 0.8958353108685335
vt 0.171875 0.8958353108685335
vt 0.171875 0.9228523967726625
vt 0.125 0.9228523967726625
vt 0.125 0.8958353108685335
vt 0.171875 0.8958353108685335
vt 0.171875 0.9228523967726625
vt 0.125 0.9228523967726625
vn 0 0 -1
vn 2.292073341161614e-16 1 0
vn 0 0 1
vn -2.292073341161614e-16 -1 0
vn -1 2.220446049250313e-16 0
vn 1 0 0
usemtl m_1e6dbd65-4e86-c665-d945-d720168a6d77
f 97/273/69 98/274/69 99/275/69 100/276/69
f 101/277/70 97/278/70 100/279/70 102/280/70
f 103/281/71 101/282/71 102/283/71 104/284/71
f 98/285/72 103/286/72 104/287/72 99/288/72
f 104/289/73 102/290/73 100/291/73 99/292/73
f 98/293/74 97/294/74 101/295/74 103/296/74
o cube
v -0.96875 0.6489827487391155 0.03568058013411215
v -0.9687500000000002 -0.10166937142630472 -0.27524970866252324
v -1.1562500000000002 -0.10166937142630461 -0.27524970866252324
v -1.15625 0.6489827487391157 0.03568058013411215
v -0.96875 0.5772296051706612 0.2089079924799784
v -1.15625 0.5772296051706614 0.2089079924799784
v -0.9687500000000002 -0.17342251499475914 -0.10202229631665699
v -1.1562500000000002 -0.17342251499475902 -0.10202229631665699
vt 0.0625 0.7877669672520171
vt 0.0625 0.8958353108685335
vt 0.015625 0.8958353108685335
vt 0.015625 0.7877669672520171
vt 0.109375 0.9048410061699098
vt 0.109375 0.9318580920740389
vt 0.0625 0.9318580920740389
vt 0.0625 0.9048410061699098
vt 0.0625 0.7877669672520171
vt 0.0625 0.8958353108685335
vt 0.015625 0.8958353108685335
vt 0.015625 0.7877669672520171
vt 0.109375 0.9048410061699098
vt 0.109375 0.9318580920740389
vt 0.0625 0.9318580920740389
vt 0.0625 0.9048410061699098
vt 0.0625 0.7877669672520171
vt 0.0625 0.8958353108685335
vt 0.015625 0.8958353108685335
vt 0.015625 0.7877669672520171
vt 0.0625 0.7877669672520171
vt 0.0625 0.8958353108685335
vt 0.015625 0.8958353108685335
vt 0.015625 0.7877669672520171
vn 3.6438089013338485e-16 0.3826834323650898 -0.9238795325112867
vn 5.921189464667502e-16 0.9238795325112868 0.3826834323650897
vn -3.643808901333848e-16 -0.38268343236508984 0.9238795325112867
vn -5.921189464667501e-16 -0.9238795325112866 -0.3826834323650902
vn -1 2.524830348243585e-16 1.045818972933677e-16
vn 1 -2.524830348243586e-16 -1.0458189729336773e-16
usemtl m_1e6dbd65-4e86-c665-d945-d720168a6d77
f 105/297/75 106/298/75 107/299/75 108/300/75
f 109/301/76 105/302/76 108/303/76 110/304/76
f 111/305/77 109/306/77 110/307/77 112/308/77
f 106/309/78 111/310/78 112/311/78 107/312/78
f 112/313/79 110/314/79 108/315/79 107/316/79
f 106/317/80 105/318/80 109/319/80 111/320/80
o cube
v -1.03125 0.06309446890195021 -0.19070218676984727
v -1.03125 -0.09569732574842717 -0.25647590170759704
v -1.4687499999999998 -0.09569732574842706 -0.25647590170759704
v -1.4687499999999998 0.06309446890195032 -0.1907021867698473
v -1.03125 -0.0026792460357995818 -0.03191039211946986
v -1.4687499999999998 -0.0026792460357994707 -0.03191039211946989
v -1.03125 -0.16147104068617696 -0.09768410705721967
v -1.4687499999999998 -0.16147104068617685 -0.09768410705721967
vt 0.0625 0.9017857142857144
vt 0.0625 0.877232142857143
vt 0.171875 0.877232142857143
vt 0.171875 0.9017857142857144
vt 0.15625 0.9040178571428574
vt 0.15625 0.9285714285714288
vt 0.046875 0.9285714285714288
vt 0.046875 0.9040178571428574
vt 0.15625 0.9040178571428573
vt 0.15625 0.9285714285714287
vt 0.046875 0.9285714285714287
vt 0.046875 0.9040178571428573
vt 0.109375 0.9017857142857146
vt 0.109375 0.8772321428571431
vt 0.21875 0.8772321428571431
vt 0.21875 0.9017857142857146
vt 0.04687559791813906 0.9040178704893939
vt 0.08984288098968993 0.9040178704893939
vt 0.08984432456169993 0.9285709453406457
vt 0.04687499999999921 0.9285714285714286
vt 0.08984372662347193 0.9040175288171302
vt 0.08984372662347195 0.9285714285714286
vt 0.04687584561369227 0.9285710868876859
vt 0.04687499999999964 0.9040183537086973
vn 1.1534784671430207e-16 0.38268343236508967 -0.9238795325112868
vn 2.0762612408574373e-16 0.9238795325112868 0.38268343236508984
vn -1.3841741605716247e-16 -0.3826834323650899 0.9238795325112868
vn -2.3069569342860413e-16 -0.9238795325112868 -0.38268343236508984
vn -1 0 0
vn 1 0 0
usemtl m_1e6dbd65-4e86-c665-d945-d720168a6d77
f 113/321/81 114/322/81 115/323/81 116/324/81
f 117/325/82 113/326/82 116/327/82 118/328/82
f 119/329/83 117/330/83 118/331/83 120/332/83
f 114/333/84 119/334/84 120/335/84 115/336/84
f 120/337/85 118/338/85 116/339/85 115/340/85
f 114/341/86 113/342/86 117/343/86 119/344/86
o cube
v -0.8720706249999999 0.7670048711651339 1.4356601717798212
v -0.872070625 0.5018398282201786 1.170495128834866
v -0.8720706250000002 1.672985434560398 -0.0006504775053532419
v -0.8720706250000001 1.9381504775053533 0.264514565439602
v -0.9345706249999999 0.7670048711651339 1.4356601717798212
v -0.9345706250000001 1.9381504775053533 0.26451456543960206
v -0.934570625 0.5018398282201786 1.1704951288348662
v -0.9345706250000002 1.672985434560398 -0.0006504775053532419
vt 0.25 0.738235643094447
vt 0.15625 0.738235643094447
vt 0.15625 0.9768865685809207
vt 0.25 0.9768865685809207
vt 0.125 0.738235643094447
vt 0.109375 0.738235643094447
vt 0.109375 0.9768865685809207
vt 0.125 0.9768865685809207
vt 0.15625 0.738235643094447
vt 0.25 0.738235643094447
vt 0.25 0.9768865685809207
vt 0.15625 0.9768865685809207
vt 0.125 0.738235643094447
vt 0.109375 0.738235643094447
vt 0.109375 0.9768865685809207
vt 0.125 0.9768865685809207
vt 0.1875 0.9138467014712861
vt 0.09375 0.9138467014712861
vt 0.09375 0.9228523967726625
vt 0.1875 0.9228523967726625
vt 0.1875 0.9138467014712861
vt 0.09375 0.9138467014712861
vt 0.09375 0.9228523967726625
vt 0.1875 0.9228523967726625
vn 1 -1.1454762591655216e-16 -3.0414369639912126e-16
vn 0 0.7071067811865475 0.7071067811865476
vn -1 1.145476259165523e-16 3.041436963991214e-16
vn -2.5121479338940403e-15 -0.7071067811865476 -0.7071067811865476
vn -5.921189464667502e-16 0.7071067811865476 -0.7071067811865475
vn 0 -0.7071067811865475 0.7071067811865477
usemtl m_1e6dbd65-4e86-c665-d945-d720168a6d77
f 121/345/87 122/346/87 123/347/87 124/348/87
f 125/349/88 121/350/88 124/351/88 126/352/88
f 127/353/89 125/354/89 126/355/89 128/356/89
f 122/357/90 127/358/90 128/359/90 123/360/90
f 128/361/91 126/362/91 124/363/91 123/364/91
f 122/365/92 121/366/92 125/367/92 127/368/92
o cube
v -0.4375 0 -0.125
v -0.8125 0 -0.125
v -0.8125 1.8125 -0.125
v -0.4375 1.8125 -0.125
v -0.4375 0 0.25
v -0.4375 1.8125 0.25
v -0.8125 0 0.25
v -0.8125 1.8125 0.25
vt 0.109375 0.7337327954437589
vt 0.015625 0.7337327954437589
vt 0.015625 0.9948979591836735
vt 0.109375 0.9948979591836735
vt 0.109375 0.7337327954437589
vt 0.015625 0.7337327954437589
vt 0.015625 0.9948979591836735
vt 0.109375 0.9948979591836735
vt 0.109375 0.7337327954437589
vt 0.015625 0.7337327954437589
vt 0.015625 0.9948979591836735
vt 0.109375 0.9948979591836735
vt 0.109375 0.7337327954437589
vt 0.015625 0.7337327954437589
vt 0.015625 0.9948979591836735
vt 0.109375 0.9948979591836735
vt 0.109375 0.9408637873754153
vt 0.015625 0.9408637873754153
vt 0.015625 0.9948979591836735
vt 0.109375 0.9948979591836735
vt 0.109375 0.9408637873754153
vt 0.015625 0.9408637873754153
vt 0.015625 0.9948979591836735
vt 0.109375 0.9948979591836735
vn 0 0 -1
vn 1 0 0
vn 0 0 1
vn -1 0 0
vn 0 1 0
vn 0 -1 0
usemtl m_1e6dbd65-4e86-c665-d945-d720168a6d77
f 129/369/93 130/370/93 131/371/93 132/372/93
f 133/373/94 129/374/94 132/375/94 134/376/94
f 135/377/95 133/378/95 134/379/95 136/380/95
f 130/381/96 135/382/96 136/383/96 131/384/96
f 136/385/97 134/386/97 132/387/97 131/388/97
f 130/389/98 129/390/98 133/391/98 135/392/98
o cube
v -0.5 0.9374999999999998 -1
v -0.75 0.9374999999999998 -1
v -0.75 0.9375000000000002 1
v -0.5 0.9375000000000002 1
v -0.5 0.6249999999999998 -1
v -0.5 0.6250000000000002 1
v -0.75 0.6249999999999998 -1
v -0.75 0.6250000000000002 1
vt 0.0625 0.6887043189368771
vt 0 0.6887043189368771
vt 0 0.9768865685809207
vt 0.0625 0.9768865685809207
vt 0.078125 0.6887043189368771
vt 0 0.6887043189368771
vt 0 0.9768865685809207
vt 0.078125 0.9768865685809207
vt 0.0625 0.6887043189368771
vt 0 0.6887043189368771
vt 0 0.9768865685809207
vt 0.0625 0.9768865685809207
vt 0.078125 0.6887043189368771
vt 0 0.6887043189368771
vt 0 0.9768865685809207
vt 0.078125 0.9768865685809207
vt 0.0625 0.9318580920740389
vt 0 0.9318580920740389
vt 0 0.9768865685809207
vt 0.0625 0.9768865685809207
vt 0.0625 0.9318580920740389
vt 0 0.9318580920740389
vt 0 0.9768865685809207
vt 0.0625 0.9768865685809207
vn 0 1 -2.220446049250313e-16
vn 1 0 0
vn 0 -1 2.220446049250313e-16
vn -1 0 0
vn 0 0 1
vn 0 0 -1
usemtl m_1e6dbd65-4e86-c665-d945-d720168a6d77
f 137/393/99 138/394/99 139/395/99 140/396/99
f 141/397/100 137/398/100 140/399/100 142/400/100
f 143/401/101 141/402/101 142/403/101 144/404/101
f 138/405/102 143/406/102 144/407/102 139/408/102
f 144/409/103 142/410/103 140/411/103 139/412/103
f 138/413/104 137/414/104 141/415/104 143/416/104
o cube
v -0.8095706249999999 0.80047574028593 -1.2146893026590253
v -0.8095706250000001 0.5353106973409748 -0.94952425971407
v -0.8095706250000002 1.7506504775053533 0.26581552045030854
v -0.8095706250000001 2.0158155204503085 0.0006504775053533529
v -0.43457062499999993 0.80047574028593 -1.2146893026590249
v -0.4345706250000001 2.0158155204503085 0.0006504775053534639
v -0.43457062500000004 0.5353106973409748 -0.9495242597140697
v -0.4345706250000002 1.7506504775053533 0.26581552045030876
vt 0.1875 0.7292299477930706
vt 0.09375 0.7292299477930706
vt 0.09375 0.9768865685809207
vt 0.1875 0.9768865685809207
vt 0.1875 0.7292299477930706
vt 0.09375 0.7292299477930706
vt 0.09375 0.9768865685809207
vt 0.1875 0.9768865685809207
vt 0.1875 0.7292299477930706
vt 0.09375 0.7292299477930706
vt 0.09375 0.9768865685809207
vt 0.1875 0.9768865685809207
vt 0.1875 0.7292299477930706
vt 0.09375 0.7292299477930706
vt 0.09375 0.9768865685809207
vt 0.1875 0.9768865685809207
vt 0.1875 0.9228523967726625
vt 0.09375 0.9228523967726625
vt 0.09375 0.9768865685809207
vt 0.1875 0.9768865685809207
vt 0.1875 0.9228523967726625
vt 0.09375 0.9228523967726625
vt 0.09375 0.9768865685809207
vt 0.1875 0.9768865685809207
vn -1 3.7301590533578164e-16 -4.643667392955649e-16
vn 8.373826446313469e-16 0.7071067811865476 -0.7071067811865476
vn 1 -1.408325356879993e-16 2.778587866276743e-16
vn -4.186913223156734e-16 -0.7071067811865476 0.7071067811865476
vn -1.9737298215558342e-16 0.7071067811865476 0.7071067811865475
vn 7.894919286223337e-16 -0.7071067811865477 -0.7071067811865474
usemtl m_1e6dbd65-4e86-c665-d945-d720168a6d77
f 145/417/105 146/418/105 147/419/105 148/420/105
f 149/421/106 145/422/106 148/423/106 150/424/106
f 151/425/107 149/426/107 150/427/107 152/428/107
f 146/429/108 151/430/108 152/431/108 147/432/108
f 152/433/109 150/434/109 148/435/109 147/436/109
f 146/437/110 145/438/110 149/439/110 151/440/110
o cube
v -0.43457062499999993 0.80047574028593 1.2146893026590249
v -0.43457062500000004 0.5353106973409748 0.9495242597140697
v -0.4345706250000002 1.485485434560398 -0.0006504775053533529
v -0.4345706250000001 1.7506504775053533 0.26451456543960195
v -0.8095706249999999 0.80047574028593 1.2146893026590253
v -0.8095706250000001 1.7506504775053533 0.26451456543960206
v -0.8095706250000001 0.5353106973409748 0.94952425971407
v -0.8095706250000002 1.485485434560398 -0.0006504775053532419
vt 0.25 0.7832641196013289
vt 0.15625 0.7832641196013289
vt 0.15625 0.9768865685809207
vt 0.25 0.9768865685809207
vt 0.25 0.7832641196013289
vt 0.15625 0.7832641196013289
vt 0.15625 0.9768865685809207
vt 0.25 0.9768865685809207
vt 0.25 0.7832641196013289
vt 0.15625 0.7832641196013289
vt 0.15625 0.9768865685809207
vt 0.25 0.9768865685809207
vt 0.25 0.7832641196013289
vt 0.15625 0.7832641196013289
vt 0.15625 0.9768865685809207
vt 0.25 0.9768865685809207
vt 0.1875 0.8688182249644044
vt 0.09375 0.8688182249644044
vt 0.09375 0.9228523967726625
vt 0.1875 0.9228523967726625
vt 0.1875 0.8688182249644044
vt 0.09375 0.8688182249644044
vt 0.09375 0.9228523967726625
vt 0.1875 0.9228523967726625
vn 1 -1.2171259369641676e-16 -2.9697872861925683e-16
vn 8.373826446313471e-16 0.7071067811865475 0.7071067811865477
vn -1 3.0184723236711334e-16 5.355354122642334e-16
vn -4.1869132231567334e-16 -0.7071067811865476 -0.7071067811865476
vn -1.9737298215558342e-16 0.7071067811865477 -0.7071067811865475
vn 7.894919286223342e-16 -0.7071067811865475 0.7071067811865478
usemtl m_1e6dbd65-4e86-c665-d945-d720168a6d77
f 153/441/111 154/442/111 155/443/111 156/444/111
f 157/445/112 153/446/112 156/447/112 158/448/112
f 159/449/113 157/450/113 158/451/113 160/452/113
f 154/453/114 159/454/114 160/455/114 155/456/114
f 160/457/115 158/458/115 156/459/115 155/460/115
f 154/461/116 153/462/116 157/463/116 159/464/116
o cube
v -0.9345706249999999 0.7670048711651339 -1.4356601717798212
v -0.934570625 0.5018398282201786 -1.1704951288348662
v -0.9345706250000002 1.9381504775053533 0.26581552045030854
v -0.9345706250000001 2.2033155204503085 0.0006504775053533529
v -0.8720706249999999 0.7670048711651339 -1.4356601717798212
v -0.8720706250000001 2.2033155204503085 0.0006504775053533529
v -0.872070625 0.5018398282201786 -1.170495128834866
v -0.8720706250000002 1.9381504775053533 0.26581552045030865
vt 0.25 0.6842014712861889
vt 0.15625 0.6842014712861889
vt 0.15625 0.9768865685809207
vt 0.25 0.9768865685809207
vt 0.03125 0.6842014712861889
vt 0.015625 0.6842014712861889
vt 0.015625 0.9768865685809207
vt 0.03125 0.9768865685809207
vt 0.1875 0.6842014712861889
vt 0.09375 0.6842014712861889
vt 0.09375 0.9768865685809207
vt 0.1875 0.9768865685809207
vt 0.03125 0.6842014712861889
vt 0.015625 0.6842014712861889
vt 0.015625 0.9768865685809207
vt 0.03125 0.9768865685809207
vt 0.1875 0.9678808732795444
vt 0.09375 0.9678808732795444
vt 0.09375 0.9768865685809207
vt 0.1875 0.9768865685809207
vt 0.1875 0.9678808732795444
vt 0.09375 0.9678808732795444
vt 0.09375 0.9768865685809207
vt 0.1875 0.9768865685809207
vn -1 1.3204880165340482e-16 -2.8664252066226885e-16
vn 0 0.7071067811865475 -0.7071067811865476
vn 1 -1.320488016534047e-16 2.8664252066226875e-16
vn -2.5121479338940403e-15 -0.7071067811865475 0.7071067811865476
vn 0 0.7071067811865476 0.7071067811865475
vn 0 -0.7071067811865471 -0.707106781186548
usemtl m_1e6dbd65-4e86-c665-d945-d720168a6d77
f 161/465/117 162/466/117 163/467/117 164/468/117
f 165/469/118 161/470/118 164/471/118 166/472/118
f 167/473/119 165/474/119 166/475/119 168/476/119
f 162/477/120 167/478/120 168/479/120 163/480/120
f 168/481/121 166/482/121 164/483/121 163/484/121
f 162/485/122 161/486/122 165/487/122 167/488/122