# Made in Blockbench 4.12.3
mtllib whitebeam_twig_branch_up_3.mtl

o cube
v 0.66329435149674 1.9980902486945782 -1.0931923485775021
v 0.8128107225123402 1.7392237592978104 -0.7253486379262017
v 0.8056198249497544 1.7844043163672776 -0.6906303901060772
v 0.6561034539341541 2.0432708057640454 -1.0584741007573777
v 0.7146913453584354 2.0138185312972143 -1.1030149079882086
v 0.7075004477958498 2.058999088366681 -1.0682966601680841
v 0.8642077163740356 1.754952041900446 -0.7351711973369082
v 0.85701681881145 1.8001325989699133 -0.7004529495167836
vt 0.47050092047612774 0.8124999999999999
vt 0.31250180224172985 0.8125
vt 0.3125 0.7933559480957029
vt 0.47050082960448836 0.7933571361572294
vt 0.8749999999999997 0.8958320107435332
vt 0.8749999999999997 0.8776188491983149
vt 0.8941424541263417 0.877619455921491
vt 0.8941444106060263 0.8958333333333323
vt 0.31250180224172985 0.8558559480957029
vt 0.47050092047612774 0.855855948095703
vt 0.47050082960448836 0.8749988119384735
vt 0.3125 0.875
vt 0.8124999999999991 0.876688922727306
vt 0.8307131615452175 0.876688922727306
vt 0.8307144841350165 0.8958333333333326
vt 0.8125006067231754 0.895831376853648
vt 0.5208333333333334 0.8151201222455472
vt 0.678833861445364 0.8151201222455472
vt 0.6788338384529565 0.8333314903421746
vt 0.520834281763268 0.8333333333333334
vt 0.5208340693146513 0.8776201222357232
vt 0.6788336260150887 0.877620122235723
vt 0.6788338614346134 0.8958314903308435
vt 0.5208333333333318 0.8958333333333334
vn -0.9406504545814252 -0.2878537258378623 0.17976917093044356
vn -0.3154353818894524 0.5461318341703956 -0.7760415836525353
vn 0.9406504545814255 0.2878537258378607 -0.17976917093044428
vn 0.31543538188944864 -0.546131834170399 0.7760415836525345
vn -0.1252087942119565 0.7866894255212419 0.6045184080117383
vn 0.12520879421196313 -0.7866894255212397 -0.6045184080117398
usemtl m_26198f71-3cf6-844b-b36a-703634890251
f 1/1/1 2/2/1 3/3/1 4/4/1
f 5/5/2 1/6/2 4/7/2 6/8/2
f 7/9/3 5/10/3 6/11/3 8/12/3
f 2/13/4 7/14/4 8/15/4 3/16/4
f 8/17/5 6/18/5 4/19/5 3/20/5
f 2/21/6 1/22/6 5/23/6 7/24/6
o cube
v 0.9908063572891976 1.3752449977691619 -0.4835617437845803
v 0.6293364282072662 0.619068862979532 -0.0635623999982774
v 0.648643702594264 0.679315634982294 0.0615239151764545
v 1.0101136316761954 1.4354917697719238 -0.3584754286098483
v 1.1151478876825056 1.3199414986772935 -0.47611759408331833
v 1.1344551620695034 1.3801882706800555 -0.3510312789085864
v 0.7536779586005742 0.5637653638876636 -0.05611825029701545
v 0.7729852329875719 0.6240121358904256 0.06896806487771645
vt 0.4791602557360337 0.7916666666666666
vt 0.16666807704918818 0.7916666666666666
vt 0.16666666666666666 0.7500025131376166
vt 0.47915970425000887 0.75
vt 0.8749999999999992 0.791666666666666
vt 0.9166657117562442 0.791666666666666
vt 0.916666666666666 0.8333333333333327
vt 0.875000954910421 0.8333333333333327
vt 0.18750141038252152 0.8541666666666666
vt 0.49999358906936703 0.8541666666666666
vt 0.4999930375833422 0.8958333333333334
vt 0.1875 0.8958308201957168
vt 0.875 0.8124990450895786
vt 0.875 0.7708333333333338
vt 0.9166666666666666 0.7708342882437555
vt 0.9166666666666666 0.8125000000000004
vt 0.5208333333333334 0.7708333333333334
vt 0.8333257033582425 0.7708333333333334
vt 0.8333243072686001 0.8124991412910733
vt 0.520833798344687 0.8125
vt 0.562500328898878 0.8541666666666666
vt 0.8749908378241936 0.8541666666666667
vt 0.8749923700235066 0.8958324746192925
vt 0.5625 0.8958333333333334
vn -0.9123368237514116 0.4057809047726647 -0.05462030162003535
vn 0.3855775637931573 0.8066080423100009 -0.4480105003012333
vn 0.9123368237514116 -0.4057809047726649 0.05462030162003579
vn -0.3855775637931573 -0.806608042310001 0.44801050030123346
vn 0.1377369315997695 0.4297968396844088 0.8923582320294777
vn -0.13773693159976952 -0.429796839684409 -0.8923582320294777
usemtl m_26198f71-3cf6-844b-b36a-703634890251
f 9/25/7 10/26/7 11/27/7 12/28/7
f 13/29/8 9/30/8 12/31/8 14/32/8
f 15/33/9 13/34/9 14/35/9 16/36/9
f 10/37/10 15/38/10 16/39/10 11/40/10
f 16/41/11 14/42/11 12/43/11 11/44/11
f 10/45/12 9/46/12 13/47/12 15/48/12
o cube
v 1.2389398019730993 1.8063852988463687 -0.8102006103066848
v 1.0131743465529426 1.3540938316215145 -0.4422162962191022
v 1.0252361082663066 1.402549290747185 -0.3752593122224251
v 1.2510015636864633 1.8548407579720392 -0.7432436263100076
v 1.3206595033665196 1.773172358750295 -0.8008862018828393
v 1.3327212650798839 1.8216278178759655 -0.7339292178861622
v 1.094894047946363 1.3208808915254409 -0.43290188779525673
v 1.1069558096597272 1.3693363506511111 -0.3659449037985797
vt 0.6667531374409096 0.7499999999999998
vt 0.45833389622622 0.75
vt 0.4583333333333333 0.722157452488321
vt 0.6667525745480228 0.722157452488321
vt 0.8958337061984524 0.8471573236530102
vt 0.9254001767445889 0.8471573236530102
vt 0.9254009336314208 0.8750000000000001
vt 0.8958333333333335 0.8749982495891034
vt 0.5000005628928866 0.8054907858216543
vt 0.7084198041075762 0.8054907858216542
vt 0.7084192412146896 0.8333333333333331
vt 0.5 0.8333333333333334
vt 0.8750000000000001 0.8124992431131687
vt 0.8750000000000003 0.7829327725670322
vt 0.9028409259360934 0.7829323997019133
vt 0.9028426763469901 0.8125000000000006
vt 0.5208334993475348 0.8662658939414166
vt 0.7292535872113813 0.8662658939414168
vt 0.7292534211971802 0.8958333333333334
vt 0.5208333333333334 0.8958333333333331
vt 0.4791666666666667 0.9287658939414168
vt 0.6875867545305133 0.9287658939414167
vt 0.6875869205447148 0.9583333333333334
vt 0.47916683268086807 0.9583333333333334
vn -0.9212881835471675 0.3744346678907009 -0.10500839175009548
vn 0.3610745216712392 0.7233654275419179 -0.5885300740293433
vn 0.9212881835471669 -0.3744346678907021 0.1050083917500935
vn -0.3610745216712392 -0.7233654275419179 0.5885300740293431
vn 0.14440662261907009 0.5801216576880048 0.8016268393866781
vn -0.14440662261907045 -0.5801216576880048 -0.8016268393866779
usemtl m_26198f71-3cf6-844b-b36a-703634890251
f 17/49/13 18/50/13 19/51/13 20/52/13
f 21/53/14 17/54/14 20/55/14 22/56/14
f 23/57/15 21/58/15 22/59/15 24/60/15
f 18/61/16 23/62/16 24/63/16 19/64/16
f 24/65/17 22/66/17 20/67/17 19/68/17
f 18/69/18 17/70/18 21/71/18 23/72/18
o cube
v 1.4018308181943038 2.063970860853648 -1.1544811989657702
v 1.237603258740085 1.7768303878960268 -0.7647940888664193
v 1.2501373945275422 1.8245068888738345 -0.7243814009385092
v 1.414364953981761 2.111647361831456 -1.1140685110378603
v 1.4640004059098748 2.0402398984413144 -1.1457669258887866
v 1.4765345416973321 2.0879163994191225 -1.1053542379608767
v 1.2997728464556557 1.7530994254836934 -0.7560798157894357
v 1.312306982243113 1.800775926461501 -0.7156671278615258
vt 0.17038377153769746 1
vt 0.0000016479756467605948 1
vt 0 0.9787508271837595
vt 0.1703837893693477 0.9787520783287658
vt 0.8750000000000009 0.7912512539638571
vt 0.8973716792228487 0.7912512539638571
vt 0.8973721890750546 0.8124981165733578
vt 0.8750014003474978 0.8124999999999994
vt 0.0000016479756467605948 0.9787508271837595
vt 0.17038377153769746 0.9787508271837595
vt 0.1703837893693477 0.9999987488549937
vt 0 1
vt 0.875 0.7916661568144606
vt 0.875 0.7692944775916128
vt 0.8962487460361422 0.7692958779391097
vt 0.8962468626095007 0.7916666666666664
vt 0.020833333333331556 0.9776275233335766
vt 0.1912182684903819 0.9776275233335766
vt 0.19121896416800155 0.9999999999999997
vt 0.020835138834551792 0.9999982368864602
vt 0.0000020369909631649343 0.9776275233419736
vt 0.17038586233353512 0.9776275233419737
vt 0.170384935147928 1
vt 0 0.9999982368749761
vn -0.9263419563359071 0.3535971035765594 -0.12984478531705676
vn 0.3212890753240707 0.5617516167887001 -0.7623702847781288
vn 0.9263419563359075 -0.3535971035765574 0.1298447853170589
vn -0.32128907532407275 -0.5617516167887037 0.7623702847781253
vn 0.19663140646694363 0.7479332920639019 0.6339809781162885
vn -0.19663140646694374 -0.7479332920639021 -0.6339809781162882
usemtl m_26198f71-3cf6-844b-b36a-703634890251
f 25/73/19 26/74/19 27/75/19 28/76/19
f 29/77/20 25/78/20 28/79/20 30/80/20
f 31/81/21 29/82/21 30/83/21 32/84/21
f 26/85/22 31/86/22 32/87/22 27/88/22
f 32/89/23 30/90/23 28/91/23 27/92/23
f 26/93/24 25/94/24 29/95/24 31/96/24
o cube
v 1.4993466026479327 2.24737922947613 -1.3882735234409065
v 1.4123494019301555 2.0650746818044166 -1.136897347007058
v 1.4185170257999085 2.09963396834304 -1.1096995384914654
v 1.5055142265176862 2.281938516014754 -1.361075714925314
v 1.5392880757420464 2.2359153800638865 -1.3827643121476838
v 1.5454556996117996 2.2704746666025097 -1.3555665036320914
v 1.4522908750242691 2.0536108323921725 -1.1313881357138351
v 1.4584584988940221 2.088170118930796 -1.1041903271982427
vt 0.10749375486543133 1
vt 0 0.9999999999999999
vt 4.564622414863588e-7 0.9851966042758679
vt 0.10749421132767267 0.9851966042758677
vt 0.8750017530509361 0.8810292962906853
vt 0.8889729315311143 0.8810292962906853
vt 0.8889718690760023 0.8958333333333327
vt 0.8750000000000009 0.8958313677913751
vt 0.06249999999999911 0.9851966042758676
vt 0.16999375486543045 0.9851966042758675
vt 0.16999421132767178 0.9999999999999998
vt 0.0625004564622406 0.9999999999999997
vt 0.8750000000000009 0.9166666666666666
vt 0.8750000000000009 0.9026954881864883
vt 0.8898020715006908 0.9026937351355532
vt 0.8898040370426484 0.9166656042115545
vt 0.0416666666666643 0.9860261769740811
vt 0.149160865981254 0.9860261769740812
vt 0.1491601717819734 0.9999972173482318
vt 0.041666940664007335 0.9999999999999981
vt 0 0.9860261769716722
vt 0.1074932311539829 0.9860261769716722
vt 0.10749428701827002 0.9999972173231709
vt 8.773969772946089e-8 1
vn -0.9528548800339282 0.27348477685567796 -0.1314292753678891
vn 0.26977537192249484 0.5653202257719319 -0.7795090063862326
vn 0.9528548800339278 -0.27348477685568107 0.13142927536788615
vn -0.2697753719225049 -0.5653202257719312 0.7795090063862297
vn 0.1388842190445181 0.7782153424093932 0.6124475933000515
vn -0.13888421904450923 -0.7782153424093954 -0.6124475933000508
usemtl m_26198f71-3cf6-844b-b36a-703634890251
f 33/97/25 34/98/25 35/99/25 36/100/25
f 37/101/26 33/102/26 36/103/26 38/104/26
f 39/105/27 37/106/27 38/107/27 40/108/27
f 34/109/28 39/110/28 40/111/28 35/112/28
f 40/113/29 38/114/29 36/115/29 35/116/29
f 34/117/30 33/118/30 37/119/30 39/120/30
o cube
v 0.3188192943911904 1.0634208071426139 -0.433407053491249
v 0.6356757005830893 0.558570124136563 0.002105494722133505
v 0.6286543420576178 0.6154143499572078 0.07310829082140358
v 0.311797935865719 1.1202650329632586 -0.36240425739197885
v 0.4155981746123645 1.1042318854854605 -0.45650973433898456
v 0.4085768160868932 1.1610761113061052 -0.3855069382397145
v 0.7324545808042635 0.5993812024794098 -0.020997186125602085
v 0.725433222278792 0.6562254283000546 0.050005609973667986
vt 0.516902847799611 0.8541666666666666
vt 0.2708352012563339 0.8541666666666666
vt 0.2708333333333333 0.8237576351480577
vt 0.5169009798766105 0.8237576351480577
vt 0.8749999999999994 0.8333333333333323
vt 0.8749999999999994 0.7974857758367297
vt 0.9054080766975844 0.7974856145635384
vt 0.9054080766975846 0.8333331720601409
vt 0.5833352012563339 0.7404243018147243
vt 0.829402847799611 0.7404243018147243
vt 0.8294009798766105 0.7708333333333331
vt 0.5833333333333334 0.7708333333333334
vt 0.8750001612731908 0.7612585899690807
vt 0.9108477187697933 0.7612585899690806
vt 0.9108475574966018 0.7916666666666656
vt 0.8749999999999994 0.7916666666666657
vt 0.6041678865845777 0.7974849887916409
vt 0.8502355022427427 0.7974849887916409
vt 0.8502352931552828 0.8333333333333334
vt 0.6041666666666666 0.833331511658396
vt 0.6041666666666666 0.8599849887910752
vt 0.8502352931620257 0.8599849887910752
vt 0.8502352368599816 0.8958333333333334
vt 0.6041676212085595 0.8958315116658793
vn -0.8999113047195707 -0.3794872463350587 0.21482335419352075
vn -0.42922677371570456 0.6838915850848208 -0.589963284091289
vn 0.8999113047195707 0.37948724633505787 -0.21482335419352205
vn 0.4292267737157054 -0.6838915850848198 0.5899632840912894
vn -0.07696765790594526 0.6231225639625053 0.7783278550310704
vn 0.0769676579059453 -0.6231225639625052 -0.7783278550310705
usemtl m_26198f71-3cf6-844b-b36a-703634890251
f 41/121/31 42/122/31 43/123/31 44/124/31
f 45/125/32 41/126/32 44/127/32 46/128/32
f 47/129/33 45/130/33 46/131/33 48/132/33
f 42/133/34 47/134/34 48/135/34 43/136/34
f 48/137/35 46/138/35 44/139/35 43/140/35
f 42/141/36 41/142/36 45/143/36 47/144/36
o cube
v 0.13948144014377317 1.3478619263950986 -0.8330941575325199
v 0.336616909407192 1.0589902615199493 -0.40826850436342677
v 0.32657388377171315 1.1160234950481451 -0.3648268676442051
v 0.1294384145082944 1.4048951599232946 -0.7896525208132982
v 0.21380225866605806 1.3737894185273691 -0.8499517826870329
v 0.2037592330305793 1.4308226520555651 -0.8065101459678111
v 0.4109377279294768 1.0849177536522197 -0.42512612951793977
v 0.40089470229399793 1.1419509871804157 -0.3816844927987181
vt 0.5375858021992328 0.8124999999999999
vt 0.3541666666666667 0.8125
vt 0.35416677371883765 0.7916666666666667
vt 0.5375859092514039 0.7916666666666666
vt 0.8958333333333338 0.8541666631502809
vt 0.8958333333333338 0.8333333333333341
vt 0.9166666666666671 0.8333333368497208
vt 0.9166666666666671 0.8541666666666675
vt 0.3333333333333333 0.8749999999999999
vt 0.5167524688658994 0.8749999999999998
vt 0.5167525759180706 0.895833333333333
vt 0.3333334403855044 0.8958333333333331
vt 0.875 0.7916666666666673
vt 0.8958333298169467 0.7916666666666673
vt 0.8958333333333334 0.8125000000000006
vt 0.8750000035163866 0.8125000000000006
vt 0.6250012198382454 0.8125
vt 0.8084200627045189 0.8125
vt 0.8084206186242066 0.833332487454836
vt 0.625 0.8333333333333334
vt 0.5833333333333318 0.8749999999999984
vt 0.7667539519607741 0.8749999999999983
vt 0.7667535554166148 0.8958324874630235
vt 0.5833347125535768 0.8958333333333317
vn -0.9232579020218226 -0.3220868992925547 0.20941555734560588
vn -0.35825876724352185 0.5249730397905568 -0.7720453116146841
vn 0.9232579020218228 0.32208689929255296 -0.20941555734560696
vn 0.3582587672435212 -0.5249730397905559 0.7720453116146849
vn -0.13872815881217151 0.7878218940834094 0.6000759628208867
vn 0.13872815881217118 -0.7878218940834097 -0.6000759628208864
usemtl m_26198f71-3cf6-844b-b36a-703634890251
f 49/145/37 50/146/37 51/147/37 52/148/37
f 53/149/38 49/150/38 52/151/38 54/152/38
f 55/153/39 53/154/39 54/155/39 56/156/39
f 50/157/40 55/158/40 56/159/40 51/160/40
f 56/161/41 54/162/41 52/163/41 51/164/41
f 50/165/42 49/166/42 53/167/42 55/168/42
o cube
v 0.06122561280130756 1.491629304732889 -1.0589110837350444
v 0.154072534030131 1.3527806056548008 -0.8240465655325508
v 0.14608229889019086 1.4022219616070426 -0.79165880110785
v 0.053235377661367655 1.5410706606851305 -1.0265233193103436
v 0.11533528551406425 1.5080335850290374 -1.070603797315895
v 0.10734505037412423 1.5574749409812787 -1.038216032891194
v 0.20818220674288757 1.3691848859509492 -0.8357392791134014
v 0.20019197160294755 1.4186262419031908 -0.8033515146887006
vt 0.7835674826339175 0.7708333333333334
vt 0.6875 0.7708333333333334
vt 0.6875007617710135 0.7509518457187979
vt 0.7835671975514732 0.7509536469338366
vt 0.8749999999999997 0.854166666666666
vt 0.8749999999999997 0.834920889487344
vt 0.8948802365700091 0.8349203029138638
vt 0.8948802365700091 0.8541660800931857
vt 0.7083333333333334 0.8134518457187979
vt 0.8044008159672509 0.8134518457187979
vt 0.8044005308848066 0.8333315321182947
vt 0.7083340951043469 0.8333333333333334
vt 0.8750005865734813 0.771786430096656
vt 0.8942463637528032 0.7717864300966562
vt 0.894245777179323 0.7916666666666656
vt 0.875000000000001 0.7916666666666656
vt 0.6875 0.8557526592523049
vt 0.7835676974846383 0.8557526592523049
vt 0.7835677983249859 0.875
vt 0.6875001008403475 0.875
vt 0.6875001008403475 0.9182526592523049
vt 0.7835677983249859 0.9182526592523049
vt 0.7835676974846383 0.9375
vt 0.6875 0.9375
vn -0.9371587639467294 -0.2841158387223011 0.20251331152534696
vn -0.32215829002641494 0.4817742890703689 -0.81492795421313
vn 0.9371587639467294 0.2841158387223017 -0.20251331152534585
vn 0.32215829002641394 -0.4817742890703686 0.8149279542131304
vn -0.1339682325221014 0.8289582164246069 0.5430292700186968
vn 0.13396823252210185 -0.8289582164246064 -0.5430292700186975
usemtl m_26198f71-3cf6-844b-b36a-703634890251
f 57/169/43 58/170/43 59/171/43 60/172/43
f 61/173/44 57/174/44 60/175/44 62/176/44
f 63/177/45 61/178/45 62/179/45 64/180/45
f 58/181/46 63/182/46 64/183/46 59/184/46
f 64/185/47 62/186/47 60/187/47 59/188/47
f 58/189/48 57/190/48 61/191/48 63/192/48
o cube
v 0.7886423385221493 1.7462484264321416 -0.7577096626816849
v 0.9915362572839022 1.3527417861322235 -0.4330751269813572
v 0.993339104431519 1.4080995645983452 -0.3670998090757686
v 0.7904451856697661 1.8016062048982633 -0.6917343447760963
v 0.8690662204656596 1.769681592317558 -0.7795693523018347
v 0.8708690676132764 1.8250393707836796 -0.7135940343962461
v 1.0719601392274125 1.3761749520176396 -0.454934816601507
v 1.0737629863750293 1.4315327304837613 -0.3889594986959184
vt 0.5996663233337703 0.8333333333333333
vt 0.4166666666666667 0.8333333333333334
vt 0.4166671563363013 0.8046190556359257
vt 0.5996654222619523 0.8046175044699161
vt 0.8749999999999997 0.9166666666666662
vt 0.8749999999999997 0.8878087673894415
vt 0.9037139949085146 0.8878069403093086
vt 0.9037139949085146 0.9166648395865333
vt 0.3333333333333333 0.8671175044699161
vt 0.516332990000437 0.8671175044699161
vt 0.5163320889286189 0.8958333333333334
vt 0.33333382300296793 0.8958317821673235
vt 0.8750018270801331 0.8046193384248185
vt 0.9038597263573579 0.8046193384248185
vt 0.9038578992772249 0.8333333333333335
vt 0.8750000000000003 0.8333333333333335
vt 0.6041666666666666 0.8044743222392031
vt 0.7871668374316144 0.8044743222392032
vt 0.787166228939468 0.8333333333333334
vt 0.6041680071708803 0.8333325973367524
vt 0.5625014565686847 0.8669743222369893
vt 0.7454996783387524 0.8669743222369893
vt 0.7455001707634676 0.8958333333333334
vt 0.5625 0.8958325973289137
vn -0.9289671782238095 -0.27067385288260287 0.2524988062319902
vn -0.36956997952960663 0.7167698366118761 -0.5913197371590692
vn 0.9289671782238096 0.2706738528826025 -0.25249880623198995
vn 0.36956997952960524 -0.7167698366118761 0.5913197371590699
vn 0.02092873654522336 0.6426326063071118 0.7658885828222989
vn -0.020928736545222204 -0.6426326063071117 -0.7658885828222989
usemtl m_26198f71-3cf6-844b-b36a-703634890251
f 65/193/49 66/194/49 67/195/49 68/196/49
f 69/197/50 65/198/50 68/199/50 70/200/50
f 71/201/51 69/202/51 70/203/51 72/204/51
f 66/205/52 71/206/52 72/207/52 67/208/52
f 72/209/53 70/210/53 68/211/53 67/212/53
f 66/213/54 65/214/54 69/215/54 71/216/54
o cube
v 0.819319106734377 0.7290138635226863 0.04915238406836214
v 0.7841967173599214 0.5926154411576062 -0.10196294112079707
v 0.6199166571052024 0.6449346923681177 -0.09582337834632437
v 0.655039046479658 0.7813331147331979 0.055291946842834894
v 0.6099955308262329 -0.028549206637233066 0.5423003911973433
v 0.44653687087278754 0.023508448317225934 0.5484092561579437
v 0.40205114437992484 -0.10199441407775518 0.42756969954882584
v 0.5655098043333702 -0.1540520690322142 0.4214608345882255
vt 0.12500000000000075 0.9129629028827543
vt 0.12500000000000075 0.8441046694867137
vt 0.1823863359474016 0.8478064961056653
vt 0.1823871025435763 0.9166666666666661
vt 0.625 0.7549987566787346
vt 0.9342861479100909 0.7549987566787346
vt 0.9350832035911024 0.8125
vt 0.6257940911090519 0.8122113100179128
vt 0.16666666666666666 0.7708331539386906
vt 0.16666666666666666 0.713614293950326
vt 0.22660442351615492 0.713614473344969
vt 0.22660442351615484 0.7708333333333334
vt 0.2520886607553198 0.7586724688355816
vt 0.23780300842685106 0.816881737226557
vt 0.5503753130135148 0.816881737226557
vt 0.5611908005557967 0.7490217966456343
vt 0.2434062874741326 0.8585729895811597
vt 0.5525362211813566 0.8486651866330992
vt 0.541714345723843 0.9166666666666666
vt 0.22916666666666666 0.9166666666666665
vt 0.6458333333333334 0.916525756999807
vt 0.6458333333333334 0.8593070168608431
vt 0.9584040208109714 0.8591604417248354
vt 0.958404260737586 0.9166666666666666
vn 0.1987599653728695 0.7040958543796056 -0.6817209869223837
vn 0.1902582328813937 0.4981289386232554 0.8459724376874926
vn -0.17896620107336964 -0.6487438167463486 0.739663814923203
vn 0.952156328944657 -0.30357314330963453 -0.03523736527810156
vn -0.9657213701183571 0.2594001999629737 -0.009683571443031499
vn -0.19761744741286721 -0.5232329142800225 -0.8289599881128505
usemtl m_26198f71-3cf6-844b-b36a-703634890251
f 73/217/55 74/218/55 75/219/55 76/220/55
f 77/221/56 73/222/56 76/223/56 78/224/56
f 79/225/57 80/226/57 77/227/57 78/228/57
f 77/229/58 80/230/58 74/231/58 73/232/58
f 78/233/59 76/234/59 75/235/59 79/236/59
f 80/237/60 79/238/60 75/239/60 74/240/60