# Made in Blockbench 4.12.3
mtllib whitebeam_twig_branch_3.mtl

o cube
v 0.6226022223169236 0.8425772544923111 0.6010299714562863
v 0.7868822814817901 0.8839138803164368 0.6336839452090873
v 0.8220046731907893 0.6806109601715984 0.6440903676154743
v 0.6577246140259227 0.6392743343474729 0.6114363938626735
v 0.6126810793189442 0.8675806416953876 1.5284766479680414
v 0.44922242044990207 0.8264506990003827 1.4959859440840046
v 0.5681953506097432 1.0417710361159624 1.5317741023248896
v 0.40473669174070115 1.0006410934209575 1.4992833984408527
vt 0.4646934096672424 0.7967792997496789
vt 0.4683926026772509 0.8541666666666666
vt 0.3995345769091996 0.8541666666666666
vt 0.3958333333333333 0.7967789317042455
vt 0.2916666666666667 0.9375
vt 0.2916666666666667 0.8799939919729999
vt 0.6009217080229562 0.8757052481393018
vt 0.6009212017352771 0.9329242401111847
vt 0.5572193892309079 0.794228135628725
vt 0.5572193892309079 0.8541649385733451
vt 0.5 0.8541666666666666
vt 0.5 0.7942298637220466
vt 0.916586585470392 0.724178412826616
vt 0.6041666666666666 0.733932125552071
vt 0.6202625762346844 0.7916666666666666
vt 0.9295143338702626 0.7916666666666665
vt 0.6149865185330224 0.875
vt 0.6041666666666666 0.8069980159281497
vt 0.9132960467330119 0.8169058820566696
vt 0.9275342665032881 0.8749999999999999
vt 0.625 0.9008274075601442
vt 0.9375724285510124 0.9008274075601441
vt 0.9375985935978149 0.9580460914633286
vt 0.6250270531187506 0.9583333333333334
vn 0.19875998290654245 -0.015821418044765164 -0.9799204824505119
vn 0.1902582403041262 -0.950423195434446 0.24596250034620054
vn -0.17896621764697498 -0.06429014947348936 0.9817524482382572
vn 0.9521563226195329 0.23957521995565148 0.18974206512750214
vn -0.9657213645643509 -0.17657633336554693 -0.19027097655487907
vn -0.19761745543339315 0.9561447683060926 -0.21618169059594114
usemtl m_bc3327cf-e051-9e9e-1392-a940240fed34
f 1/1/1 2/2/1 3/3/1 4/4/1
f 4/5/2 3/6/2 5/7/2 6/8/2
f 5/9/3 7/10/3 8/11/3 6/12/3
f 2/13/4 7/14/4 5/15/4 3/16/4
f 1/17/5 4/18/5 6/19/5 8/20/5
f 1/21/6 8/22/6 7/23/6 2/24/6
o cube
v 1.025268173767269 0.4186661333068009 -0.13789507182963295
v 0.6637982264520894 0.7067085857367941 0.6777232997283407
v 0.6444909515531059 0.8347154502544307 0.6239599070030062
v 1.0059608988682855 0.5466729978244376 -0.1916584645549675
v 1.149609702965158 0.45515336394708794 -0.09567452382203451
v 1.1303024280661744 0.5831602284647246 -0.14943791654736904
v 0.7881397556499783 0.7431958163770811 0.7199438477359392
v 0.7688324807509948 0.8712026808947178 0.6661804550106047
vt 0.1875 0.7708333333333334
vt 0.4999922437509672 0.7708333333333334
vt 0.499992549327996 0.8125
vt 0.18750030557702888 0.8124999999999999
vt 0.5000000000000001 0.833331436707441
vt 0.5 0.7916666666666666
vt 0.5416666666666666 0.7916667297560933
vt 0.5416661439799682 0.8333333333333333
vt 0.47915891041763387 0.8958333333333334
vt 0.16666666666666666 0.8958333333333334
vt 0.16666697224369553 0.8541666666666667
vt 0.4791592159946627 0.8541666666666666
vt 0.5 0.8541666666666666
vt 0.5416647700407745 0.8541666666666666
vt 0.5416666666666666 0.8958328106466348
vt 0.5000000630894267 0.8958333333333334
vt 0.8749927698962918 0.8124999999999999
vt 0.5625006910730728 0.8125
vt 0.5625 0.7708333333333335
vt 0.8749920788232192 0.7708333333333334
vt 0.8958254121565524 0.8958333333333334
vt 0.5833333333333334 0.8958333333333333
vt 0.583334024406406 0.8541666666666666
vt 0.8958261032296252 0.8541666666666667
vn -0.9123368149802115 -0.26771943376077617 -0.3097867666937579
vn 0.3855775832424419 -0.3072529639160924 -0.8700146800288454
vn 0.9123368149802115 0.2677194337607766 0.3097867666937579
vn -0.3855775832424426 0.30725296391609197 0.8700146800288454
vn -0.13773693525224515 0.9131932549858139 -0.38354480274895314
vn 0.13773693525224487 -0.913193254985814 0.383544802748953
usemtl m_bc3327cf-e051-9e9e-1392-a940240fed34
f 9/25/7 10/26/7 11/27/7 12/28/7
f 13/29/8 9/30/8 12/31/8 14/32/8
f 15/33/9 13/34/9 14/35/9 16/36/9
f 10/37/10 15/38/10 16/39/10 11/40/10
f 16/41/11 14/42/11 12/43/11 11/44/11
f 10/45/12 9/46/12 13/47/12 15/48/12
o cube
v 0.8767526030492423 0.4270483147276595 -0.575635749256026
v 0.9879946110743372 0.5062311723049198 -0.04388741525163681
v 0.9901612687077939 0.5913397425771905 -0.057014232390408426
v 0.878919260682699 0.5121568849999303 -0.5887625663947976
v 0.9615021984063818 0.4222660774187095 -0.5926532806189593
v 0.9636688560398388 0.5073746476909802 -0.6057800977577309
v 1.072744206431477 0.5014489349959697 -0.06090494661457013
v 1.0749108640649336 0.5865575052682404 -0.07403176375334175
vt 0.375 0.8254512270078224
vt 0.5580006840312429 0.8254512270078221
vt 0.5580006093929745 0.8541649061332501
vt 0.37500228779218475 0.8541666666666666
vt 0.5 0.8879511073054993
vt 0.5288596668193452 0.8879511073054993
vt 0.5288598388683784 0.9166647029916433
vt 0.5000023685316657 0.9166666666666676
vt 0.7663340173645762 0.7916666666666666
vt 0.5833333333333334 0.7916666666666666
vt 0.583335621125518 0.7629512270078224
vt 0.7663339427263077 0.7629529875412385
vt 0.5208333333333329 0.9166664946176335
vt 0.5208333333333329 0.8878068277982883
vt 0.5495488926945011 0.887809196329954
vt 0.5495469290194768 0.9166666666666669
vt 0.7871677071326566 0.8541666666666666
vt 0.6041667206233811 0.8541666666666666
vt 0.6041666666666666 0.8253099549107312
vt 0.7871669080515057 0.8253080093857759
vt 0.8080004942219573 0.9166666666666666
vt 0.6250002528267764 0.9166666666666666
vt 0.625 0.8878099549117883
vt 0.8080009864989339 0.8878080093789115
vn -0.9789330053706078 0.05523908310733308 0.19656758301798125
vn -0.20262660842458097 -0.14423107026823342 -0.9685762003722947
vn 0.9789330053706076 -0.05523908310733586 -0.19656758301798127
vn 0.20262660842458122 0.1442310702682336 0.9685762003722945
vn 0.025152108349427788 0.988001033434045 -0.15238546314802395
vn -0.02515210834942669 -0.9880010334340452 0.15238546314802393
usemtl m_bc3327cf-e051-9e9e-1392-a940240fed34
f 17/49/13 18/50/13 19/51/13 20/52/13
f 21/53/14 17/54/14 20/55/14 22/56/14
f 23/57/15 21/58/15 22/59/15 24/60/15
f 18/61/16 23/62/16 24/63/16 19/64/16
f 24/65/17 22/66/17 20/67/17 19/68/17
f 18/69/18 17/70/18 21/71/18 23/72/18
o cube
v 0.5462891484831465 -0.17338540470656233 -0.12703451753181288
v 0.6548148058415921 0.28966356801708837 0.1497215088786097
v 0.6537807843842776 0.2527058572922487 0.21196206084472202
v 0.5452551270258319 -0.210343115431402 -0.0647939655657006
v 0.4673802359867678 -0.15915734135220505 -0.11989699823133693
v 0.466346214529453 -0.19611505207704472 -0.05765644626522459
v 0.5759058933452135 0.3038916313714456 0.1568590281790856
v 0.5748718718878987 0.2669339206466059 0.21909958014519804
vt 0.6250004659021121 0.75
vt 0.8084203880913411 0.75
vt 0.8084199221892288 0.7708333333333334
vt 0.625 0.7708333333333334
vt 0.5416659307678314 0.8541666666666657
vt 0.5208333333333337 0.8541666666666657
vt 0.5208340692321692 0.8333333333333324
vt 0.5416666666666671 0.8333333333333324
vt 0.6000870547580077 0.9166666666666666
vt 0.4166671325687788 0.9166666666666666
vt 0.4166666666666667 0.8958333333333334
vt 0.6000865888558955 0.8958333333333334
vt 0.5208333333333336 0.770833333333333
vt 0.5208333333333336 0.7916659307678308
vt 0.5000000000000003 0.7916666666666664
vt 0.5000000000000003 0.7708340692321687
vt 0.8709208083570893 0.8333333333333334
vt 0.6875 0.8333333333333333
vt 0.6875009907914619 0.8125003324719622
vt 0.8709197603012836 0.8125
vt 0.8709198229493271 0.875
vt 0.6875010534390054 0.875
vt 0.6875 0.8541669991423245
vt 0.8709208083565892 0.8541666666666666
vn 0.9802539645117786 -0.17674955932352293 -0.08866655704312357
vn -0.1972261428387424 -0.8415094186814462 -0.5029550147392575
vn -0.9802539645117784 0.17674955932352457 0.08866655704312093
vn 0.1972261428387415 0.8415094186814466 0.5029550147392571
vn -0.01428333434087711 -0.5105110102136433 0.8597525776703157
vn 0.014283334340877463 0.5105110102136432 -0.8597525776703158
usemtl m_bc3327cf-e051-9e9e-1392-a940240fed34
f 25/73/19 26/74/19 27/75/19 28/76/19
f 29/77/20 25/78/20 28/79/20 30/80/20
f 31/81/21 29/82/21 30/83/21 32/84/21
f 26/85/22 31/86/22 32/87/22 27/88/22
f 32/89/23 30/90/23 28/91/23 27/92/23
f 26/93/24 25/94/24 29/95/24 31/96/24
o cube
v 0.6663293485946089 0.2861439768528853 0.1398615374784058
v 0.7667600176309932 0.802418033354946 0.6578558938450048
v 0.7580853989530065 0.7389444102319167 0.7228005833664217
v 0.657654729916622 0.222670353729856 0.20480622699982298
v 0.5602784704908981 0.3037357664703695 0.14288970956874447
v 0.5516038518129112 0.2402621433473402 0.20783439909016166
v 0.6607091395272824 0.8200098229724302 0.6608840659353432
v 0.6520345208492957 0.7565361998494009 0.7258287554567606
vt 0.22916666666666666 0.8237595016985736
vt 0.4752347417382705 0.8237595016985737
vt 0.4752349054237781 0.8541666666666666
vt 0.22916683035217433 0.8541666666666665
vt 0.5358484965701417 0.8541666666666671
vt 0.500001215854274 0.854166666666667
vt 0.5000000000000008 0.8237577577915842
vt 0.5358472807158684 0.8237577577915842
vt 0.8710680750716039 0.8124999999999999
vt 0.625 0.8125
vt 0.6250001636855077 0.7820928350319071
vt 0.8710682387571115 0.7820928350319071
vt 0.530408908875082 0.7766527192841323
vt 0.530408908875082 0.8125000000000001
vt 0.49999999999999917 0.8124987841457267
vt 0.49999999999999917 0.776651503429859
vt 0.8710687439323642 0.8541666666666666
vt 0.625 0.8541666666666666
vt 0.6250018385995221 0.8183187561008882
vt 0.8710685539483328 0.8183182816258681
vt 0.8710686230720688 0.8958333333333331
vt 0.6250019077228006 0.8958333333333334
vt 0.625 0.8599854227711669
vt 0.8710687439319068 0.8599849482922349
vn 0.9861282116806946 -0.16357959826403054 -0.028157861410509813
vn -0.13604753197411934 -0.6993661585976956 -0.701696547841055
vn -0.9861282116806944 0.1635795982640323 0.02815786141050801
vn 0.1360475319741181 0.6993661585976974 0.7016965478410536
vn -0.09509058403010356 -0.6957935694155858 0.7119192999130817
vn 0.09509058403010355 0.6957935694155858 -0.7119192999130816
usemtl m_bc3327cf-e051-9e9e-1392-a940240fed34
f 33/97/25 34/98/25 35/99/25 36/100/25
f 37/101/26 33/102/26 36/103/26 38/104/26
f 39/105/27 37/106/27 38/107/27 40/108/27
f 34/109/28 39/110/28 40/111/28 35/112/28
f 40/113/29 38/114/29 36/115/29 35/116/29
f 34/117/30 33/118/30 37/119/30 39/120/30
o cube
v 1.3369027387964385 0.421404186879884 -0.6630050704521024
v 1.0133232513937351 0.4744363056970712 -0.13061989287297632
v 1.024548825969922 0.5571927150427851 -0.13204063503109142
v 1.3481283133726256 0.504160596225598 -0.6644258126102176
v 1.4118605068161774 0.41203463119659434 -0.6165130105951964
v 1.4230860813923643 0.49479104054230827 -0.6179337527533115
v 1.088281019413474 0.4650667500137815 -0.08412783301607024
v 1.0995065939896609 0.5478231593594955 -0.08554857517418535
vt 0.25000058725635815 0.7638235221912902
vt 0.4584203542535737 0.7638235221912901
vt 0.4584199446735009 0.7916666666666666
vt 0.25 0.7916645909236877
vt 0.5208348083511648 0.8263243052395498
vt 0.5504013059079904 0.8263243052395498
vt 0.5504019024916356 0.854166445883743
vt 0.5208333333333331 0.8541666666666669
vt 0.4375870209202404 0.8749999999999999
vt 0.2291672539230248 0.875
vt 0.22916666666666666 0.8471589312676026
vt 0.4375866113401676 0.8471568555246234
vt 0.49999999999999983 0.791666070083021
vt 0.49999999999999983 0.7620995725261953
vt 0.5278423614271168 0.7620980975083639
vt 0.527842140644193 0.7916666666666662
vt 0.8959187796857434 0.8333333333333334
vt 0.6875 0.8333333333333334
vt 0.6875006517326967 0.8037647128060287
vt 0.8959210558771805 0.8037660171877129
vt 0.875087537495188 0.8749999999999999
vt 0.6666671333466224 0.875
vt 0.6666666666666666 0.8454313794691956
vt 0.8750854463483284 0.8454326838407132
vn -0.845055779256864 0.10563010863861191 -0.5241402580355464
vn 0.517511894896052 -0.08481610660715258 -0.8514620759030327
vn 0.8450557792568641 -0.1056301086386119 0.5241402580355464
vn -0.5175118948960523 0.08481610660715051 0.8514620759030327
vn 0.13439556758193918 0.9907817661871857 -0.017009503382795384
vn -0.1343955675819387 -0.9907817661871857 0.017009503382795374
usemtl m_bc3327cf-e051-9e9e-1392-a940240fed34
f 41/121/31 42/122/31 43/123/31 44/124/31
f 45/125/32 41/126/32 44/127/32 46/128/32
f 47/129/33 45/130/33 46/131/33 48/132/33
f 42/133/34 47/134/34 48/135/34 43/136/34
f 48/137/35 46/138/35 44/139/35 43/140/35
f 42/141/36 41/142/36 45/143/36 47/144/36
o cube
v 1.5855523182221143 0.47152853827923136 -1.1057337796103723
v 1.3407732253944722 0.43561650729816237 -0.6584420313995545
v 1.350714987193063 0.4977115721268618 -0.6480159608433204
v 1.5954940800207051 0.5336236031079307 -1.095307709054138
v 1.6435323593598712 0.4571124283843293 -1.075161809209988
v 1.653474121158462 0.5192074932130288 -1.0647357386537537
v 1.3987532665322293 0.42120039740326043 -0.6278700609991701
v 1.4086950283308202 0.48329546223195985 -0.6174439904429359
vt 0.35788581709500805 0.7708333333333334
vt 0.1875006832712939 0.7708333333333334
vt 0.1875 0.7500000000000001
vt 0.3578851338237143 0.75
vt 0.5000003748079866 0.7912511838909652
vt 0.5223729415014037 0.7912511838909652
vt 0.5223705322154929 0.812500000000001
vt 0.5000000000000006 0.8124995514720176
vt 0.3333340166046272 0.8125
vt 0.5037191504283414 0.8125000000000001
vt 0.5037184671570476 0.8333333333333334
vt 0.3333333333333333 0.8333333333333334
vt 0.49999999999999895 0.7916666666666657
vt 0.49999999999999895 0.7692940999732488
vt 0.5212483675810513 0.7692937251652627
vt 0.5212488161090347 0.791664257380755
vt 0.6666666666666666 0.75
vt 0.8370502667593854 0.75
vt 0.8370511163537383 0.7708333333333334
vt 0.666666868621093 0.7708314894744904
vt 0.6666671286025455 0.8125
vt 0.8370513763466967 0.8125
vt 0.8370502667478797 0.8333333333333334
vt 0.6666666666666666 0.8333314894814984
vn -0.8639166947947178 0.2148035387317225 -0.4555297841012155
vn 0.47887728865130985 0.07025704616973018 -0.8750659917271808
vn 0.8639166947947178 -0.21480353873172336 0.4555297841012151
vn -0.4788772886513084 -0.07025704616973046 0.8750659917271817
vn 0.1559630945734966 0.9741269872105146 0.16356077133354602
vn -0.1559630945734993 -0.974126987210514 -0.16356077133354752
usemtl m_bc3327cf-e051-9e9e-1392-a940240fed34
f 49/145/37 50/146/37 51/147/37 52/148/37
f 53/149/38 49/150/38 52/151/38 54/152/38
f 55/153/39 53/154/39 54/155/39 56/156/39
f 50/157/40 55/158/40 56/159/40 51/160/40
f 56/161/41 54/162/41 52/163/41 51/164/41
f 50/165/42 49/166/42 53/167/42 55/168/42
o cube
v 0.4677377493033521 -0.41872214238974637 -0.24576932380095629
v 0.5327256011420154 -0.16872039632328817 -0.1179547706195701
v 0.5343578661913031 -0.1961961876847501 -0.06504281147716201
v 0.4693700143526398 -0.4461979337512083 -0.1928573646585482
v 0.4115090082001198 -0.4078726525804076 -0.2384008851045431
v 0.41314127324940764 -0.43534844394186956 -0.185488925962135
v 0.4764968600387831 -0.15787090651394942 -0.11058633192315692
v 0.4781291250880708 -0.18534669787541136 -0.05767437278074883
vt 0.583333528330516 0.7926190871837729
vt 0.6793997311119327 0.7926190871837729
vt 0.67939953611475 0.8125
vt 0.5833333333333334 0.8125
vt 0.5400795492537938 0.8541666666666669
vt 0.5208333333333344 0.8541666666666669
vt 0.5208352199776513 0.8342851905882005
vt 0.5400814358981106 0.8342851905882005
vt 0.700233064445266 0.875
vt 0.6041668616638493 0.875
vt 0.6041666666666666 0.8551190871837729
vt 0.7002328694480834 0.8551190871837729
vt 0.499048142745133 0.8349185641018902
vt 0.499048142745133 0.8541647800223497
vt 0.4791666666666667 0.8541666666666666
vt 0.4791666666666667 0.8349204507462072
vt 0.8460674790873384 0.8333333333333334
vt 0.7500000417910279 0.8333333333333333
vt 0.75 0.8140865829538052
vt 0.8460690323130091 0.8140890601452163
vt 0.8252356990116135 0.8749999999999999
vt 0.7291666666666666 0.875
vt 0.729167204745453 0.855753249627948
vt 0.8252346420098263 0.8557557267782299
vn 0.9738602151656052 -0.18790899943431777 -0.12761853019524547
vn -0.22549347833769703 -0.8674507883561828 -0.44348824224256944
vn -0.9738602151656052 0.1879089994343169 0.1276185301952473
vn 0.22549347833769698 0.8674507883561826 0.4434882422425694
vn 0.027367362766037982 -0.4606727012878349 0.8871480652875265
vn -0.027367362766037934 0.4606727012878349 -0.8871480652875267
usemtl m_bc3327cf-e051-9e9e-1392-a940240fed34
f 57/169/43 58/170/43 59/171/43 60/172/43
f 61/173/44 57/174/44 60/175/44 62/176/44
f 63/177/45 61/178/45 62/179/45 64/180/45
f 58/181/46 63/182/46 64/183/46 59/184/46
f 64/185/47 62/186/47 60/187/47 59/188/47
f 58/189/48 57/190/48 61/191/48 63/192/48
o cube
v 0.8237990686158072 0.2671558884733416 -0.9797587591055856
v 0.8961009508453799 0.45166618669369063 -0.5491726612381568
v 0.8914062535973479 0.5045595259615936 -0.571049657270575
v 0.8191043713677753 0.32004922774124456 -1.0016357551380037
v 0.8776144800702217 0.26803848536546404 -0.9891733774060005
v 0.8729197828221897 0.3209318246333671 -1.0110503734384189
v 0.9499163622997941 0.4525487835858131 -0.5585872795385717
v 0.9452216650517624 0.505442122853716 -0.5804642755709899
vt 0.47916790744957033 0.7933558352598149
vt 0.6371662696867089 0.7933558352598148
vt 0.6371669478758766 0.8124991889365207
vt 0.4791666666666667 0.8125
vt 0.5208333333333336 0.9166666666666675
vt 0.5208333333333336 0.898453460558568
vt 0.5399779384999047 0.8984530942854965
vt 0.5399779384999047 0.9166663003935959
vt 0.6371662696867089 0.8541666666666665
vt 0.4791679074495703 0.8541666666666666
vt 0.4791666666666667 0.8350225019264815
vt 0.6371669478758765 0.8350233129899607
vt 0.5208336996064059 0.8975220615000957
vt 0.5390469057145053 0.8975220615000957
vt 0.5390465394414338 0.9166666666666669
vt 0.5208333333333343 0.9166666666666669
vt 0.8246670754351472 0.875
vt 0.6666666666666666 0.8749999999999999
vt 0.6666675536743051 0.8567864627932608
vt 0.8246658809003948 0.8567863764274505
vt 0.8246658908563903 0.8125
vt 0.666667563630277 0.8124999999999999
vt 0.6666666666666666 0.7942864627937484
vt 0.8246670754351236 0.7942863764268001
vn -0.9849115180607456 -0.016152990776489663 0.17230317025595376
vn -0.1525356165180858 -0.3892622325323806 -0.908409489171791
vn 0.9849115180607457 0.016152990776489493 -0.17230317025595307
vn 0.15253561651808636 0.3892622325323818 0.9084094891717904
vn -0.08174464682610817 0.9209853393039873 -0.38092494996047993
vn 0.08174464682610451 -0.9209853393039874 0.3809249499604808
usemtl m_bc3327cf-e051-9e9e-1392-a940240fed34
f 65/193/49 66/194/49 67/195/49 68/196/49
f 69/197/50 65/198/50 68/199/50 70/200/50
f 71/201/51 69/202/51 70/203/51 72/204/51
f 66/205/52 71/206/52 72/207/52 67/208/52
f 72/209/53 70/210/53 68/211/53 67/212/53
f 66/213/54 65/214/54 69/215/54 71/216/54
o cube
v 1.736612955688262 0.520757260745663 -1.3830140781992373
v 1.595278828462948 0.4740502738854774 -1.096943169204771
v 1.5983333049708812 0.5175098323362803 -1.0883384256971476
v 1.7396674321961951 0.564216819196466 -1.3744093346916137
v 1.7741798682713732 0.5146399106107176 -1.3654528244954962
v 1.7772343447793064 0.5580994690615206 -1.3568480809878727
v 1.6328457410460593 0.4679329237505321 -1.07938191550103
v 1.635900217553992 0.5113924822013352 -1.0707771719934065
vt 0.7116603397080303 0.8333333333333334
vt 0.6041666666666666 0.8333333333333333
vt 0.6041672491460391 0.8185301627888971
vt 0.711660922187403 0.8185301627888971
vt 0.5000000000000008 0.8810297748244967
vt 0.513973880644896 0.8810297748244967
vt 0.5139752156007585 0.8958312728174685
vt 0.5000016424491867 0.8958333333333345
vt 0.625 0.8393634961222305
vt 0.7324936730413638 0.8393634961222305
vt 0.7324942555207362 0.8541666666666666
vt 0.6250005824793725 0.8541666666666666
vt 0.49999999999999895 0.9166653317108038
vt 0.49999999999999895 0.9026914510659086
vt 0.5148035585088367 0.9026930935150945
vt 0.5148014979929708 0.9166666666666664
vt 0.6041666703813351 0.8818605136593141
vt 0.7116609338951062 0.8818605136593142
vt 0.7116594514597333 0.8958333333333334
vt 0.6041666666666666 0.8958318657970115
vt 0.6041668536947234 0.8610271803070441
vt 0.7116596384978079 0.8610271803070441
vt 0.7116609301704199 0.875
vt 0.6041666666666666 0.87499853244349
vn -0.8962067047021556 0.14593720454987433 -0.41894614782221334
vn 0.4382723400634647 0.1448367838002305 -0.8870961965839443
vn 0.8962067047021554 -0.14593720454987444 0.4189461478222134
vn -0.43827234006346466 -0.14483678380023485 0.8870961965839437
vn 0.0687815264602203 0.9786340676609281 0.19376393686965632
vn -0.06878152646022019 -0.9786340676609281 -0.1937639368696565
usemtl m_bc3327cf-e051-9e9e-1392-a940240fed34
f 73/217/55 74/218/55 75/219/55 76/220/55
f 77/221/56 73/222/56 76/223/56 78/224/56
f 79/225/57 77/226/57 78/227/57 80/228/57
f 74/229/58 79/230/58 80/231/58 75/232/58
f 80/233/59 78/234/59 76/235/59 75/236/59
f 74/237/60 73/238/60 77/239/60 79/240/60