# Made in Blockbench 4.12.3
mtllib whitebeam_twig_branch_up.mtl

o cube
v 0.7610701795297208 1.4307947711878215 -0.483199004101174
v 0.5673138307624319 0.7075725678822491 0.11363796857913344
v 0.5822125731970647 0.774524823046727 0.19960463247609717
v 0.7759689219643535 1.4977470263522994 -0.3972323402042103
v 0.870278250459537 1.403476113462052 -0.48084945587998906
v 0.88517699289417 1.4704283686265298 -0.39488279198302534
v 0.6765219016922481 0.6802539101564795 0.11598751680031838
v 0.6914206441268811 0.7472061653209574 0.2019541806972821
vt 0.5274998023110322 0.8541666666666666
vt 0.2083348022813869 0.8541666666666665
vt 0.20833333333333334 0.8175069156318809
vt 0.5274996407294663 0.8175085376894154
vt 0.5416667481948299 0.8175072840450964
vt 0.5791985128087503 0.8175072840450964
vt 0.5792003665625902 0.8541658953292929
vt 0.5416666666666666 0.8541666666666674
vt 0.2083348022813869 0.880006915631881
vt 0.5274998023110323 0.8800069156318809
vt 0.5274996407294662 0.9166650446091321
vt 0.20833333333333334 0.9166666666666666
vt 0.5624999999999994 0.7916648129128261
vt 0.5624999999999994 0.7541330482989058
vt 0.5991593826215703 0.7541329667707425
vt 0.5991586112841958 0.7916666666666662
vt 0.625 0.8166327983413999
vt 0.94416673128807 0.8166327983414
vt 0.9441678612921929 0.8541646831487917
vt 0.6250004928741387 0.8541666666666666
vt 0.6041669262804343 0.8791327983390617
vt 0.923334294704652 0.8791327983390617
vt 0.9233333979485735 0.9166646831527511
vt 0.6041666666666666 0.9166666666666666
vn -0.9698964842335793 0.24262190382643503 -0.020866759570628342
vn 0.20235650001805713 0.7553234499274941 -0.6233284309977127
vn 0.9698964842335792 -0.24262190382643634 0.020866759570626767
vn -0.2023565000180571 -0.7553234499274939 0.623328430997713
vn 0.1354719778101156 0.6087865781809454 0.7816816778298895
vn -0.13547197781011586 -0.6087865781809453 -0.7816816778298895
usemtl m_56becc95-1677-f049-6196-9691fdcfafb4
f 1/1/1 2/2/1 3/3/1 4/4/1
f 5/5/2 1/6/2 4/7/2 6/8/2
f 7/9/3 5/10/3 6/11/3 8/12/3
f 2/13/4 7/14/4 8/15/4 3/16/4
f 8/17/5 6/18/5 4/19/5 3/20/5
f 2/21/6 1/22/6 5/23/6 7/24/6
o cube
v 0.7233449333263424 0.792509298193504 0.20018338507389088
v 0.7019808217925512 0.6537043776974056 0.0738713309798984
v 0.5423258441666493 0.6782776221773839 0.07387132704163735
v 0.5636899557004407 0.8170825426734822 0.20018338113562995
v 0.6045442849811665 0.02330360630261097 0.5660056397488601
v 0.4456875822433941 0.047753984560189255 0.5660056358302905
v 0.4278057102400794 -0.06842645342064455 0.45638986376306384
v 0.5866624129778517 -0.09287683167822283 0.4563898676816335
vt 0.4791666666666667 0.8125
vt 0.4791666666666667 0.7495362981414202
vt 0.5330119907674405 0.7495369569342405
vt 0.5330115684148603 0.812498618720254
vt 0.6041908995453963 0.7794879264866669
vt 0.8908609380202975 0.7794879264866669
vt 0.8908349995990076 0.8333333333333334
vt 0.6041666666666666 0.8330631070120104
vt 0.4791666666666667 0.9166666666666666
vt 0.47916666666666674 0.863091173096521
vt 0.5327421602368124 0.863091173096521
vt 0.5327421602368124 0.9166666666666666
vt 0.1434506594900357 0.7413669753159928
vt 0.125 0.7916666666666664
vt 0.4072532573500654 0.7916666666666666
vt 0.42999786283184704 0.7329549249086262
vt 0.1434518121087668 0.8663691306272254
vt 0.42999702216048075 0.8579566586901107
vt 0.4072530919600472 0.9166666666666666
vt 0.125 0.9166666666666666
vt 0.625 0.8957003761596073
vt 0.625 0.8421246190163599
vt 0.907254596025659 0.8419890524469916
vt 0.9072544113183613 0.8958333333333334
vn 0.10172804413535544 0.6609377811480672 -0.7435137217882833
vn 0.06470866982325593 0.4204192411569666 0.9050195852658136
vn -0.10374788920976259 -0.6740609309345943 0.7313537016192009
vn 0.9883086858017798 -0.152465745398472 0.00037154925271234453
vn -0.9884132280516614 0.15178651809660665 0.00037886224822026833
vn -0.06872076728918412 -0.44648626217996185 -0.8921476748990339
usemtl m_56becc95-1677-f049-6196-9691fdcfafb4
f 9/25/7 10/26/7 11/27/7 12/28/7
f 13/29/8 9/30/8 12/31/8 14/32/8
f 15/33/9 16/34/9 13/35/9 14/36/9
f 13/37/10 16/38/10 10/39/10 9/40/10
f 14/41/11 12/42/11 11/43/11 15/44/11
f 16/45/12 15/46/12 11/47/12 10/48/12
o cube
v 0.9063521602096343 1.8703649610215423 -0.9369334441953079
v 0.7719433494202992 1.4024435044823225 -0.42357194184787783
v 0.7794103818995688 1.450957599900713 -0.37739703189041607
v 0.9138191926889039 1.9188790564399323 -0.8907585342378461
v 0.9757776557392721 1.855379326807415 -0.9324155781431107
v 0.9832446882185419 1.903893422225805 -0.886240668185649
v 0.841368844949937 1.3874578702681948 -0.41905407579568066
v 0.8488358774292069 1.4359719656865852 -0.3728791658382189
vt 0.5066667443972065 0.8125
vt 0.2708340977458948 0.8125
vt 0.2708333333333333 0.7916680894230071
vt 0.506667389441046 0.7916666666666666
vt 0.5416677397917246 0.8333333333333345
vt 0.5625000000000009 0.8333333333333345
vt 0.5624989268749438 0.8541666666666677
vt 0.5416666666666675 0.8541666666666677
vt 0.37500076441256147 0.8958333333333336
vt 0.6108334110638732 0.8958333333333334
vt 0.6108340561077127 0.9166666666666666
vt 0.375 0.9166652439103264
vt 0.5416666666666675 0.8125000000000008
vt 0.5416666666666675 0.7916677397917243
vt 0.5625000000000009 0.7916666666666674
vt 0.5625000000000009 0.8124989268749437
vt 0.6666666666666666 0.8125
vt 0.9024999189211433 0.8125000000000001
vt 0.9025010760733373 0.8333333333333334
vt 0.6666678238188606 0.8333333333333331
vt 0.6666678238188606 0.8958333333333334
vt 0.9025010760733373 0.8958333333333334
vt 0.9024999189211433 0.9166666666666666
vt 0.6666666666666666 0.9166666666666666
vn -0.975516046741713 0.21056711997456612 -0.0634817338691752
vn 0.18997711772343967 0.6613730834476643 -0.7255992966041404
vn 0.9755160467417127 -0.21056711997456914 0.06348173386917191
vn -0.1899771177234432 -0.66137308344766 0.7255992966041435
vn 0.11080224406984346 0.7198938341703933 0.685182990326334
vn -0.11080224406984378 -0.7198938341703934 -0.6851829903263338
usemtl m_56becc95-1677-f049-6196-9691fdcfafb4
f 17/49/13 18/50/13 19/51/13 20/52/13
f 21/53/14 17/54/14 20/55/14 22/56/14
f 23/57/15 21/58/15 22/59/15 24/60/15
f 18/61/16 23/62/16 24/63/16 19/64/16
f 24/65/17 22/66/17 20/67/17 19/68/17
f 18/69/18 17/70/18 21/71/18 23/72/18
o cube
v 1.1269865235987666 0.942527496607168 -0.358362745798938
v 1.4215162182098493 1.2305573190298789 -0.7307120374770028
v 1.4413164365419338 1.1809239138227468 -0.7534437810807513
v 1.146786741930851 0.8928940914000356 -0.38109448940268664
v 1.171976986162185 0.9437452184358985 -0.321833154618556
v 1.1917772044942696 0.8941118132287662 -0.3445648982223046
v 1.4665066807732676 1.2317750408586097 -0.6941824462966206
v 1.4863068991053523 1.1821416356514773 -0.7169141899003693
vt 0.39583402470850704 0.8556418604637829
vt 0.5809333675222227 0.8556418604637829
vt 0.5809315952944586 0.875
vt 0.3958333333333333 0.8749982189790974
vt 0.5609880118628549 0.8124999999999994
vt 0.5416675886185188 0.8124999999999994
vt 0.5416666666666664 0.7931420880906461
vt 0.5609891726146145 0.7931420368710987
vt 0.851766700855556 0.7916666666666666
vt 0.6666673580418404 0.7916666666666666
vt 0.6666666666666666 0.772310308151352
vt 0.8517649286277921 0.7723085271304496
vt 0.5610246297955678 0.7931784160039048
vt 0.5610246297955678 0.8124988392482408
vt 0.5416666666666671 0.8125000000000004
vt 0.5416667178862143 0.7931774940520524
vt 0.8309328355958927 0.8333333333333334
vt 0.6458333333333334 0.8333333333333334
vt 0.6458339017213195 0.8140112827097081
vt 0.8309313223566729 0.8140111984128925
vt 0.8309313311563141 0.875
vt 0.6458339105209415 0.875
vt 0.6458333333333334 0.8556779493766355
vt 0.8309328355958735 0.855677865078872
vn -0.7761551060925056 -0.02100758608199111 -0.6301919807594661
vn -0.5304018841776789 -0.5186966316387822 0.6705427992211607
vn 0.7761551060925045 0.021007586081992723 0.6301919807594673
vn 0.5304018841776776 0.518696631638784 -0.6705427992211603
vn 0.34096494328200383 -0.8547002314575496 -0.391446575919513
vn -0.34096494328200494 0.8547002314575498 0.39144657591951215
usemtl m_56becc95-1677-f049-6196-9691fdcfafb4
f 25/73/19 26/74/19 27/75/19 28/76/19
f 29/77/20 25/78/20 28/79/20 30/80/20
f 31/81/21 29/82/21 30/83/21 32/84/21
f 26/85/22 31/86/22 32/87/22 27/88/22
f 32/89/23 30/90/23 28/91/23 27/92/23
f 26/93/24 25/94/24 29/95/24 31/96/24
o cube
v 0.6097279858037978 0.6801032546527901 0.17295344015444347
v 1.1265860614471461 0.9711366887025137 -0.3850143712078927
v 1.1460930028585905 0.8878213625766134 -0.41040154405788376
v 0.6292349272152422 0.5967879285268896 0.14756626730445244
v 0.6745885540103866 0.6774097656106717 0.23163032515781123
v 0.694095495421831 0.5940944394847714 0.2062431523078203
v 1.191446629653735 0.9684431996603955 -0.3263374862045249
v 1.2109535710651793 0.885127873534495 -0.35172465905451594
vt 0.2500004917947594 0.8244145947161551
vt 0.5214516639390457 0.8244145947161551
vt 0.5214511721442862 0.8541666666666666
vt 0.25 0.8541666666666666
vt 0.5505869493578427 0.7833320317998727
vt 0.5505869493578427 0.8124999999999994
vt 0.5208333333333336 0.812497339702046
vt 0.5208354155320842 0.7833294402488514
vt 0.5006183306057123 0.8958333333333334
vt 0.22916715846142596 0.8958333333333333
vt 0.22916666666666666 0.8660812613828217
vt 0.5006178388109529 0.8660812613828218
vt 0.5708372264178146 0.8124999999999997
vt 0.5416692582176879 0.8124999999999997
vt 0.5416666666666665 0.7827484661742412
vt 0.5708345661198612 0.7827463839754906
vt 0.8339521625927618 0.8541666666666666
vt 0.5625008754544201 0.8541666666666666
vt 0.5625 0.8249987350108087
vt 0.8339512871383418 0.8249987350108087
vt 0.8339512871383418 0.8958333333333333
vt 0.5625 0.8958333333333334
vt 0.5625008754544201 0.8666654016774754
vt 0.833952162592762 0.8666654016774753
vn -0.7412212811449486 0.030780972997181084 -0.6705546540582564
vn -0.634685542563667 -0.35737994954242785 0.6851670115568287
vn 0.7412212811449481 -0.030780972997179586 0.6705546540582571
vn 0.6346855425636667 0.3573799495424279 -0.685167011556829
vn 0.2185526811514911 -0.933451714533965 -0.28443386260270775
vn -0.21855268115148893 0.9334517145339649 0.28443386260270953
usemtl m_56becc95-1677-f049-6196-9691fdcfafb4
f 33/97/25 34/98/25 35/99/25 36/100/25
f 37/101/26 33/102/26 36/103/26 38/104/26
f 39/105/27 37/106/27 38/107/27 40/108/27
f 34/109/28 39/110/28 40/111/28 35/112/28
f 40/113/29 38/114/29 36/115/29 35/116/29
f 34/117/30 33/118/30 37/119/30 39/120/30
o cube
v -0.09550744184136162 0.900754254709075 -0.3321241778214007
v 0.0026964516082513823 0.6967014792717492 -0.04565103997308695
v -0.00497674825089417 0.7354176222224167 -0.015443410072097263
v -0.10318064170050723 0.9394703976597425 -0.301916547920411
v -0.04976417034175851 0.914445813314634 -0.3380527156229307
v -0.05743737020090406 0.9531619562653013 -0.307845085721941
v 0.048439723107854604 0.7103930378773082 -0.05157957777461697
v 0.040766523248709 0.7491091808279755 -0.021371947873627395
vt 0.5800557585024964 0.8541666666666666
vt 0.4583333333333333 0.8541666666666665
vt 0.4583341622556733 0.8375991662630032
vt 0.5800565874248363 0.8375991662630032
vt 0.5416666666666657 0.791666666666667
vt 0.5416666666666657 0.775628040737324
vt 0.5582351719861651 0.7756286742448529
vt 0.558233215175853 0.7916665852118331
vt 0.6041666666666666 0.8584324995963367
vt 0.7258890918358297 0.8584324995963365
vt 0.7258899207581697 0.875
vt 0.6041674955890066 0.875
vt 0.5416666666666669 0.7959314946805014
vt 0.5577052925960096 0.7959314946805013
vt 0.5577052111411757 0.8124980431896885
vt 0.5416673001741956 0.8125000000000008
vt 0.47916770321015906 0.9006280257517449
vt 0.6008913703123808 0.9006280257517449
vt 0.6008903337688885 0.9166666666666666
vt 0.4791666666666667 0.9166666666666666
vt 0.625 0.9006280257517449
vt 0.7467236671022217 0.900628025751745
vt 0.7467247036457142 0.9166666666666666
vt 0.6250010365434924 0.9166666666666666
vn -0.9507070871786939 -0.2845590482294247 0.12321599920045759
vn -0.26892724587688005 0.5587899724164077 -0.7844946801297933
vn 0.9507070871786938 0.28455904822942596 -0.1232159992004571
vn 0.2689272458768796 -0.5587899724164085 0.7844946801297928
vn -0.15438319472429657 0.7789607915663231 0.6077712681503521
vn 0.15438319472430004 -0.7789607915663225 -0.6077712681503523
usemtl m_56becc95-1677-f049-6196-9691fdcfafb4
f 41/121/31 42/122/31 43/123/31 44/124/31
f 45/125/32 41/126/32 44/127/32 46/128/32
f 47/129/33 45/130/33 46/131/33 48/132/33
f 42/133/34 47/134/34 48/135/34 43/136/34
f 48/137/35 46/138/35 44/139/35 43/140/35
f 42/141/36 41/142/36 45/143/36 47/144/36
o cube
v -0.011074859690391015 0.6870688167809931 -0.07611103005318154
v 0.1920104813010618 0.33720507452945736 0.20068737076072196
v 0.18473508715098852 0.3845898050124107 0.2659179681235315
v -0.018350253840464403 0.7344535472639464 -0.010880432690371755
v 0.06080478798801725 0.7175928940800902 -0.09026730709436348
v 0.05352939383794386 0.7649776245630435 -0.025036709731553697
v 0.26389012897947006 0.3677291518285546 0.1865310937195399
v 0.2566147348293968 0.4151138823115079 0.2517616910823496
vt 0.47589025996965484 0.8333333333333334
vt 0.3125 0.8333333333333334
vt 0.3125014775356291 0.8125002237659872
vt 0.47588880551802953 0.8125
vt 0.5208333333333334 0.8750000000000006
vt 0.5208333333333334 0.8485442506183024
vt 0.5478172187750413 0.8485447541123561
vt 0.5478183627515927 0.8749987623463215
vt 0.625 0.8333333333333334
vt 0.7883902599696548 0.8333333333333334
vt 0.7883888055180295 0.8541666666666666
vt 0.6250014775356291 0.8541664429006794
vt 0.5416666666666655 0.8063483039150748
vt 0.5681224160483637 0.8063483039150748
vt 0.5681211783946846 0.8333333333333343
vt 0.5416671701607193 0.8333321893567828
vt 0.35416823470392395 0.8958333333333334
vt 0.5175558809271561 0.8958333333333334
vt 0.5175571351603862 0.9166666666666666
vt 0.3541666666666667 0.9166660006079967
vt 0.625 0.875
vt 0.7883904684959085 0.875
vt 0.7883890773211993 0.8958333333333334
vt 0.6250014311001563 0.8958326672861683
vn -0.9056844664324066 -0.38460375857238055 0.17836926908816197
vn -0.41431698249267784 0.7137614623763182 -0.5646999316845913
vn 0.9056844664324064 0.3846037585723815 -0.17836926908816056
vn 0.4143169824926794 -0.7137614623763174 0.5646999316845911
vn -0.08987260584409976 0.5853413736602069 0.8057905379193611
vn 0.08987260584409973 -0.5853413736602073 -0.8057905379193608
usemtl m_56becc95-1677-f049-6196-9691fdcfafb4
f 49/145/37 50/146/37 51/147/37 52/148/37
f 53/149/38 49/150/38 52/151/38 54/152/38
f 55/153/39 53/154/39 54/155/39 56/156/39
f 50/157/40 55/158/40 56/159/40 51/160/40
f 56/161/41 54/162/41 52/163/41 51/164/41
f 50/165/42 49/166/42 53/167/42 55/168/42
o cube
v 0.16862288213892518 0.33090519862819967 0.1941761844800568
v 0.45075110083470926 -0.005049979886095235 0.4753005141724007
v 0.4556868357125107 0.06388508071640242 0.5527273968808379
v 0.17355861701672648 0.39984025923069744 0.2716030671884939
v 0.25402977152008943 0.3693960162619705 0.15446242484794204
v 0.25896550639789084 0.43833107686446815 0.23188930755637915
v 0.5361579902158735 0.03344083774767559 0.43558675454028595
v 0.5410937250936749 0.10237589835017324 0.5130136372487231
vt 0.861184261286156 0.8125
vt 0.6875011533467051 0.8125
vt 0.6875 0.7779039485174438
vt 0.8611846027945319 0.7779053996156708
vt 0.5416666666666656 0.8541663307395942
vt 0.5416666666666656 0.8202505493091934
vt 0.5762607641991716 0.8202508852362659
vt 0.5762607641991716 0.8541666666666666
vt 0.7291678200133718 0.8404039485174438
vt 0.9028509279528226 0.8404039485174438
vt 0.9028512694611986 0.874998548901773
vt 0.7291666666666666 0.875
vt 0.5208333333333334 0.7779059024674938
vt 0.5547491147637341 0.7779059024674938
vt 0.5547494506908066 0.8125
vt 0.5208336692604058 0.8124999999999999
vt 0.5416666666666666 0.8827497435677852
vt 0.715350959048387 0.8827497435677852
vt 0.7153509610475443 0.9166648697741001
vt 0.5416677229214298 0.9166666666666666
vt 0.7500007053569583 0.9035830768920059
vt 0.9236839434923678 0.9035830768920058
vt 0.923684292372425 0.9374982030965265
vt 0.75 0.9375
vn -0.8393797482178301 -0.37828813399283306 0.39030721997164297
vn -0.5414609321481347 0.6447657202078422 -0.539534266754333
vn 0.8393797482178303 0.3782881339928328 -0.3903072199716433
vn 0.5414609321481346 -0.6447657202078431 0.539534266754332
vn 0.04755730479165002 0.6642102481331368 0.7460315335398839
vn -0.04755730479164951 -0.6642102481331361 -0.7460315335398845
usemtl m_56becc95-1677-f049-6196-9691fdcfafb4
f 57/169/43 58/170/43 59/171/43 60/172/43
f 61/173/44 57/174/44 60/175/44 62/176/44
f 63/177/45 61/178/45 62/179/45 64/180/45
f 58/181/46 63/182/46 64/183/46 59/184/46
f 64/185/47 62/186/47 60/187/47 59/188/47
f 58/189/48 57/190/48 61/191/48 63/192/48