# Made in Blockbench 4.8.1
mtllib whitebeam_twig_branch_2.mtl

o cube
v 0.1531870917139977 0.7011596659262342 -0.2960635120583245
v 0.050258303290844686 0.7277437968560005 -0.2774489700654247
v 0.13161130078809546 0.5969193667770667 -0.2664969644808962
v 0.02868251236494246 0.623503497706833 -0.2478824224879964
v 0.2653634362611934 0.9361615013130264 0.6143219466299228
v 0.3682922246843463 0.9095773703832601 0.595707404637023
v 0.24378764533529118 0.8319212021638587 0.6438884942073511
v 0.3467164337584441 0.8053370712340924 0.6252739522144513
vt 0.3515625 0.5963708333333344
vt 0.3515625 0.7351208333333334
vt 0.36378369140625 0.7351208333333334
vt 0.36378369140625 0.5963708333333344
vt 0.34375 0.8650361979166667
vt 0.34375 0.8809541666666667
vt 0.35597119140625 0.8809541666666667
vt 0.35597119140625 0.8650361979166667
vt 0.40625 0.6172041666666677
vt 0.40625 0.7559541666666667
vt 0.41847119140625 0.7559541666666667
vt 0.41847119140625 0.6172041666666677
vt 0.34375 0.54211953125
vt 0.34375 0.5580375
vt 0.35597119140625 0.5580375
vt 0.35597119140625 0.54211953125
vt 0.3203125 0.5130375000000009
vt 0.3203125 0.6517875
vt 0.33225097656249997 0.6517875
vt 0.33225097656249997 0.5130375000000009
vt 0.390625 0.5963708333333344
vt 0.390625 0.7351208333333334
vt 0.40256347656249997 0.7351208333333334
vt 0.40256347656249997 0.5963708333333344
vn -0.9537169892077791 0.24632309093943439 0.17247851856533444
vn -0.22865888859161837 -0.2215500857923699 -0.947961324186509
vn 0.9537169892077791 -0.24632309093943439 -0.17247851856533444
vn 0.22865888859161837 0.2215500857923699 0.947961324186509
vn 0.1952921328791693 0.9435255663496549 -0.2676200449892875
vn -0.1952921328791693 -0.9435255663496549 0.2676200449892875
usemtl m_890a103a-2c95-a057-8483-4c3958a0f191
f 4/4/1 7/3/1 5/2/1 2/1/1
f 3/8/2 4/7/2 2/6/2 1/5/2
f 8/12/3 3/11/3 1/10/3 6/9/3
f 7/16/4 8/15/4 6/14/4 5/13/4
f 6/20/5 1/19/5 2/18/5 5/17/5
f 7/24/6 4/23/6 3/22/6 8/21/6
o cube
v 0.4880031670223981 0.10145064824943972 -0.6071009431385274
v 0.43383951859324965 0.10656130892422222 -0.6040952921323492
v 0.4863999624131661 0.06302905462056241 -0.570661477418118
v 0.43223631398401763 0.0681397152953449 -0.5676558264119399
v 0.4731108545375571 0.3628337515311626 -0.3321550910615588
v 0.5272745029667054 0.3577230908563801 -0.33516074206773694
v 0.47150764992832506 0.32441215790228517 -0.2957156253411495
v 0.5256712983574734 0.3193014972275027 -0.2987212763473276
vt 0.4199228515625001 0.7559541666666667
vt 0.4199228515625001 0.7005375
vt 0.4140625 0.7005375
vt 0.4140625 0.7559541666666667
vt 0.3808603515625001 0.8913708333333333
vt 0.3808603515625001 0.8833343750000001
vt 0.375 0.8833343750000001
vt 0.375 0.8913708333333333
vt 0.3730478515625001 0.8913708333333333
vt 0.3730478515625001 0.8359541666666667
vt 0.3671875 0.8359541666666667
vt 0.3671875 0.8913708333333333
vt 0.3808603515625001 0.8913708333333333
vt 0.3808603515625001 0.8833343750000001
vt 0.375 0.8833343750000001
vt 0.375 0.8913708333333333
vt 0.421875 0.7109541666666666
vt 0.421875 0.7663708333333333
vt 0.4279023437499999 0.7663708333333333
vt 0.4279023437499999 0.7109541666666666
vt 0.3984375 0.7005375
vt 0.3984375 0.7559541666666667
vt 0.4044648437499999 0.7559541666666667
vt 0.4044648437499999 0.7005375
vn -0.9940621073375999 0.09379564094370864 0.05516252800125088
vn -0.10452148764204504 -0.6820745029128757 -0.7237745720162095
vn 0.9940621073375999 -0.09379564094370864 -0.05516252800125088
vn 0.10452148764204504 0.6820745029128757 0.7237745720162095
vn 0.03026194601514797 0.7252425457845895 -0.6878280776525949
vn -0.03026194601514797 -0.7252425457845895 0.6878280776525949
usemtl m_890a103a-2c95-a057-8483-4c3958a0f191
f 12/28/7 15/27/7 13/26/7 10/25/7
f 11/32/8 12/31/8 10/30/8 9/29/8
f 16/36/9 11/35/9 9/34/9 14/33/9
f 15/40/10 16/39/10 14/38/10 13/37/10
f 14/44/11 9/43/11 10/42/11 13/41/11
f 15/48/12 12/47/12 11/46/12 16/45/12
o cube
v -0.10584029277372231 0.5312941768216404 -0.8074482466743189
v -0.037718523027350126 0.513548653175004 -0.8222786438506098
v -0.09193200832206228 0.5992185017193008 -0.8248379200326631
v -0.02381023857569009 0.5814729780726644 -0.8396683172089541
v 0.11909368253238117 0.6301329664120146 -0.24147995243344517
v 0.05097191278600899 0.647878490058651 -0.22664955525715424
v 0.13300196698404132 0.698057291309675 -0.2588696257917894
v 0.06488019723766913 0.7158028149563114 -0.24403922861549848
vt 0.328125 0.8809541666666667
vt 0.328125 0.7905724609375003
vt 0.33603220703125003 0.7905724609375003
vt 0.33603220703125003 0.8809541666666667
vt 0.34375 0.5059541666666667
vt 0.34375 0.4953434895833334
vt 0.35165720703125003 0.4953434895833334
vt 0.35165720703125003 0.5059541666666667
vt 0.375 0.9122041666666667
vt 0.375 0.8218224609375003
vt 0.38290720703125003 0.8218224609375003
vt 0.38290720703125003 0.9122041666666667
vt 0.34375 0.5580375
vt 0.34375 0.5474268229166668
vt 0.35165720703125003 0.5474268229166668
vt 0.35165720703125003 0.5580375
vt 0.3438955078125 0.5614057942708337
vt 0.3438955078125 0.6517875
vt 0.3359375 0.6517875
vt 0.3359375 0.5614057942708337
vt 0.4142080078125 0.6864057942708337
vt 0.4142080078125 0.7767875000000001
vt 0.40625 0.7767875000000001
vt 0.40625 0.6864057942708337
vn 0.9469196532649771 -0.24666982612226146 -0.20614841047495167
vn -0.25589961708813247 -0.19025228941423106 -0.9477971578068753
vn -0.9469196532649771 0.24666982612226146 0.20614841047495167
vn 0.25589961708813247 0.19025228941423106 0.9477971578068753
vn -0.19457275306343125 -0.9502410553398843 0.2432763459768747
vn 0.19457275306343125 0.9502410553398843 -0.2432763459768747
usemtl m_890a103a-2c95-a057-8483-4c3958a0f191
f 20/52/13 23/51/13 21/50/13 18/49/13
f 19/56/14 20/55/14 18/54/14 17/53/14
f 24/60/15 19/59/15 17/58/15 22/57/15
f 23/64/16 24/63/16 22/62/16 21/61/16
f 22/68/17 17/67/17 18/66/17 21/65/17
f 23/72/18 20/71/18 19/70/18 24/69/18
o cube
v -0.038915960623771395 0.6434661052191213 0.8318694571458924
v -0.04513344273366199 0.7225376887783033 0.7900129232753126
v -0.1035322561379185 0.669717551377149 0.8910595966701265
v -0.10974973824780909 0.7487891349363307 0.8492030627995466
v 0.494299681241422 1.009345462082191 1.2516954188726475
v 0.5005171633513128 0.9302738785230091 1.2935519527432273
v 0.4296833857272748 1.0355969082402185 1.3108855583968815
v 0.43590086783716553 0.9565253246810368 1.3527420922674613
vt 0.3515625 0.6013426666666672
vt 0.3515625 0.7142875
vt 0.3616815374999999 0.7142875
vt 0.3616815374999999 0.6013426666666672
vt 0.34375 0.5580375
vt 0.34375 0.54481
vt 0.3538690374999999 0.54481
vt 0.3538690374999999 0.5580375
vt 0.34375 0.5580375
vt 0.34375 0.44509266666666714
vt 0.3538690374999999 0.44509266666666714
vt 0.3538690374999999 0.5580375
vt 0.34375 0.5580375
vt 0.34375 0.54481
vt 0.3538690374999999 0.54481
vt 0.3538690374999999 0.5580375
vt 0.377108125 0.9330375000000001
vt 0.377108125 0.8200926666666671
vt 0.3671875 0.8200926666666671
vt 0.3671875 0.9330375000000001
vt 0.408358125 0.8184541666666667
vt 0.408358125 0.7055093333333338
vt 0.3984375 0.7055093333333338
vt 0.3984375 0.8184541666666667
vn -0.06932774595130509 0.8816840257952572 -0.4667193399665155
vn -0.7044360093137679 -0.3745371099526517 -0.6029028628646644
vn 0.06932774595130509 -0.8816840257952572 0.4667193399665155
vn 0.7044360093137679 0.3745371099526517 0.6029028628646644
vn 0.7063735360440712 -0.2869760128055719 -0.6470557902150413
vn -0.7063735360440712 0.2869760128055719 0.6470557902150413
usemtl m_890a103a-2c95-a057-8483-4c3958a0f191
f 28/76/19 31/75/19 29/74/19 26/73/19
f 27/80/20 28/79/20 26/78/20 25/77/20
f 32/84/21 27/83/21 25/82/21 30/81/21
f 31/88/22 32/87/22 30/86/22 29/85/22
f 30/92/23 25/91/23 26/90/23 29/89/23
f 31/96/24 28/95/24 27/94/24 32/93/24
o cube
v 0.5154120111160794 0.7048619781165337 0.10358832956662689
v 0.4291009199032334 0.6860199765464228 0.08865740455291482
v 0.5260984459223761 0.6203306090295946 0.14848724501477706
v 0.4397873547095301 0.6014886074594836 0.133556320001065
v 0.30251202907266606 0.9091424967314461 0.5388606184317322
v 0.38882312028551214 0.927984498301557 0.5537915434454441
v 0.3131984638789629 0.8246111276445067 0.5837595338798827
v 0.39950955509180885 0.8434531292146177 0.5986904588935946
vt 0.4012787890625001 0.38786250000000067
vt 0.4012787890625001 0.4642875000000001
vt 0.390625 0.4642875000000001
vt 0.390625 0.38786250000000067
vt 0.3856537890625001 0.8677393229166667
vt 0.3856537890625001 0.8809541666666667
vt 0.375 0.8809541666666667
vt 0.375 0.8677393229166667
vt 0.4169037890625001 0.6482791666666674
vt 0.4169037890625001 0.7247041666666667
vt 0.40625 0.7247041666666667
vt 0.40625 0.6482791666666674
vt 0.3544037890625001 0.54482265625
vt 0.3544037890625001 0.5580375
vt 0.34375 0.5580375
vt 0.34375 0.54482265625
vt 0.4005361328125 0.6795291666666674
vt 0.4005361328125 0.7559541666666667
vt 0.390625 0.7559541666666667
vt 0.390625 0.6795291666666674
vt 0.3849111328125 0.6274458333333339
vt 0.3849111328125 0.7038708333333334
vt 0.375 0.7038708333333334
vt 0.375 0.6274458333333339
vn -0.963329546853154 -0.21029808080609574 -0.16664603616339044
vn 0.24430393001133494 -0.43060420387277915 -0.868847287725586
vn 0.963329546853154 0.21029808080609574 0.16664603616339044
vn -0.24430393001133494 0.43060420387277915 0.868847287725586
vn -0.11095843339158132 0.8776985455248077 -0.46619040020459784
vn 0.11095843339158132 -0.8776985455248077 0.46619040020459784
usemtl m_890a103a-2c95-a057-8483-4c3958a0f191
f 36/100/25 39/99/25 37/98/25 34/97/25
f 35/104/26 36/103/26 34/102/26 33/101/26
f 40/108/27 35/107/27 33/106/27 38/105/27
f 39/112/28 40/111/28 38/110/28 37/109/28
f 38/116/29 33/115/29 34/114/29 37/113/29
f 39/120/30 36/119/30 35/118/30 40/117/30
o cube
v 0.531762751730724 0.36682990933471626 -0.33788824016662344
v 0.4630845551550259 0.3648866336811294 -0.33905870128915067
v 0.5326239192338176 0.31285357804582437 -0.2988032517624092
v 0.4639457226581196 0.3109103023922377 -0.29997371288493635
v 0.4462574609303408 0.6894158322833399 0.10948656376455368
v 0.5149356575060386 0.6913591079369268 0.11065702488708085
v 0.44711862843343453 0.6354395009944482 0.14857155216876794
v 0.5157968250091325 0.6373827766480349 0.14974201329129522
vt 0.42143495546875004 0.6742593333333338
vt 0.42143495546875004 0.7559541666666667
vt 0.4140625 0.7559541666666667
vt 0.4140625 0.6742593333333338
vt 0.36674745546875004 0.56873578125
vt 0.36674745546875004 0.5788708333333334
vt 0.359375 0.5788708333333334
vt 0.359375 0.56873578125
vt 0.42924745546875004 0.3721760000000005
vt 0.42924745546875004 0.45387083333333333
vt 0.421875 0.45387083333333333
vt 0.421875 0.3721760000000005
vt 0.35112245546875004 0.5479024479166668
vt 0.35112245546875004 0.5580375
vt 0.34375 0.5580375
vt 0.34375 0.5479024479166668
vt 0.3982262890625 0.6742593333333338
vt 0.3982262890625 0.7559541666666667
vt 0.390625 0.7559541666666667
vt 0.390625 0.6742593333333338
vt 0.4138512890625 0.3721760000000005
vt 0.4138512890625 0.45387083333333333
vt 0.40625 0.45387083333333333
vt 0.40625 0.3721760000000005
vn -0.9994549051402548 -0.028279956097510387 -0.017033398786125406
vn 0.030379795187282475 -0.585908086933088 -0.8098078671578759
vn 0.9994549051402548 0.028279956097510387 0.017033398786125406
vn -0.030379795187282475 0.585908086933088 0.8098078671578759
vn -0.012921324833896153 0.8098839162185725 -0.5864478507207654
vn 0.012921324833896153 -0.8098839162185725 0.5864478507207654
usemtl m_890a103a-2c95-a057-8483-4c3958a0f191
f 44/124/31 47/123/31 45/122/31 42/121/31
f 43/128/32 44/127/32 42/126/32 41/125/32
f 48/132/33 43/131/33 41/130/33 46/129/33
f 47/136/34 48/135/34 46/134/34 45/133/34
f 46/140/35 41/139/35 42/138/35 45/137/35
f 47/144/36 44/143/36 43/142/36 48/141/36
o cube
v -0.17311347431026108 0.41464690152826544 -1.1082223044331732
v -0.12059618518369819 0.40699061036053397 -1.1200293790647005
v -0.17024434684810846 0.4666689693969772 -1.1291942479506918
v -0.11772705772154562 0.45901267822924574 -1.141001322582219
v -0.03381616472965332 0.526556127410198 -0.8115682973741886
v -0.08633345385621616 0.5342124185779296 -0.7997612227426611
v -0.0309470372675007 0.5785781952789097 -0.8325402408917071
v -0.08346432639406354 0.5862344864466413 -0.8207331662601798
vt 0.3203125 0.601342666666667
vt 0.3203125 0.6517875
vt 0.32652528750000004 0.6517875
vt 0.32652528750000004 0.601342666666667
vt 0.359375 0.6021016666666665
vt 0.359375 0.6101208333333334
vt 0.36558778750000004 0.6101208333333334
vt 0.36558778750000004 0.6021016666666665
vt 0.40625 0.695092666666667
vt 0.40625 0.7455375
vt 0.4124627875 0.7455375
vt 0.4124627875 0.695092666666667
vt 0.34375 0.5500183333333333
vt 0.34375 0.5580375
vt 0.34996278750000004 0.5580375
vt 0.34996278750000004 0.5500183333333333
vt 0.3984375 0.2784260000000005
vt 0.3984375 0.32887083333333333
vt 0.40445187500000007 0.32887083333333333
vt 0.40445187500000007 0.2784260000000005
vt 0.40625 0.7159260000000005
vt 0.40625 0.7663708333333333
vt 0.41226437500000007 0.7663708333333333
vt 0.41226437500000007 0.7159260000000005
vn 0.965924911215893 -0.14081843311850484 -0.21716177100636022
vn -0.2537309016711873 -0.3495904505560521 -0.9018908727873582
vn -0.965924911215893 0.14081843311850484 0.21716177100636022
vn 0.2537309016711873 0.3495904505560521 0.9018908727873582
vn -0.05108517818013286 -0.9262595131895088 0.3734081129223607
vn 0.05108517818013286 0.9262595131895088 -0.3734081129223607
usemtl m_890a103a-2c95-a057-8483-4c3958a0f191
f 52/148/37 55/147/37 53/146/37 50/145/37
f 51/152/38 52/151/38 50/150/38 49/149/38
f 56/156/39 51/155/39 49/154/39 54/153/39
f 55/160/40 56/159/40 54/158/40 53/157/40
f 54/164/41 49/163/41 50/162/41 53/161/41
f 55/168/42 52/167/42 51/166/42 56/165/42
o cube
v 0.38821243595161725 0.9102731356447631 0.5452127861147331
v 0.22582069703306584 0.9396411938680704 0.5871550230712193
v 0.3693323235665993 0.7547617916808202 0.5810022916743542
v 0.20694058464804788 0.7841298499041278 0.6229445286308404
v 0.5057637293687489 1.1251981200662222 1.5411096070460455
v 0.6681554682873005 1.0958300618429149 1.4991673700895591
v 0.48688361698373106 0.9696867761022796 1.5768991126056666
v 0.6492753559022826 0.9403187178789723 1.53495687564918
vt 0.34375 0.4088708333333343
vt 0.34375 0.5580375
vt 0.361525390625 0.5580375
vt 0.361525390625 0.4088708333333343
vt 0.34375 0.5329235677083333
vt 0.34375 0.5580375
vt 0.361525390625 0.5580375
vt 0.361525390625 0.5329235677083333
vt 0.390625 0.5234541666666677
vt 0.390625 0.6726208333333334
vt 0.408400390625 0.6726208333333334
vt 0.408400390625 0.5234541666666677
vt 0.34375 0.5329235677083333
vt 0.34375 0.5580375
vt 0.361525390625 0.5580375
vt 0.361525390625 0.5329235677083333
vt 0.375 0.2005375000000008
vt 0.375 0.3497041666666667
vt 0.39383544921875 0.3497041666666667
vt 0.39383544921875 0.2005375000000008
vt 0.34375 0.6484541666666677
vt 0.34375 0.7976208333333333
vt 0.36258544921875 0.7976208333333333
vt 0.36258544921875 0.6484541666666677
vn -0.9537169899609212 0.17247685304840443 0.24632425423087995
vn -0.27680133715893107 -0.1834744907283856 -0.943248711103804
vn 0.9537169899609212 -0.17247685304840443 -0.24632425423087995
vn 0.27680133715893107 0.1834744907283856 0.943248711103804
vn 0.1174943522340876 0.9677752044842226 -0.2227245625848518
vn -0.1174943522340876 -0.9677752044842226 0.2227245625848518
usemtl m_890a103a-2c95-a057-8483-4c3958a0f191
f 60/172/43 63/171/43 61/170/43 58/169/43
f 59/176/44 60/175/44 58/174/44 57/173/44
f 64/180/45 59/179/45 57/178/45 62/177/45
f 63/184/46 64/183/46 62/182/46 61/181/46
f 62/188/47 57/187/47 58/186/47 61/185/47
f 63/192/48 60/191/48 59/190/48 64/189/48
o cube
v -0.25974110092001207 0.43336306318416074 0.6555999665114567
v -0.28060964342892175 0.48855717163625356 0.6128706340760595
v -0.3176615767863856 0.4511222303675577 0.7068274766908491
v -0.3385301192952953 0.5063163388196505 0.6640981442554521
v -0.03707708782563923 0.729214067106916 0.8047920340146115
v -0.01620854531672955 0.6740199586548232 0.8475213664500088
v -0.09499756369201273 0.746973234290313 0.8560195441940042
v -0.07412902118310305 0.6917791258382202 0.8987488766294014
vt 0.3984375 0.7559541666666667
vt 0.3984375 0.6772297109375005
vt 0.40721376406250004 0.6772297109375005
vt 0.40721376406250004 0.7559541666666667
vt 0.4140625 0.7351208333333334
vt 0.4140625 0.7243754296875
vt 0.42283876406250004 0.7243754296875
vt 0.42283876406250004 0.7351208333333334
vt 0.3671875 0.8913708333333333
vt 0.3671875 0.8126463776041671
vt 0.37596376406250004 0.8126463776041671
vt 0.37596376406250004 0.8913708333333333
vt 0.34375 0.5580375
vt 0.34375 0.5472920963541668
vt 0.35252626406250004 0.5472920963541668
vt 0.35252626406250004 0.5580375
vt 0.359621552734375 0.8022297109375006
vt 0.359621552734375 0.8809541666666667
vt 0.3515625 0.8809541666666667
vt 0.3515625 0.8022297109375006
vt 0.367434052734375 0.5938963776041672
vt 0.367434052734375 0.6726208333333334
vt 0.359375 0.6726208333333334
vt 0.359375 0.5938963776041672
vn -0.2864439739731503 0.757600573119687 -0.5865076481881472
vn -0.6204622488243597 -0.6131357599764107 -0.48896946491776716
vn 0.2864439739731503 -0.757600573119687 0.5865076481881472
vn 0.6204622488243597 0.6131357599764107 0.48896946491776716
vn 0.7300523594635437 -0.22384349766493405 -0.6456915989811555
vn -0.7300523594635437 0.22384349766493405 0.6456915989811555
usemtl m_890a103a-2c95-a057-8483-4c3958a0f191
f 68/196/49 71/195/49 69/194/49 66/193/49
f 67/200/50 68/199/50 66/198/50 65/197/50
f 72/204/51 67/203/51 65/202/51 70/201/51
f 71/208/52 72/207/52 70/206/52 69/205/52
f 70/212/53 65/211/53 66/210/53 69/209/53
f 71/216/54 68/215/54 67/214/54 72/213/54
o cube
v -0.26706890768602637 0.7157543669399264 -0.20592077693686017
v -0.2706494621890491 0.6545058044226142 -0.1906234276461668
v -0.2260010950031373 0.7012254652572492 -0.2544800918398845
v -0.22958164950616006 0.6399769027399369 -0.23918274254919114
v 0.12995863506670968 0.7114503884247945 0.13114297425268595
v 0.13353918956973243 0.7726989509421067 0.11584562496199269
v 0.17102644774959874 0.6969214867421172 0.08258365934966161
v 0.1746070022526215 0.7581700492594297 0.06728631005896835
vt 0.34375 0.627620833333334
vt 0.34375 0.7038708333333334
vt 0.34864697265625 0.7038708333333334
vt 0.34864697265625 0.627620833333334
vt 0.359375 0.3531546875
vt 0.359375 0.36012083333333333
vt 0.36427197265625 0.36012083333333333
vt 0.36427197265625 0.3531546875
vt 0.4140625 0.7005375000000007
vt 0.4140625 0.7767875000000001
vt 0.41895947265625 0.7767875000000001
vt 0.41895947265625 0.7005375000000007
vt 0.34375 0.5510713541666667
vt 0.34375 0.5580375
vt 0.34864697265625 0.5580375
vt 0.34864697265625 0.5510713541666667
vt 0.3984375 0.7005375000000007
vt 0.3984375 0.7767875000000001
vt 0.403662109375 0.7767875000000001
vt 0.403662109375 0.7005375000000007
vt 0.421875 0.25262083333333407
vt 0.421875 0.32887083333333333
vt 0.427099609375 0.32887083333333333
vt 0.427099609375 0.25262083333333407
vn -0.056626168915276526 -0.968640875036334 0.24192629498015236
vn -0.7749080656816338 -0.11014958944277937 -0.6224022474952481
vn 0.056626168915276526 0.968640875036334 -0.24192629498015236
vn 0.7749080656816338 0.11014958944277937 0.6224022474952481
vn -0.6295323397058546 0.22271489208050776 0.7443702775568355
vn 0.6295323397058546 -0.22271489208050776 -0.7443702775568355
usemtl m_890a103a-2c95-a057-8483-4c3958a0f191
f 76/220/55 79/219/55 77/218/55 74/217/55
f 75/224/56 76/223/56 74/222/56 73/221/56
f 80/228/57 75/227/57 73/226/57 78/225/57
f 79/232/58 80/231/58 78/230/58 77/229/58
f 78/236/59 73/235/59 74/234/59 77/233/59
f 79/240/60 76/239/60 75/238/60 80/237/60
o cube
v -0.5757601610171186 0.7019045090829215 -0.38919670655315924
v -0.5805205740517759 0.6557941668928113 -0.3801472872792407
v -0.5541640377291064 0.6923275202364252 -0.4266346631567326
v -0.5589244507637637 0.6462171780463146 -0.4175852438828141
v -0.2547319465204031 0.6588872320108632 -0.19300702238577633
v -0.24997153348574574 0.7049975742009735 -0.20205644165969489
v -0.2331358232323909 0.6493102431643667 -0.23044497898934974
v -0.22837541019773355 0.695420585354477 -0.23949439826326824
vt 0.359375 0.8151208333333341
vt 0.359375 0.8913708333333333
vt 0.36427197265625 0.8913708333333333
vt 0.36427197265625 0.8151208333333341
vt 0.359375 0.3531546875
vt 0.359375 0.36012083333333333
vt 0.36427197265625 0.36012083333333333
vt 0.36427197265625 0.3531546875
vt 0.4140625 0.7005375000000007
vt 0.4140625 0.7767875000000001
vt 0.41895947265625 0.7767875000000001
vt 0.41895947265625 0.7005375000000007
vt 0.34375 0.5510713541666667
vt 0.34375 0.5580375
vt 0.34864697265625 0.5580375
vt 0.34864697265625 0.5510713541666667
vt 0.3984375 0.7005375000000007
vt 0.3984375 0.7767875000000001
vt 0.403662109375 0.7767875000000001
vt 0.403662109375 0.7005375000000007
vt 0.4296875 0.2630375000000007
vt 0.4296875 0.3392875000000001
vt 0.434912109375 0.3392875000000001
vt 0.434912109375 0.2630375000000007
vn -0.10079114522142604 -0.9762838144626685 0.1916013013086695
vn -0.8670932930504421 -0.00823225794943637 -0.49807775605420723
vn 0.10079114522142604 0.9762838144626685 -0.1916013013086695
vn 0.8670932930504421 0.00823225794943637 0.49807775605420723
vn -0.48784256291542843 0.21633803074650582 0.8456994089278002
vn 0.48784256291542843 -0.21633803074650582 -0.8456994089278002
usemtl m_890a103a-2c95-a057-8483-4c3958a0f191
f 84/244/61 87/243/61 85/242/61 82/241/61
f 83/248/62 84/247/62 82/246/62 81/245/62
f 88/252/63 83/251/63 81/250/63 86/249/63
f 87/256/64 88/255/64 86/254/64 85/253/64
f 86/260/65 81/259/65 82/258/65 85/257/65
f 87/264/66 84/263/66 83/262/66 88/261/66
o cube
v -0.6254535212517202 0.10127386492972357 0.47804266185850186
v -0.6464016563150989 0.1411458001641288 0.44426073557903667
v -0.654835424136254 0.11406960480705597 0.5113648286407391
v -0.6757835591996327 0.1539415400414612 0.477582902361274
v -0.28531542914163227 0.487822591737215 0.6295252309409309
v -0.26436729407825343 0.44795065650280963 0.6633071572203963
v -0.314697332026166 0.5006183316145474 0.6628473977231684
v -0.2937491969627872 0.46074639638014203 0.6966293240026338
vt 0.421875 0.3392875000000001
vt 0.421875 0.2605630442708339
vt 0.42698915468750004 0.2605630442708339
vt 0.42698915468750004 0.3392875000000001
vt 0.3515625 0.6101208333333334
vt 0.3515625 0.6018168359375
vt 0.35667665468750004 0.6018168359375
vt 0.35667665468750004 0.6101208333333334
vt 0.421875 0.7663708333333333
vt 0.421875 0.6876463776041672
vt 0.42698915468750004 0.6876463776041672
vt 0.42698915468750004 0.7663708333333333
vt 0.34375 0.5580375
vt 0.34375 0.5497335026041668
vt 0.34886415468750004 0.5497335026041668
vt 0.34886415468750004 0.5580375
vt 0.326540498046875 0.8647297109375005
vt 0.326540498046875 0.9434541666666667
vt 0.3203125 0.9434541666666667
vt 0.3203125 0.8647297109375005
vt 0.404665498046875 0.6980630442708338
vt 0.404665498046875 0.7767875000000001
vt 0.3984375 0.7767875000000001
vt 0.3984375 0.6980630442708338
vn -0.372073266620584 0.7081910224592893 -0.6000224662246859
vn -0.6765058600535204 -0.6495093509370474 -0.3470985801736763
vn 0.372073266620584 -0.7081910224592893 0.6000224662246859
vn 0.6765058600535204 0.6495093509370474 0.3470985801736763
vn 0.6355323009726056 -0.2767726120001791 -0.7207604426347659
vn -0.6355323009726056 0.2767726120001791 0.7207604426347659
usemtl m_890a103a-2c95-a057-8483-4c3958a0f191
f 92/268/67 95/267/67 93/266/67 90/265/67
f 91/272/68 92/271/68 90/270/68 89/269/68
f 96/276/69 91/275/69 89/274/69 94/273/69
f 95/280/70 96/279/70 94/278/70 93/277/70
f 94/284/71 89/283/71 90/282/71 93/281/71
f 95/288/72 92/287/72 91/286/72 96/285/72