# Made in Blockbench 4.8.1
mtllib whitebeam_twig_branch_up_3.mtl

o cube
v 0.7075004477958498 2.058999088366681 -1.0682966601680841
v 0.6561034539341541 2.0432708057640454 -1.0584741007573777
v 0.7146913453584354 2.0138185312972143 -1.1030149079882086
v 0.66329435149674 1.9980902486945782 -1.0931923485775021
v 0.8056198249497544 1.7844043163672776 -0.6906303901060772
v 0.85701681881145 1.8001325989699133 -0.7004529495167836
v 0.8128107225123402 1.7392237592978104 -0.7253486379262017
v 0.8642077163740356 1.754952041900446 -0.7351711973369082
vt 0.3809824218750001 0.8255375000000001
vt 0.3809824218750001 0.8913708333333333
vt 0.375 0.8913708333333333
vt 0.375 0.8255375000000001
vt 0.3809824218750001 0.8837819661458334
vt 0.3809824218750001 0.8913708333333333
vt 0.375 0.8913708333333333
vt 0.375 0.8837819661458334
vt 0.4122324218750001 0.7109541666666668
vt 0.4122324218750001 0.7767875000000001
vt 0.40625 0.7767875000000001
vt 0.40625 0.7109541666666668
vt 0.3809824218750001 0.8837819661458334
vt 0.3809824218750001 0.8913708333333333
vt 0.375 0.8913708333333333
vt 0.375 0.8837819661458334
vt 0.404129150390625 0.7005375
vt 0.404129150390625 0.7663708333333333
vt 0.3984375 0.7663708333333333
vt 0.3984375 0.7005375
vt 0.380691650390625 0.8255375000000001
vt 0.380691650390625 0.8913708333333333
vt 0.375 0.8913708333333333
vt 0.375 0.8255375000000001
vn -0.9406504545814253 -0.28785372583786195 0.17976917093044403
vn -0.31543538188945264 0.5461318341703977 -0.7760415836525337
vn 0.9406504545814253 0.28785372583786195 -0.17976917093044403
vn 0.31543538188945264 -0.5461318341703977 0.7760415836525337
vn -0.12520879421196215 0.78668942552124 0.6045184080117397
vn 0.12520879421196215 -0.78668942552124 -0.6045184080117397
usemtl m_890a103a-2c95-a057-8483-4c3958a0f191
f 4/4/1 7/3/1 5/2/1 2/1/1
f 3/8/2 4/7/2 2/6/2 1/5/2
f 8/12/3 3/11/3 1/10/3 6/9/3
f 7/16/4 8/15/4 6/14/4 5/13/4
f 6/20/5 1/19/5 2/18/5 5/17/5
f 7/24/6 4/23/6 3/22/6 8/21/6
o cube
v 1.1344551620695034 1.3801882706800555 -0.3510312789085864
v 1.0101136316761954 1.4354917697719238 -0.3584754286098483
v 1.1151478876825056 1.3199414986772935 -0.47611759408331833
v 0.9908063572891976 1.3752449977691619 -0.4835617437845803
v 0.648643702594264 0.679315634982294 0.0615239151764545
v 0.7729852329875719 0.6240121358904256 0.06896806487771645
v 0.6293364282072662 0.619068862979532 -0.0635623999982774
v 0.7536779586005742 0.5637653638876636 -0.05611825029701545
vt 0.41303906250000005 0.7194990885416674
vt 0.41303906250000005 0.8497041666666667
vt 0.3984375 0.8497041666666667
vt 0.3984375 0.7194990885416674
vt 0.35835156250000005 0.6328584635416667
vt 0.35835156250000005 0.6517875
vt 0.34375 0.6517875
vt 0.34375 0.6328584635416667
vt 0.37397656250000005 0.7403324218750009
vt 0.37397656250000005 0.8705375000000001
vt 0.359375 0.8705375000000001
vt 0.359375 0.7403324218750009
vt 0.35835156250000005 0.5391084635416667
vt 0.35835156250000005 0.5580375
vt 0.34375 0.5580375
vt 0.34375 0.5391084635416667
vt 0.38138427734375 0.3653324218750008
vt 0.38138427734375 0.4955375000000001
vt 0.3671875 0.4955375000000001
vt 0.3671875 0.3653324218750008
vt 0.36575927734375 0.22991575520833418
vt 0.36575927734375 0.36012083333333333
vt 0.3515625 0.36012083333333333
vt 0.3515625 0.22991575520833418
vn -0.9123368237514115 0.40578090477266465 -0.054620301620035706
vn 0.38557756379315716 0.8066080423100009 -0.4480105003012334
vn 0.9123368237514115 -0.40578090477266465 0.054620301620035706
vn -0.38557756379315716 -0.8066080423100009 0.4480105003012334
vn 0.13773693159976957 0.42979683968440885 0.8923582320294778
vn -0.13773693159976957 -0.42979683968440885 -0.8923582320294778
usemtl m_890a103a-2c95-a057-8483-4c3958a0f191
f 12/28/7 15/27/7 13/26/7 10/25/7
f 11/32/8 12/31/8 10/30/8 9/29/8
f 16/36/9 11/35/9 9/34/9 14/33/9
f 15/40/10 16/39/10 14/38/10 13/37/10
f 14/44/11 9/43/11 10/42/11 13/41/11
f 15/48/12 12/47/12 11/46/12 16/45/12
o cube
v 1.3327212650798839 1.8216278178759655 -0.7339292178861622
v 1.2510015636864633 1.8548407579720392 -0.7432436263100076
v 1.3206595033665196 1.773172358750295 -0.8008862018828393
v 1.2389398019730993 1.8063852988463687 -0.8102006103066848
v 1.0252361082663066 1.402549290747185 -0.3752593122224251
v 1.1069558096597272 1.3693363506511111 -0.3659449037985797
v 1.0131743465529426 1.3540938316215145 -0.4422162962191022
v 1.094894047946363 1.3208808915254409 -0.43290188779525673
vt 0.4227631640625001 0.7663708333333333
vt 0.4227631640625001 0.6795291666666674
vt 0.4140625 0.6795291666666674
vt 0.4140625 0.7663708333333333
vt 0.3993256640625001 0.7351208333333334
vt 0.3993256640625001 0.722801171875
vt 0.390625 0.722801171875
vt 0.390625 0.7351208333333334
vt 0.3833954882812501 0.9017875000000001
vt 0.3833954882812501 0.814945833333334
vt 0.37469482421875 0.814945833333334
vt 0.37469482421875 0.9017875000000001
vt 0.3524506640625001 0.5580375
vt 0.3524506640625001 0.5457178385416668
vt 0.34375 0.5457178385416668
vt 0.34375 0.5580375
vt 0.39765625 0.6691125000000007
vt 0.39765625 0.7559541666666667
vt 0.40689599609375 0.7559541666666667
vt 0.40689599609375 0.6691125000000007
vt 0.3828125 0.6274458333333339
vt 0.3828125 0.7142875
vt 0.39205224609375 0.7142875
vt 0.39205224609375 0.6274458333333339
vn -0.921288183547167 0.3744346678907023 -0.10500839175009369
vn 0.36107452167123955 0.7233654275419179 -0.5885300740293431
vn 0.921288183547167 -0.3744346678907023 0.10500839175009369
vn -0.36107452167123955 -0.7233654275419179 0.5885300740293431
vn 0.14440662261907136 0.5801216576880044 0.8016268393866781
vn -0.14440662261907136 -0.5801216576880044 -0.8016268393866781
usemtl m_890a103a-2c95-a057-8483-4c3958a0f191
f 20/52/13 23/51/13 21/50/13 18/49/13
f 19/56/14 20/55/14 18/54/14 17/53/14
f 24/60/15 19/59/15 17/58/15 22/57/15
f 23/64/16 24/63/16 22/62/16 21/61/16
f 22/68/17 17/67/17 18/66/17 21/65/17
f 23/72/18 20/71/18 19/70/18 24/69/18
o cube
v 1.4765345416973321 2.0879163994191225 -1.1053542379608767
v 1.414364953981761 2.111647361831456 -1.1140685110378603
v 1.4640004059098748 2.0402398984413144 -1.1457669258887866
v 1.4018308181943038 2.063970860853648 -1.1544811989657702
v 1.2501373945275422 1.8245068888738345 -0.7243814009385092
v 1.312306982243113 1.800775926461501 -0.7156671278615258
v 1.237603258740085 1.7768303878960268 -0.7647940888664193
v 1.2997728464556557 1.7530994254836934 -0.7560798157894357
vt 0.41636903750000004 0.6970159973958339
vt 0.41636903750000004 0.7680093333333338
vt 0.42300907109375 0.7680093333333338
vt 0.42300907109375 0.6970159973958339
vt 0.33043153750000004 0.6292387500000001
vt 0.33043153750000004 0.63856
vt 0.33707157109375 0.63856
vt 0.33707157109375 0.6292387500000001
vt 0.40074403750000004 0.6761826640625006
vt 0.40074403750000004 0.7471760000000005
vt 0.40738407109375 0.7471760000000005
vt 0.40738407109375 0.6761826640625006
vt 0.35386903750000004 0.5354887500000001
vt 0.35386903750000004 0.54481
vt 0.36050907109375 0.54481
vt 0.36050907109375 0.5354887500000001
vt 0.375 0.8203774973958335
vt 0.375 0.8913708333333333
vt 0.3819909374999999 0.8913708333333333
vt 0.3819909374999999 0.8203774973958335
vt 0.3125 0.8724608307291669
vt 0.3125 0.9434541666666667
vt 0.3194909374999999 0.9434541666666667
vt 0.3194909374999999 0.8724608307291669
vn -0.9263419563359073 0.35359710357655855 -0.12984478531705723
vn 0.3212890753240701 0.561751616788703 -0.7623702847781267
vn 0.9263419563359073 -0.35359710357655855 0.12984478531705723
vn -0.3212890753240701 -0.561751616788703 0.7623702847781267
vn 0.1966314064669425 0.7479332920639025 0.6339809781162881
vn -0.1966314064669425 -0.7479332920639025 -0.6339809781162881
usemtl m_890a103a-2c95-a057-8483-4c3958a0f191
f 28/76/19 31/75/19 29/74/19 26/73/19
f 27/80/20 28/79/20 26/78/20 25/77/20
f 32/84/21 27/83/21 25/82/21 30/81/21
f 31/88/22 32/87/22 30/86/22 29/85/22
f 30/92/23 25/91/23 26/90/23 29/89/23
f 31/96/24 28/95/24 27/94/24 32/93/24
o cube
v 1.5454556996117996 2.2704746666025097 -1.3555665036320914
v 1.5055142265176862 2.281938516014754 -1.361075714925314
v 1.5392880757420464 2.2359153800638865 -1.3827643121476838
v 1.4993466026479327 2.24737922947613 -1.3882735234409065
v 1.4185170257999085 2.09963396834304 -1.1096995384914654
v 1.4584584988940221 2.088170118930796 -1.1041903271982427
v 1.4123494019301555 2.0650746818044166 -1.136897347007058
v 1.4522908750242691 2.0536108323921725 -1.1313881357138351
vt 0.3874383734375001 0.8809541666666667
vt 0.3874383734375001 0.8361652578125004
vt 0.3828125 0.8361652578125004
vt 0.3828125 0.8809541666666667
vt 0.3483758734375001 0.8705375000000001
vt 0.3483758734375001 0.8647155989583332
vt 0.34375 0.8647155989583332
vt 0.34375 0.8705375000000001
vt 0.3874383734375001 0.8705375000000001
vt 0.3874383734375001 0.8257485911458337
vt 0.3828125 0.8257485911458337
vt 0.3828125 0.8705375000000001
vt 0.3483758734375001 0.8913708333333333
vt 0.3483758734375001 0.8855489322916665
vt 0.34375 0.8855489322916665
vt 0.34375 0.8913708333333333
vt 0.359375 0.8361652578125004
vt 0.359375 0.8809541666666667
vt 0.3637414257812501 0.8809541666666667
vt 0.3637414257812501 0.8361652578125004
vt 0.359375 0.846581924479167
vt 0.359375 0.8913708333333333
vt 0.3637414257812501 0.8913708333333333
vt 0.3637414257812501 0.846581924479167
vn -0.952854880033928 0.2734847768556793 -0.1314292753678879
vn 0.26977537192250184 0.5653202257719331 -0.7795090063862292
vn 0.952854880033928 -0.2734847768556793 0.1314292753678879
vn -0.26977537192250184 -0.5653202257719331 0.7795090063862292
vn 0.1388842190445139 0.7782153424093937 0.6124475933000517
vn -0.1388842190445139 -0.7782153424093937 -0.6124475933000517
usemtl m_890a103a-2c95-a057-8483-4c3958a0f191
f 36/100/25 39/99/25 37/98/25 34/97/25
f 35/104/26 36/103/26 34/102/26 33/101/26
f 40/108/27 35/107/27 33/106/27 38/105/27
f 39/112/28 40/111/28 38/110/28 37/109/28
f 38/116/29 33/115/29 34/114/29 37/113/29
f 39/120/30 36/119/30 35/118/30 40/117/30
o cube
v 0.4085768160868932 1.1610761113061052 -0.3855069382397145
v 0.311797935865719 1.1202650329632586 -0.36240425739197885
v 0.4155981746123645 1.1042318854854605 -0.45650973433898456
v 0.3188192943911904 1.0634208071426139 -0.433407053491249
v 0.6286543420576178 0.6154143499572078 0.07310829082140358
v 0.725433222278792 0.6562254283000546 0.050005609973667986
v 0.6356757005830893 0.558570124136563 0.002105494722133505
v 0.7324545808042635 0.5993812024794098 -0.020997186125602085
vt 0.41575258242187507 0.7055093333333338
vt 0.41575258242187507 0.8080375000000001
vt 0.40625 0.8080375000000001
vt 0.40625 0.7055093333333338
vt 0.36887758242187507 0.6622041666666667
vt 0.36887758242187507 0.6472676822916668
vt 0.359375 0.6472676822916668
vt 0.359375 0.6622041666666667
vt 0.35325258242187507 0.5580375
vt 0.35325258242187507 0.45550933333333377
vt 0.34375 0.45550933333333377
vt 0.34375 0.5580375
vt 0.35325258242187507 0.5580375
vt 0.35325258242187507 0.543101015625
vt 0.34375 0.543101015625
vt 0.34375 0.5580375
vt 0.4140625 0.8080375000000001
vt 0.4140625 0.7055093333333338
vt 0.42526486328125 0.7055093333333338
vt 0.42526486328125 0.8080375000000001
vt 0.359375 0.9330375000000001
vt 0.359375 0.8305093333333338
vt 0.37057736328125 0.8305093333333338
vt 0.37057736328125 0.9330375000000001
vn -0.8999113047195707 -0.37948724633505826 0.21482335419352108
vn -0.4292267737157055 0.6838915850848207 -0.5899632840912881
vn 0.8999113047195707 0.37948724633505826 -0.21482335419352108
vn 0.4292267737157055 -0.6838915850848207 0.5899632840912881
vn -0.07696765790594604 0.623122563962505 0.7783278550310706
vn 0.07696765790594604 -0.623122563962505 -0.7783278550310706
usemtl m_890a103a-2c95-a057-8483-4c3958a0f191
f 44/124/31 47/123/31 45/122/31 42/121/31
f 43/128/32 44/127/32 42/126/32 41/125/32
f 48/132/33 43/131/33 41/130/33 46/129/33
f 47/136/34 48/135/34 46/134/34 45/133/34
f 46/140/35 41/139/35 42/138/35 45/137/35
f 47/144/36 44/143/36 43/142/36 48/141/36
o cube
v 0.2037592330305793 1.4308226520555651 -0.8065101459678111
v 0.1294384145082944 1.4048951599232946 -0.7896525208132982
v 0.21380225866605806 1.3737894185273691 -0.8499517826870329
v 0.13948144014377317 1.3478619263950986 -0.8330941575325199
v 0.32657388377171315 1.1160234950481451 -0.3648268676442051
v 0.40089470229399793 1.1419509871804157 -0.3816844927987181
v 0.336616909407192 1.0589902615199493 -0.40826850436342677
v 0.4109377279294768 1.0849177536522197 -0.42512612951793977
vt 0.40597849609375003 0.6586958333333337
vt 0.40597849609375003 0.7351208333333334
vt 0.3984375 0.7351208333333334
vt 0.3984375 0.6586958333333337
vt 0.39816599609375003 0.7239404947916668
vt 0.39816599609375003 0.7351208333333334
vt 0.390625 0.7351208333333334
vt 0.390625 0.7239404947916668
vt 0.36691599609375003 0.8045291666666671
vt 0.36691599609375003 0.8809541666666667
vt 0.359375 0.8809541666666667
vt 0.359375 0.8045291666666671
vt 0.35129099609375003 0.5468571614583333
vt 0.35129099609375003 0.5580375
vt 0.34375 0.5580375
vt 0.34375 0.5468571614583333
vt 0.42244775390625 0.6899458333333337
vt 0.42244775390625 0.7663708333333333
vt 0.4140625 0.7663708333333333
vt 0.4140625 0.6899458333333337
vt 0.37557275390625 0.8253625000000003
vt 0.37557275390625 0.9017875000000001
vt 0.3671875 0.9017875000000001
vt 0.3671875 0.8253625000000003
vn -0.9232579020218227 -0.32208689929255363 0.20941555734560666
vn -0.3582587672435217 0.5249730397905568 -0.7720453116146843
vn 0.9232579020218227 0.32208689929255363 -0.20941555734560666
vn 0.3582587672435217 -0.5249730397905568 0.7720453116146843
vn -0.13872815881217057 0.7878218940834096 0.6000759628208866
vn 0.13872815881217057 -0.7878218940834096 -0.6000759628208866
usemtl m_890a103a-2c95-a057-8483-4c3958a0f191
f 52/148/37 55/147/37 53/146/37 50/145/37
f 51/152/38 52/151/38 50/150/38 49/149/38
f 56/156/39 51/155/39 49/154/39 54/153/39
f 55/160/40 56/159/40 54/158/40 53/157/40
f 54/164/41 49/163/41 50/162/41 53/161/41
f 55/168/42 52/167/42 51/166/42 56/165/42
o cube
v 0.10734505037412423 1.5574749409812787 -1.038216032891194
v 0.053235377661367655 1.5410706606851305 -1.0265233193103436
v 0.11533528551406425 1.5080335850290374 -1.070603797315895
v 0.06122561280130756 1.491629304732889 -1.0589110837350444
v 0.14608229889019086 1.4022219616070426 -0.79165880110785
v 0.20019197160294755 1.4186262419031908 -0.8033515146887006
v 0.154072534030131 1.3527806056548008 -0.8240465655325508
v 0.20818220674288757 1.3691848859509492 -0.8357392791134014
vt 0.40465028750000004 0.7159260000000003
vt 0.40465028750000004 0.7559541666666667
vt 0.3984375 0.7559541666666667
vt 0.3984375 0.7159260000000003
vt 0.40465028750000004 0.7375183333333333
vt 0.40465028750000004 0.7455375
vt 0.3984375 0.7455375
vt 0.3984375 0.7375183333333333
vt 0.42808778750000004 0.7159260000000003
vt 0.42808778750000004 0.7559541666666667
vt 0.421875 0.7559541666666667
vt 0.421875 0.7159260000000003
vt 0.34996278750000004 0.5500183333333333
vt 0.34996278750000004 0.5580375
vt 0.34375 0.5580375
vt 0.34375 0.5500183333333333
vt 0.404451875 0.726342666666667
vt 0.404451875 0.7663708333333333
vt 0.3984375 0.7663708333333333
vt 0.3984375 0.726342666666667
vt 0.404451875 0.726342666666667
vt 0.404451875 0.7663708333333333
vt 0.3984375 0.7663708333333333
vt 0.3984375 0.726342666666667
vn -0.9371587639467294 -0.28411583872229984 0.20251331152534732
vn -0.32215829002641305 0.4817742890703689 -0.8149279542131307
vn 0.9371587639467294 0.28411583872229984 -0.20251331152534732
vn 0.32215829002641305 -0.4817742890703689 0.8149279542131307
vn -0.1339682325221018 0.8289582164246067 0.5430292700186973
vn 0.1339682325221018 -0.8289582164246067 -0.5430292700186973
usemtl m_890a103a-2c95-a057-8483-4c3958a0f191
f 60/172/43 63/171/43 61/170/43 58/169/43
f 59/176/44 60/175/44 58/174/44 57/173/44
f 64/180/45 59/179/45 57/178/45 62/177/45
f 63/184/46 64/183/46 62/182/46 61/181/46
f 62/188/47 57/187/47 58/186/47 61/185/47
f 63/192/48 60/191/48 59/190/48 64/189/48
o cube
v 0.8708690676132764 1.8250393707836796 -0.7135940343962461
v 0.7904451856697661 1.8016062048982633 -0.6917343447760963
v 0.8690662204656596 1.769681592317558 -0.7795693523018347
v 0.7886423385221493 1.7462484264321416 -0.7577096626816849
v 0.993339104431519 1.4080995645983452 -0.3670998090757686
v 1.0737629863750293 1.4315327304837613 -0.3889594986959184
v 0.9915362572839022 1.3527417861322235 -0.4330751269813572
v 1.0719601392274125 1.3761749520176396 -0.454934816601507
vt 0.36834814453125014 0.8151208333333334
vt 0.36834814453125014 0.8913708333333333
vt 0.359375 0.8913708333333333
vt 0.359375 0.8151208333333334
vt 0.38397314453125014 0.8793467447916667
vt 0.38397314453125014 0.8913708333333333
vt 0.375 0.8913708333333333
vt 0.375 0.8793467447916667
vt 0.42303564453125014 0.6901208333333335
vt 0.42303564453125014 0.7663708333333333
vt 0.4140625 0.7663708333333333
vt 0.4140625 0.6901208333333335
vt 0.38397314453125014 0.8793467447916667
vt 0.38397314453125014 0.8913708333333333
vt 0.375 0.8913708333333333
vt 0.375 0.8793467447916667
vt 0.40745556640625 0.7005375
vt 0.40745556640625 0.7767875000000001
vt 0.3984375 0.7767875000000001
vt 0.3984375 0.7005375
vt 0.36839306640625 0.5859541666666668
vt 0.36839306640625 0.6622041666666667
vt 0.359375 0.6622041666666667
vt 0.359375 0.5859541666666668
vn -0.9289671782238096 -0.2706738528826026 0.25249880623199034
vn -0.3695699795296063 0.7167698366118761 -0.5913197371590696
vn 0.9289671782238096 0.2706738528826026 -0.25249880623199034
vn 0.3695699795296063 -0.7167698366118761 0.5913197371590696
vn 0.0209287365452238 0.6426326063071122 0.7658885828222987
vn -0.0209287365452238 -0.6426326063071122 -0.7658885828222987
usemtl m_890a103a-2c95-a057-8483-4c3958a0f191
f 68/196/49 71/195/49 69/194/49 66/193/49
f 67/200/50 68/199/50 66/198/50 65/197/50
f 72/204/51 67/203/51 65/202/51 70/201/51
f 71/208/52 72/207/52 70/206/52 69/205/52
f 70/212/53 65/211/53 66/210/53 69/209/53
f 71/216/54 68/215/54 67/214/54 72/213/54
o cube
v 0.6099955308262329 -0.028549206637233066 0.5423003911973433
v 0.5655098043333702 -0.1540520690322142 0.4214608345882255
v 0.44653687087278754 0.023508448317225934 0.5484092561579437
v 0.819319106734377 0.7290138635226863 0.04915238406836214
v 0.7841967173599214 0.5926154411576062 -0.10196294112079707
v 0.6199166571052024 0.6449346923681177 -0.09582337834632437
v 0.655039046479658 0.7813331147331979 0.055291946842834894
v 0.40205114437992484 -0.10199441407775518 0.42756969954882584
vt 0.37655625 0.46875
vt 0.375 0.43832812500000007
vt 0.3951921875 0.43832812500000007
vt 0.3967484375 0.46875
vt 0.3515625 0.33333333333333337
vt 0.35156250000000006 0.1932356192277389
vt 0.3717526148091518 0.1928498731317917
vt 0.3716510627343553 0.3329495274599533
vt 0.359375 0.035712499999999925
vt 0.37946562500000003 0.035712499999999925
vt 0.37946562500000003 0.0625
vt 0.359375 0.0625
vt 0.4141731866479985 0.8850547469683184
vt 0.39554537122936395 0.8950895815805116
vt 0.392118012540416 0.7540370297317198
vt 0.4138984219401892 0.744973079366806
vt 0.4004312972714556 0.5666181819336209
vt 0.4040983636175972 0.7066329028581091
vt 0.3820298653718557 0.698634465885478
vt 0.3815823936790532 0.5575211060345582
vt 0.35607890625 0.7916666666666666
vt 0.33598828125 0.7916666666666666
vt 0.3359375 0.6505395833333334
vt 0.3561296875 0.6505395833333334
vn 0.19875996537286947 0.7040958543796055 -0.6817209869223838
vn 0.19025823288139357 0.4981289386232554 0.8459724376874925
vn -0.17896620107336952 -0.6487438167463488 0.7396638149232027
vn 0.9521563289446571 -0.3035731433096343 -0.03523736527810115
vn -0.9657213701183571 0.2594001999629736 -0.009683571443031662
vn -0.19761744741286721 -0.5232329142800224 -0.8289599881128505
usemtl m_890a103a-2c95-a057-8483-4c3958a0f191
f 76/217/55 77/218/55 78/219/55 79/220/55
f 73/221/56 76/222/56 79/223/56 75/224/56
f 80/225/57 74/226/57 73/227/57 75/228/57
f 73/229/58 74/230/58 77/231/58 76/232/58
f 75/233/59 79/234/59 78/235/59 80/236/59
f 74/237/60 80/238/60 78/239/60 77/240/60