# Made in Blockbench 4.12.3
mtllib whitebeam_twig_branch_2.mtl

o cube
v 0.02868251236494246 0.623503497706833 -0.2478824224879964
v 0.24378764533529118 0.8319212021638587 0.6438884942073511
v 0.2653634362611934 0.9361615013130264 0.6143219466299228
v 0.050258303290844686 0.7277437968560005 -0.2774489700654247
v 0.13161130078809546 0.5969193667770667 -0.2664969644808962
v 0.1531870917139977 0.7011596659262342 -0.2960635120583245
v 0.3467164337584441 0.8053370712340924 0.6252739522144513
v 0.3682922246843463 0.9095773703832601 0.595707404637023
vt 0.5416673874401383 0.7548414327768053
vt 0.8552411160680166 0.7548414327768055
vt 0.8552403952945449 0.7916666666666666
vt 0.5416666666666666 0.7916666666666666
vt 0.4374999999999995 0.6923391878202486
vt 0.4734750291965748 0.6923391878202485
vt 0.47347527845318665 0.7291646508973186
vt 0.4375007755186351 0.7291666666666656
vt 0.4802411160680166 0.8124999999999999
vt 0.16666738744013823 0.8125
vt 0.16666666666666666 0.7756747661101387
vt 0.48024039529454493 0.7756747661101387
vt 0.5416666666666677 0.8333330840767216
vt 0.5416666666666677 0.7973580548801462
vt 0.5784941455130849 0.7973588303987819
vt 0.5784921297437379 0.8333333333333334
vt 0.5219097926778363 0.8958333333333333
vt 0.20833333333333334 0.8958333333333334
vt 0.20833450672195242 0.859858978458053
vt 0.521908023909548 0.8598591342408769
vt 0.8969080060375845 0.8958333333333334
vt 0.5833344888499502 0.8958333333333331
vt 0.5833333333333334 0.8598589784574743
vt 0.8969097926777976 0.8598591342417602
vn -0.953716989207779 0.24632309093943436 0.17247851856533453
vn -0.22865888859161831 -0.22155008579237007 -0.9479613241865088
vn 0.9537169892077789 -0.24632309093943483 -0.17247851856533428
vn 0.2286588885916184 0.22155008579236957 0.9479613241865089
vn 0.1952921328791691 0.9435255663496547 -0.26762004498928754
vn -0.19529213287916938 -0.9435255663496549 0.2676200449892873
usemtl m_72c975d8-c710-0196-b5f4-da3f6c841054
f 1/1/1 2/2/1 3/3/1 4/4/1
f 5/5/2 1/6/2 4/7/2 6/8/2
f 7/9/3 5/10/3 6/11/3 8/12/3
f 2/13/4 7/14/4 8/15/4 3/16/4
f 8/17/5 6/18/5 4/19/5 3/20/5
f 2/21/6 1/22/6 5/23/6 7/24/6
o cube
v 0.43223631398401763 0.0681397152953449 -0.5676558264119399
v 0.47150764992832506 0.32441215790228517 -0.2957156253411495
v 0.4731108545375571 0.3628337515311626 -0.3321550910615588
v 0.43383951859324965 0.10656130892422222 -0.6040952921323492
v 0.4863999624131661 0.06302905462056241 -0.570661477418118
v 0.4880031670223981 0.10145064824943972 -0.6071009431385274
v 0.5256712983574734 0.3193014972275027 -0.2987212763473276
v 0.5272745029667054 0.3577230908563801 -0.33516074206773694
vt 0.4166666666666667 0.8365071906932039
vt 0.5419085071811346 0.8365071906932039
vt 0.5419091043244381 0.8541666666666666
vt 0.4166672638099702 0.8541666666666666
vt 0.45833340359040536 0.7115083543487057
vt 0.4764958696567498 0.7115083543487057
vt 0.4764957993996788 0.7291666666666672
vt 0.4583333333333344 0.7291666666666672
vt 0.5419085071811345 0.8958333333333334
vt 0.4166666666666667 0.8958333333333334
vt 0.4166672638099702 0.8781738573598706
vt 0.5419091043244381 0.8781738573598705
vt 0.43749999999999906 0.7291666666666669
vt 0.43749999999999906 0.7110042006003225
vt 0.4551583123179606 0.7110041303432515
vt 0.4551583123179606 0.7291665964095959
vt 0.7294082901246896 0.9166666666666666
vt 0.6041679353383274 0.9166666666666666
vt 0.6041666666666666 0.8985037826915583
vt 0.7294093691609884 0.8985055628103443
vt 0.7085760358403057 0.8749999999999999
vt 0.5833333333333334 0.875
vt 0.5833348601604817 0.8568371160447583
vt 0.7085752149341934 0.8568388961301753
vn -0.9940621073376 0.09379564094370833 0.05516252800125134
vn -0.10452148764204501 -0.6820745029128771 -0.7237745720162084
vn 0.9940621073376 -0.09379564094370829 -0.05516252800125098
vn 0.10452148764204518 0.682074502912876 0.7237745720162094
vn 0.03026194601514797 0.7252425457845894 -0.6878280776525949
vn -0.03026194601514798 -0.7252425457845896 0.6878280776525947
usemtl m_72c975d8-c710-0196-b5f4-da3f6c841054
f 9/25/7 10/26/7 11/27/7 12/28/7
f 13/29/8 9/30/8 12/31/8 14/32/8
f 15/33/9 13/34/9 14/35/9 16/36/9
f 10/37/10 15/38/10 16/39/10 11/40/10
f 16/41/11 14/42/11 12/43/11 11/44/11
f 10/45/12 9/46/12 13/47/12 15/48/12
o cube
v -0.02381023857569009 0.5814729780726644 -0.8396683172089541
v 0.13300196698404132 0.698057291309675 -0.2588696257917894
v 0.11909368253238117 0.6301329664120146 -0.24147995243344517
v -0.037718523027350126 0.513548653175004 -0.8222786438506098
v -0.09193200832206228 0.5992185017193008 -0.8248379200326631
v -0.10584029277372231 0.5312941768216404 -0.8074482466743189
v 0.06488019723766913 0.7158028149563114 -0.24403922861549848
v 0.05097191278600899 0.647878490058651 -0.22664955525715424
vt 0.4583333333333333 0.8541666666666666
vt 0.662597689479579 0.8541666666666666
vt 0.6625973703933095 0.874999642390146
vt 0.4583350570408882 0.875
vt 0.5656463261062887 0.8333333333333331
vt 0.5416666666666662 0.8333333333333331
vt 0.5416670109254474 0.8095042510918417
vt 0.5656471938121759 0.8095062675939878
vt 0.5167643561462456 0.9166666666666666
vt 0.3125 0.9166666666666666
vt 0.31250172370755486 0.8958333333333334
vt 0.5167640370599761 0.8958336909431873
vt 0.6071624155748242 0.8093528061878242
vt 0.6071624155748242 0.8333324656274467
vt 0.5833353498354789 0.8333333333333338
vt 0.5833333333333327 0.8093531504466055
vt 0.6625958146772125 0.9583333333333334
vt 0.458333524039082 0.9583333333333333
vt 0.4583333333333333 0.9375
vt 0.6625952466396884 0.9375025384455926
vt 0.7459285799939218 0.9166666666666666
vt 0.5416666666666666 0.9166666666666666
vt 0.5416672004312634 0.8958333333333334
vt 0.7459294910484937 0.8958358717836155
vn 0.9469196532649767 -0.24666982612226226 -0.20614841047495147
vn -0.2558996170881337 -0.19025228941423186 -0.9477971578068748
vn -0.9469196532649771 0.2466698261222606 0.206148410474952
vn 0.2558996170881328 0.19025228941423097 0.9477971578068752
vn -0.19457275306343164 -0.9502410553398843 0.24327634597687478
vn 0.1945727530634313 0.9502410553398842 -0.24327634597687461
usemtl m_72c975d8-c710-0196-b5f4-da3f6c841054
f 17/49/13 18/50/13 19/51/13 20/52/13
f 21/53/14 17/54/14 20/55/14 22/56/14
f 23/57/15 21/58/15 22/59/15 24/60/15
f 18/61/16 23/62/16 24/63/16 19/64/16
f 24/65/17 22/66/17 20/67/17 19/68/17
f 18/69/18 17/70/18 21/71/18 23/72/18
o cube
v -0.10974973824780909 0.7487891349363307 0.8492030627995466
v 0.4296833857272748 1.0355969082402185 1.3108855583968815
v 0.494299681241422 1.009345462082191 1.2516954188726475
v -0.04513344273366199 0.7225376887783033 0.7900129232753126
v -0.1035322561379185 0.669717551377149 0.8910595966701265
v -0.038915960623771395 0.6434661052191213 0.8318694571458924
v 0.43590086783716553 0.9565253246810368 1.3527420922674613
v 0.5005171633513128 0.9302738785230091 1.2935519527432273
vt 0.2916668565974648 0.8445075481795988
vt 0.5469224720899577 0.844507548179599
vt 0.5469222821591596 0.875
vt 0.2916666666666667 0.875
vt 0.5721577136220402 0.8034385158418824
vt 0.5721577136220402 0.8333333333333344
vt 0.5416666666666673 0.8333323964548099
vt 0.5416666666666672 0.803437578963358
vt 0.8385891387566243 0.8749999999999999
vt 0.5833335232641315 0.875
vt 0.5833333333333334 0.8445075481795988
vt 0.8385889488258261 0.8445075481795988
vt 0.571562421036642 0.8333333333333331
vt 0.54166760354519 0.8333333333333331
vt 0.5416666666666655 0.8028422863779602
vt 0.5715614841581175 0.8028422863779602
vt 0.8177560849544041 0.9166666666666666
vt 0.5625 0.9166666666666665
vt 0.5625004833789435 0.8867726881421661
vt 0.8177546508349849 0.8867718736006963
vt 0.7969214128976138 0.9583333333333334
vt 0.5416672454402729 0.9583333333333333
vt 0.5416666666666666 0.9284393548105276
vt 0.7969227516197712 0.9284385402629388
vn -0.06932774595130464 0.8816840257952571 -0.46671933996651555
vn -0.7044360093137676 -0.3745371099526511 -0.6029028628646653
vn 0.06932774595130488 -0.8816840257952568 0.4667193399665158
vn 0.7044360093137673 0.374537109952652 0.6029028628646651
vn 0.7063735360440709 -0.2869760128055702 -0.6470557902150423
vn -0.7063735360440712 0.2869760128055713 0.6470557902150416
usemtl m_72c975d8-c710-0196-b5f4-da3f6c841054
f 25/73/19 26/74/19 27/75/19 28/76/19
f 29/77/20 25/78/20 28/79/20 30/80/20
f 31/81/21 29/82/21 30/83/21 32/84/21
f 26/85/22 31/86/22 32/87/22 27/88/22
f 32/89/23 30/90/23 28/91/23 27/92/23
f 26/93/24 25/94/24 29/95/24 31/96/24
o cube
v 0.4397873547095301 0.6014886074594836 0.133556320001065
v 0.3131984638789629 0.8246111276445067 0.5837595338798827
v 0.30251202907266606 0.9091424967314461 0.5388606184317322
v 0.4291009199032334 0.6860199765464228 0.08865740455291482
v 0.5260984459223761 0.6203306090295946 0.14848724501477706
v 0.5154120111160794 0.7048619781165337 0.10358832956662689
v 0.39950955509180885 0.8434531292146177 0.5986904588935946
v 0.38882312028551214 0.927984498301557 0.5537915434454441
vt 0.3125000214349382 0.8220632841881806
vt 0.4852206937047632 0.8220632841881806
vt 0.4852188019018427 0.8541666666666666
vt 0.3125 0.8541657490603302
vt 0.4583333333333339 0.7291664181580347
vt 0.4583333333333339 0.6993007553185752
vt 0.49043548724126534 0.6993010038272066
vt 0.49043548724126546 0.7291666666666662
vt 0.4852206937047632 0.9166666666666666
vt 0.31250002143493827 0.9166666666666666
vt 0.3125 0.8845642017945171
vt 0.4852188019018428 0.8845632841881805
vt 0.5416666666666671 0.8012311794254009
vt 0.5715323295061266 0.8012311794254009
vt 0.5715325780147581 0.8333333333333324
vt 0.5416669151752984 0.8333333333333324
vt 0.6727200127741425 0.8958333333333334
vt 0.5000004471462308 0.8958333333333334
vt 0.5 0.8659684145064527
vt 0.6727204798728353 0.8659665424930988
vt 0.6727204798829801 0.9374999999999999
vt 0.5 0.9375
vt 0.5000001234583458 0.9076350811700271
vt 0.6727196890761125 0.9076332091665823
vn -0.9633295468531539 -0.21029808080609666 -0.16664603616338977
vn 0.24430393001133552 -0.4306042038727789 -0.8688472877255858
vn 0.9633295468531541 0.21029808080609574 0.16664603616339047
vn -0.24430393001133469 0.43060420387278087 0.868847287725585
vn -0.1109584333915812 0.8776985455248076 -0.46619040020459823
vn 0.11095843339158144 -0.8776985455248079 0.46619040020459745
usemtl m_72c975d8-c710-0196-b5f4-da3f6c841054
f 33/97/25 34/98/25 35/99/25 36/100/25
f 37/101/26 33/102/26 36/103/26 38/104/26
f 39/105/27 37/106/27 38/107/27 40/108/27
f 34/109/28 39/110/28 40/111/28 35/112/28
f 40/113/29 38/114/29 36/115/29 35/116/29
f 34/117/30 33/118/30 37/119/30 39/120/30
o cube
v 0.4639457226581196 0.3109103023922377 -0.29997371288493635
v 0.44711862843343453 0.6354395009944482 0.14857155216876794
v 0.4462574609303408 0.6894158322833399 0.10948656376455368
v 0.4630845551550259 0.3648866336811294 -0.33905870128915067
v 0.5326239192338176 0.31285357804582437 -0.2988032517624092
v 0.531762751730724 0.36682990933471626 -0.33788824016662344
v 0.5157968250091325 0.6373827766480349 0.14974201329129522
v 0.5149356575060386 0.6913591079369268 0.11065702488708085
vt 0.3125 0.8541666666666666
vt 0.4971302827095349 0.8541666666666667
vt 0.49713113017080496 0.875
vt 0.3125008474612701 0.8749999999999999
vt 0.5624999999999991 0.8541666666666657
vt 0.5624999999999991 0.83126109804712
vt 0.5847156055080268 0.8312599791340424
vt 0.5847156055080268 0.8541655477535882
vt 0.4971302827095349 0.9166666666666666
vt 0.3125 0.9166666666666666
vt 0.3125008474612701 0.8958333333333334
vt 0.497131130170805 0.8958333333333334
vt 0.5416677855797454 0.83195106115864
vt 0.5645733541992911 0.83195106115864
vt 0.5645722352862136 0.8541666666666677
vt 0.5416666666666677 0.8541666666666677
vt 0.7471314120981202 0.8958333333333333
vt 0.5625001120852448 0.8958333333333334
vt 0.5625 0.875001892635549
vt 0.7471314004382457 0.875
vt 0.7471315465039252 0.9374999999999999
vt 0.5625001460539528 0.9375
vt 0.5625 0.9166685593011862
vt 0.7471313000011489 0.9166666666666666
vn -0.9994549051402549 -0.028279956097509745 -0.017033398786125795
vn 0.030379795187281188 -0.5859080869330889 -0.8098078671578753
vn 0.9994549051402549 0.0282799560975083 0.01703339878612682
vn -0.030379795187282482 0.5859080869330878 0.809807867157876
vn -0.01292132483389721 0.8098839162185727 -0.5864478507207654
vn 0.012921324833895043 -0.8098839162185726 0.5864478507207653
usemtl m_72c975d8-c710-0196-b5f4-da3f6c841054
f 41/121/31 42/122/31 43/123/31 44/124/31
f 45/125/32 41/126/32 44/127/32 46/128/32
f 47/129/33 45/130/33 46/131/33 48/132/33
f 42/133/34 47/134/34 48/135/34 43/136/34
f 48/137/35 46/138/35 44/139/35 43/140/35
f 42/141/36 41/142/36 45/143/36 47/144/36
o cube
v -0.11772705772154562 0.45901267822924574 -1.141001322582219
v -0.0309470372675007 0.5785781952789097 -0.8325402408917071
v -0.03381616472965332 0.526556127410198 -0.8115682973741886
v -0.12059618518369819 0.40699061036053397 -1.1200293790647005
v -0.17024434684810846 0.4666689693969772 -1.1291942479506918
v -0.17311347431026108 0.41464690152826544 -1.1082223044331732
v -0.08346432639406354 0.5862344864466413 -0.8207331662601798
v -0.08633345385621616 0.5342124185779296 -0.7997612227426611
vt 0.3750000144670304 0.8354454011686463
vt 0.4890044448527369 0.8354454011686463
vt 0.48900637951347864 0.8541666666666666
vt 0.375 0.8541659310181727
vt 0.5597893946163888 0.8750000000000002
vt 0.5416669990899123 0.8750000000000002
vt 0.5416666666666657 0.8562791944906939
vt 0.5597911218760817 0.8562788814667867
vt 0.7806711115194037 0.875
vt 0.6666666811336971 0.875
vt 0.6666666666666666 0.8562794701504735
vt 0.7806730461801452 0.8562787345019797
vt 0.5603877851998791 0.8360425438804976
vt 0.5603877851998791 0.8541649394069741
vt 0.5416666666666655 0.8541666666666671
vt 0.5416669796905728 0.8360422114572511
vt 0.6556719489288519 0.9166666666666666
vt 0.5416666666666666 0.9166666666666666
vt 0.5416674316242165 0.8985439104759113
vt 0.6556727138864019 0.8985439104759113
vt 0.8223393805530685 0.9374999999999999
vt 0.7083340982908831 0.9375
vt 0.7083333333333334 0.9193772438092446
vt 0.8223386155955188 0.9193772438092446
vn 0.9659249112158929 -0.14081843311850517 -0.2171617710063602
vn -0.2537309016711869 -0.34959045055605303 -0.901890872787358
vn -0.9659249112158927 0.14081843311850553 0.2171617710063599
vn 0.25373090167118756 0.34959045055605265 0.9018908727873579
vn -0.05108517818013258 -0.9262595131895088 0.3734081129223606
vn 0.05108517818013264 0.9262595131895088 -0.3734081129223604
usemtl m_72c975d8-c710-0196-b5f4-da3f6c841054
f 49/145/37 50/146/37 51/147/37 52/148/37
f 53/149/38 49/150/38 52/151/38 54/152/38
f 55/153/39 53/154/39 54/155/39 56/156/39
f 50/157/40 55/158/40 56/159/40 51/160/40
f 56/161/41 54/162/41 52/163/41 51/164/41
f 50/165/42 49/166/42 53/167/42 55/168/42
o cube
v 0.20694058464804788 0.7841298499041278 0.6229445286308404
v 0.48688361698373106 0.9696867761022796 1.5768991126056666
v 0.5057637293687489 1.1251981200662222 1.5411096070460455
v 0.22582069703306584 0.9396411938680704 0.5871550230712193
v 0.3693323235665993 0.7547617916808202 0.5810022916743542
v 0.38821243595161725 0.9102731356447631 0.5452127861147331
v 0.6492753559022826 0.9403187178789723 1.53495687564918
v 0.6681554682873005 1.0958300618429149 1.4991673700895591
vt 0.16666683038150132 0.7589375801814978
vt 0.5037833314858529 0.7589375801814978
vt 0.5037831677710183 0.8125
vt 0.16666666666666666 0.8125
vt 0.5208333333333334 0.9047691169001725
vt 0.5775908600995522 0.9047691169001725
vt 0.5775909999641394 0.9583333333333333
vt 0.5208334731979206 0.9583333333333334
vt 0.503783331485853 0.8958333333333334
vt 0.16666683038150132 0.8958333333333333
vt 0.16666666666666666 0.8422709135148311
vt 0.5037831677710183 0.8422709135148311
vt 0.3958333333333333 0.958333193468746
vt 0.3958333333333333 0.9015756667025271
vt 0.44939754976649415 0.9015758065671144
vt 0.44939754976649415 0.9583333333333334
vt 0.8996165902747023 0.8124999999999999
vt 0.5625002710128285 0.8125
vt 0.5625 0.755742333331778
vt 0.8996163192618738 0.755742333331778
vt 0.8996163192618738 0.8958333333333334
vt 0.5625 0.8958333333333333
vt 0.5625002710128285 0.8390756666651114
vt 0.8996165902747023 0.8390756666651114
vn -0.9537169899609215 0.17247685304840404 0.24632425423088006
vn -0.2768013371589297 -0.1834744907283859 -0.9432487111038043
vn 0.9537169899609214 -0.17247685304840468 -0.2463242542308801
vn 0.2768013371589315 0.1834744907283843 0.943248711103804
vn 0.11749435223408745 0.9677752044842226 -0.22272456258485185
vn -0.11749435223408868 -0.9677752044842223 0.22272456258485207
usemtl m_72c975d8-c710-0196-b5f4-da3f6c841054
f 57/169/43 58/170/43 59/171/43 60/172/43
f 61/173/44 57/174/44 60/175/44 62/176/44
f 63/177/45 61/178/45 62/179/45 64/180/45
f 58/181/46 63/182/46 64/183/46 59/184/46
f 64/185/47 62/186/47 60/187/47 59/188/47
f 58/189/48 57/190/48 61/191/48 63/192/48
o cube
v -0.3385301192952953 0.5063163388196505 0.6640981442554521
v -0.09499756369201273 0.746973234290313 0.8560195441940042
v -0.03707708782563923 0.729214067106916 0.8047920340146115
v -0.28060964342892175 0.48855717163625356 0.6128706340760595
v -0.3176615767863856 0.4511222303675577 0.7068274766908491
v -0.25974110092001207 0.43336306318416074 0.6555999665114567
v -0.07412902118310305 0.6917791258382202 0.8987488766294014
v -0.01620854531672955 0.6740199586548232 0.8475213664500088
vt 0.43750171014698475 0.7916666666666666
vt 0.5683333412565322 0.7916666666666666
vt 0.5683335881082047 0.812499437180214
vt 0.4375 0.8125
vt 0.5889444138253935 0.871548407529673
vt 0.5889444138253935 0.8958313080527261
vt 0.5625005903717092 0.8958333333333327
vt 0.5624999999999994 0.8715484348765914
vt 0.40166667458986555 0.8125
vt 0.270835043480318 0.8124999999999999
vt 0.2708333333333333 0.7916666666666666
vt 0.401666921441538 0.7916672294864529
vt 0.56594956718972 0.8541666666666676
vt 0.5416666666666667 0.8541666666666675
vt 0.5416666940135851 0.8277222528412734
vt 0.5659515924703266 0.8277228432129832
vt 0.38083275120955956 0.8958333333333333
vt 0.25 0.8958333333333334
vt 0.2500001724729011 0.875
vt 0.38083292368246074 0.875
vt 0.38083292368246063 0.8541666666666666
vt 0.2500001724729011 0.8541666666666666
vt 0.25 0.8333333333333334
vt 0.3808327512095595 0.8333333333333334
vn -0.28644397397315113 0.757600573119687 -0.5865076481881464
vn -0.6204622488243613 -0.6131357599764098 -0.48896946491776644
vn 0.2864439739731497 -0.7576005731196868 0.5865076481881475
vn 0.6204622488243612 0.6131357599764108 0.48896946491776533
vn 0.7300523594635441 -0.22384349766493455 -0.6456915989811551
vn -0.7300523594635434 0.22384349766493325 0.6456915989811562
usemtl m_72c975d8-c710-0196-b5f4-da3f6c841054
f 65/193/49 66/194/49 67/195/49 68/196/49
f 69/197/50 65/198/50 68/199/50 70/200/50
f 71/201/51 69/202/51 70/203/51 72/204/51
f 66/205/52 71/206/52 72/207/52 67/208/52
f 72/209/53 70/210/53 68/211/53 67/212/53
f 66/213/54 65/214/54 69/215/54 71/216/54
o cube
v -0.22958164950616006 0.6399769027399369 -0.23918274254919114
v 0.17102644774959874 0.6969214867421172 0.08258365934966161
v 0.12995863506670968 0.7114503884247945 0.13114297425268595
v -0.2706494621890491 0.6545058044226142 -0.1906234276461668
v -0.2260010950031373 0.7012254652572492 -0.2544800918398845
v -0.26706890768602637 0.7157543669399264 -0.20592077693686017
v 0.1746070022526215 0.7581700492594297 0.06728631005896835
v 0.13353918956973243 0.7726989509421067 0.11584562496199269
vt 0.3541666666666667 0.8125
vt 0.5264908694213428 0.8125
vt 0.5264914955374863 0.8333333333333334
vt 0.3541672927828103 0.8333333333333334
vt 0.562499999999999 0.7916666096216656
vt 0.562499999999999 0.7705910212467892
vt 0.5842442348584229 0.7705890479428451
vt 0.5842447017212951 0.7916666666666659
vt 0.8181575360880095 0.8333333333333334
vt 0.6458333333333334 0.8333333333333334
vt 0.645833959449477 0.8125
vt 0.818158162204153 0.8125
vt 0.5416686399706117 0.8324219649453696
vt 0.562744228345488 0.8324219649453696
vt 0.5627442853904883 0.8541666666666655
vt 0.5416666666666675 0.8541661998037934
vt 0.5889914542937905 0.9374999999999999
vt 0.4166670882916039 0.9375
vt 0.4166666666666667 0.9166666666666667
vt 0.5889910326688532 0.9166666666666666
vt 0.8181576993355199 0.9166666666666666
vt 0.6458333333333334 0.9166666666666666
vt 0.6458337549582706 0.8958333333333334
vt 0.8181581209604571 0.8958333333333335
vn -0.05662616891527663 -0.968640875036334 0.24192629498015236
vn -0.7749080656816341 -0.11014958944277965 -0.6224022474952476
vn 0.05662616891527635 0.968640875036334 -0.24192629498015247
vn 0.7749080656816338 0.1101495894427783 0.6224022474952484
vn -0.6295323397058545 0.22271489208050904 0.7443702775568353
vn 0.6295323397058543 -0.22271489208050946 -0.7443702775568352
usemtl m_72c975d8-c710-0196-b5f4-da3f6c841054
f 73/217/55 74/218/55 75/219/55 76/220/55
f 77/221/56 73/222/56 76/223/56 78/224/56
f 79/225/57 77/226/57 78/227/57 80/228/57
f 74/229/58 79/230/58 80/231/58 75/232/58
f 80/233/59 78/234/59 76/235/59 75/236/59
f 74/237/60 73/238/60 77/239/60 79/240/60
o cube
v -0.5589244507637637 0.6462171780463146 -0.4175852438828141
v -0.2331358232323909 0.6493102431643667 -0.23044497898934974
v -0.2547319465204031 0.6588872320108632 -0.19300702238577633
v -0.5805205740517759 0.6557941668928113 -0.3801472872792407
v -0.5541640377291064 0.6923275202364252 -0.4266346631567326
v -0.5757601610171186 0.7019045090829215 -0.38919670655315924
v -0.22837541019773355 0.695420585354477 -0.23949439826326824
v -0.24997153348574574 0.7049975742009735 -0.20205644165969489
vt 0.7083333333333334 0.7769101086303248
vt 0.833575999262016 0.7769101086303248
vt 0.8335746337878485 0.7916666666666666
vt 0.7083340496857143 0.7916665874454609
vt 0.5416666666666673 0.7708325293380445
vt 0.5416666666666673 0.7550908326180273
vt 0.5564222342145714 0.7550896026375804
vt 0.556422685014399 0.7708333333333331
vt 0.833575999262016 0.8333333333333334
vt 0.7083333333333334 0.8333333333333334
vt 0.7083340496857143 0.8185768545181972
vt 0.8335746337878485 0.8185767752969915
vt 0.5416678966471139 0.8394106483189349
vt 0.5574095933671311 0.8394106483189349
vt 0.5574103973624198 0.8541666666666665
vt 0.5416666666666671 0.8541662158668389
vt 0.8335747211729596 0.875
vt 0.7083348503181232 0.8749999999999999
vt 0.7083333333333334 0.8592577862514289
vt 0.8335752874474087 0.8592577686809794
vt 0.8127419541140767 0.9166666666666666
vt 0.6875 0.9166666666666666
vt 0.6875015147762825 0.9009244529178829
vt 0.8127413856311178 0.9009244353477256
vn -0.1007911452214259 -0.9762838144626684 0.19160130130866973
vn -0.8670932930504424 -0.00823225794943538 -0.49807775605420673
vn 0.10079114522142414 0.9762838144626694 -0.19160130130866554
vn 0.8670932930504421 0.008232257949435568 0.49807775605420734
vn -0.48784256291542827 0.21633803074650712 0.8456994089277998
vn 0.4878425629154285 -0.21633803074650435 -0.8456994089278003
usemtl m_72c975d8-c710-0196-b5f4-da3f6c841054
f 81/241/61 82/242/61 83/243/61 84/244/61
f 85/245/62 81/246/62 84/247/62 86/248/62
f 87/249/63 85/250/63 86/251/63 88/252/63
f 82/253/64 87/254/64 88/255/64 83/256/64
f 88/257/65 86/258/65 84/259/65 83/260/65
f 82/261/66 81/262/66 85/263/66 87/264/66
o cube
v -0.6757835591996327 0.1539415400414612 0.477582902361274
v -0.314697332026166 0.5006183316145474 0.6628473977231684
v -0.28531542914163227 0.487822591737215 0.6295252309409309
v -0.6464016563150989 0.1411458001641288 0.44426073557903667
v -0.654835424136254 0.11406960480705597 0.5113648286407391
v -0.6254535212517202 0.10127386492972357 0.47804266185850186
v -0.2937491969627872 0.46074639638014203 0.6966293240026338
v -0.26436729407825343 0.44795065650280963 0.6633071572203963
vt 0.6041670058758782 0.7762559097794685
vt 0.7820854127028483 0.7762559097794685
vt 0.7820850734936368 0.7916666666666666
vt 0.6041666666666666 0.7916666666666666
vt 0.5570783140383871 0.8353980738018557
vt 0.5570783140383871 0.8541666666666657
vt 0.5416666666666672 0.8541655906503312
vt 0.5416674249425238 0.8353989382224571
vt 0.7612520793695149 0.8333333333333334
vt 0.5833336725425449 0.8333333333333331
vt 0.5833333333333334 0.817922576446135
vt 0.7612517401603034 0.8179225764461351
vt 0.5604352595314772 0.8333333333333329
vt 0.5416666666666671 0.8333333333333329
vt 0.5416675310872686 0.8179224442374696
vt 0.5604341835151426 0.817921685961613
vt 0.7404193244458982 0.8541666666666666
vt 0.5625 0.8541666666666666
vt 0.5625013905920294 0.8354004624933876
vt 0.7404177715075427 0.8354005897114324
vt 0.7404177580889261 0.9166666666666666
vt 0.5625013771733672 0.9166666666666666
vt 0.5625 0.897900462492398
vt 0.7404193244458526 0.8979005897125477
vn -0.3720732666205845 0.7081910224592893 -0.6000224662246856
vn -0.6765058600535198 -0.6495093509370473 -0.34709858017367784
vn 0.3720732666205823 -0.7081910224592891 0.600022466224687
vn 0.6765058600535202 0.649509350937048 0.34709858017367573
vn 0.6355323009726058 -0.2767726120001796 -0.7207604426347657
vn -0.6355323009726048 0.27677261200017816 0.720760442634767
usemtl m_72c975d8-c710-0196-b5f4-da3f6c841054
f 89/265/67 90/266/67 91/267/67 92/268/67
f 93/269/68 89/270/68 92/271/68 94/272/68
f 95/273/69 93/274/69 94/275/69 96/276/69
f 90/277/70 95/278/70 96/279/70 91/280/70
f 96/281/71 94/282/71 92/283/71 91/284/71
f 90/285/72 89/286/72 93/287/72 95/288/72