# Made in Blockbench 4.8.1
mtllib whitebeam_twig_branch_up_2.mtl

o cube
v 0.06891899387409217 1.637165446838866 -0.2992413582443305
v -0.03309891472395021 1.605487993160538 -0.3048269406044162
v 0.09030393970239592 1.5848304185098319 -0.39301976476862166
v -0.01171396889564652 1.553152964831504 -0.3986053471287073
v 0.18010217372025727 0.8344216266909048 0.17410073074639498
v 0.28212008231829966 0.8660990803692326 0.17968631310648064
v 0.20148711954856102 0.7820865983618706 0.08032232422210384
v 0.3035050281466034 0.8137640520401983 0.0859079065821895
vt 0.36378369140625 0.5963708333333344
vt 0.36378369140625 0.7351208333333334
vt 0.3515625 0.7351208333333334
vt 0.3515625 0.5963708333333344
vt 0.35597119140625 0.54211953125
vt 0.35597119140625 0.5580375
vt 0.34375 0.5580375
vt 0.34375 0.54211953125
vt 0.41847119140625 0.6172041666666677
vt 0.41847119140625 0.7559541666666667
vt 0.40625 0.7559541666666667
vt 0.40625 0.6172041666666677
vt 0.35597119140625 0.54211953125
vt 0.35597119140625 0.5580375
vt 0.34375 0.5580375
vt 0.34375 0.54211953125
vt 0.40256347656249997 0.5963708333333344
vt 0.40256347656249997 0.7351208333333334
vt 0.390625 0.7351208333333334
vt 0.390625 0.5963708333333344
vt 0.33225097656249997 0.5130375000000009
vt 0.33225097656249997 0.6517875
vt 0.3203125 0.6517875
vt 0.3203125 0.5130375000000009
vn -0.9537169369375889 -0.2961374576998222 -0.052216954578656646
vn -0.22865839601481014 0.8269695050081926 -0.5136504411741896
vn 0.9537169369375889 0.2961374576998222 0.052216954578656646
vn 0.22865839601481014 -0.8269695050081926 0.5136504411741896
vn -0.1952929648766636 0.4779372803345554 0.8564091393347522
vn 0.1952929648766636 -0.4779372803345554 -0.8564091393347522
usemtl m_890a103a-2c95-a057-8483-4c3958a0f191
f 4/4/1 7/3/1 5/2/1 2/1/1
f 3/8/2 4/7/2 2/6/2 1/5/2
f 8/12/3 3/11/3 1/10/3 6/9/3
f 7/16/4 8/15/4 6/14/4 5/13/4
f 6/20/5 1/19/5 2/18/5 5/17/5
f 7/24/6 4/23/6 3/22/6 8/21/6
o cube
v 0.6741189602098321 1.4389732694438806 -0.7445890425645955
v 0.6201710461747942 1.441451964855458 -0.7447256636637214
v 0.6721273791010662 1.3941259069365914 -0.7718271869101557
v 0.6181794650660282 1.3966046023481686 -0.7719638080092817
v 0.6105000650268779 1.2485148537263415 -0.4263493088997605
v 0.6644479790619158 1.246036158314764 -0.4262126878006346
v 0.6085084839181119 1.2036674912190521 -0.4535874532453208
v 0.6624563979531497 1.201188795807475 -0.45345083214619486
vt 0.4199228515625001 0.7559541666666667
vt 0.4199228515625001 0.7005375
vt 0.4140625 0.7005375
vt 0.4140625 0.7559541666666667
vt 0.3808603515625001 0.8913708333333333
vt 0.3808603515625001 0.8833343750000001
vt 0.375 0.8833343750000001
vt 0.375 0.8913708333333333
vt 0.3730478515625001 0.8913708333333333
vt 0.3730478515625001 0.8359541666666667
vt 0.3671875 0.8359541666666667
vt 0.3671875 0.8913708333333333
vt 0.3808603515625001 0.8913708333333333
vt 0.3808603515625001 0.8833343750000001
vt 0.375 0.8833343750000001
vt 0.375 0.8913708333333333
vt 0.421875 0.7109541666666666
vt 0.421875 0.7663708333333333
vt 0.4279023437499999 0.7663708333333333
vt 0.4279023437499999 0.7109541666666666
vt 0.3984375 0.7005375
vt 0.3984375 0.7559541666666667
vt 0.4044648437499999 0.7559541666666667
vt 0.4044648437499999 0.7005375
vn -0.9989429503756775 0.045897517110957894 -0.0025297861147285314
vn 0.02596933713189163 0.5180910610341477 -0.854931135241571
vn 0.9989429503756775 -0.045897517110957894 0.0025297861147285314
vn -0.02596933713189163 -0.5180910610341477 0.854931135241571
vn 0.0379285568360715 0.8540931274747271 0.5187353411680878
vn -0.0379285568360715 -0.8540931274747271 -0.5187353411680878
usemtl m_890a103a-2c95-a057-8483-4c3958a0f191
f 12/28/7 15/27/7 13/26/7 10/25/7
f 11/32/8 12/31/8 10/30/8 9/29/8
f 16/36/9 11/35/9 9/34/9 14/33/9
f 15/40/10 16/39/10 14/38/10 13/37/10
f 14/44/11 9/43/11 10/42/11 13/41/11
f 15/48/12 12/47/12 11/46/12 16/45/12
o cube
v 0.08377653944147134 2.0712098248355573 -0.6982506162789173
v 0.013799730651068431 2.0644976045860606 -0.7101844796473393
v 0.09706703139783235 2.024718361622156 -0.7500331157489651
v 0.027090222607429437 2.018006141372659 -0.7619669791173872
v -0.011117228887067343 1.609772823899708 -0.30831778769246765
v 0.05885957990333557 1.6164850441492042 -0.2963839243240456
v 0.0021732630692936628 1.5632813606863065 -0.3601002871625156
v 0.07215007185969657 1.5699935809358028 -0.34816642379409346
vt 0.33603220703125003 0.8809541666666667
vt 0.33603220703125003 0.7905724609375003
vt 0.328125 0.7905724609375003
vt 0.328125 0.8809541666666667
vt 0.35165720703125003 0.5059541666666667
vt 0.35165720703125003 0.4953434895833334
vt 0.34375 0.4953434895833334
vt 0.34375 0.5059541666666667
vt 0.38290720703125003 0.9122041666666667
vt 0.38290720703125003 0.8218224609375003
vt 0.375 0.8218224609375003
vt 0.375 0.9122041666666667
vt 0.35165720703125003 0.5580375
vt 0.35165720703125003 0.5474268229166668
vt 0.34375 0.5474268229166668
vt 0.34375 0.5580375
vt 0.40625 0.6864057942708337
vt 0.40625 0.7767875000000001
vt 0.4142080078125 0.7767875000000001
vt 0.4142080078125 0.6864057942708337
vt 0.3359375 0.5614057942708337
vt 0.3359375 0.6517875
vt 0.3438955078125 0.6517875
vt 0.3438955078125 0.5614057942708337
vn -0.9813903026194656 -0.09413558542848913 -0.1673665602218961
vn 0.04102468363190695 0.7486844548065408 -0.6616559245287046
vn 0.9813903026194656 0.09413558542848913 0.1673665602218961
vn -0.04102468363190695 -0.7486844548065408 0.6616559245287046
vn -0.18759010970031423 0.6562088681868514 0.7308897810583725
vn 0.18759010970031423 -0.6562088681868514 -0.7308897810583725
usemtl m_890a103a-2c95-a057-8483-4c3958a0f191
f 20/52/13 23/51/13 21/50/13 18/49/13
f 19/56/14 20/55/14 18/54/14 17/53/14
f 24/60/15 19/59/15 17/58/15 22/57/15
f 23/64/16 24/63/16 22/62/16 21/61/16
f 22/68/17 17/67/17 18/66/17 21/65/17
f 23/72/18 20/71/18 19/70/18 24/69/18
o cube
v -0.13001977468454956 0.3789990686779826 0.03857194208380821
v -0.1773304361233975 0.30687105978536733 0.06003051642707602
v -0.09388380593961188 0.33441416992097417 -0.0316192722471596
v -0.14119446737845975 0.2622861610283588 -0.01016069790389168
v 0.3895616890362985 0.06715800216412149 0.5041427720480065
v 0.4368723504751464 0.13928601105673677 0.48268419770473847
v 0.42569765778123614 0.022573103407112938 0.43395155771703875
v 0.47300831922008413 0.09470111229972822 0.4124929833737707
vt 0.3616815374999999 0.6013426666666672
vt 0.3616815374999999 0.7142875
vt 0.3515625 0.7142875
vt 0.3515625 0.6013426666666672
vt 0.3538690374999999 0.5580375
vt 0.3538690374999999 0.54481
vt 0.34375 0.54481
vt 0.34375 0.5580375
vt 0.3538690374999999 0.5580375
vt 0.3538690374999999 0.44509266666666714
vt 0.34375 0.44509266666666714
vt 0.34375 0.5580375
vt 0.3538690374999999 0.5580375
vt 0.3538690374999999 0.54481
vt 0.34375 0.54481
vt 0.34375 0.5580375
vt 0.3984375 0.8184541666666667
vt 0.3984375 0.7055093333333338
vt 0.408358125 0.7055093333333338
vt 0.408358125 0.8184541666666667
vt 0.3671875 0.9330375000000001
vt 0.3671875 0.8200926666666671
vt 0.377108125 0.8200926666666671
vt 0.377108125 0.9330375000000001
vn -0.5322454734325113 -0.8114409114828316 0.2414092027709667
vn -0.746903994691069 0.31583194115896696 -0.5851364009000659
vn 0.5322454734325113 0.8114409114828316 -0.2414092027709667
vn 0.746903994691069 -0.31583194115896696 0.5851364009000659
vn -0.39855887736333995 0.49174569862447215 0.7741685792895525
vn 0.39855887736333995 -0.49174569862447215 -0.7741685792895525
usemtl m_890a103a-2c95-a057-8483-4c3958a0f191
f 28/76/19 31/75/19 29/74/19 26/73/19
f 27/80/20 28/79/20 26/78/20 25/77/20
f 32/84/21 27/83/21 25/82/21 30/81/21
f 31/88/22 32/87/22 30/86/22 29/85/22
f 30/92/23 25/91/23 26/90/23 29/89/23
f 31/96/24 28/95/24 27/94/24 32/93/24
o cube
v 0.580441869172378 0.9224886930567413 0.01638064099085501
v 0.49867300734214537 0.9379700443061108 -0.014607857077693409
v 0.5935228013198168 0.85633667103197 -0.05118428640784006
v 0.511753939489584 0.8718180222813396 -0.08217278447638848
v 0.3111066283752011 0.5787001608850446 0.30083518393579634
v 0.3928754902054339 0.5632188096356749 0.33182368200434476
v 0.32418756052263964 0.5125481388602733 0.2332702565371012
v 0.40595642235287244 0.49706678761090384 0.2642587546056496
vt 0.4012787890625001 0.38786250000000067
vt 0.4012787890625001 0.4642875000000001
vt 0.390625 0.4642875000000001
vt 0.390625 0.38786250000000067
vt 0.3544037890625001 0.54482265625
vt 0.3544037890625001 0.5580375
vt 0.34375 0.5580375
vt 0.34375 0.54482265625
vt 0.4169037890625001 0.6482791666666674
vt 0.4169037890625001 0.7247041666666667
vt 0.40625 0.7247041666666667
vt 0.40625 0.6482791666666674
vt 0.3544037890625001 0.54482265625
vt 0.3544037890625001 0.5580375
vt 0.34375 0.5580375
vt 0.34375 0.54482265625
vt 0.4005361328125 0.6795291666666674
vt 0.4005361328125 0.7559541666666667
vt 0.390625 0.7559541666666667
vt 0.390625 0.6795291666666674
vt 0.3849111328125 0.6274458333333339
vt 0.3849111328125 0.7038708333333334
vt 0.375 0.7038708333333334
vt 0.375 0.6274458333333339
vn -0.9207816317467771 0.17433217909569787 -0.34895483657557763
vn 0.36521640218185 0.6995457019429819 -0.6142090771638318
vn 0.9207816317467771 -0.17433217909569787 0.34895483657557763
vn -0.36521640218185 -0.6995457019429819 0.6142090771638318
vn -0.1370334492563326 0.6929964662426831 0.7077978041503562
vn 0.1370334492563326 -0.6929964662426831 -0.7077978041503562
usemtl m_890a103a-2c95-a057-8483-4c3958a0f191
f 36/100/25 39/99/25 37/98/25 34/97/25
f 35/104/26 36/103/26 34/102/26 33/101/26
f 40/108/27 35/107/27 33/106/27 38/105/27
f 39/112/28 40/111/28 38/110/28 37/109/28
f 38/116/29 33/115/29 34/114/29 37/113/29
f 39/120/30 36/119/30 35/118/30 40/117/30
o cube
v 0.6683716262132879 1.25074242751078 -0.41778504790610793
v 0.6011611512531498 1.2563678342525255 -0.42725844337052016
v 0.6698329425236604 1.1990293951775597 -0.4588603524758706
v 0.6026224675635226 1.2046548019193053 -0.4683337479402828
v 0.5131856809414772 0.9178055738597175 -0.004144815587075024
v 0.5803961559016151 0.9121801671179719 0.005328579877337258
v 0.5146469972518499 0.8660925415264975 -0.04522012015683774
v 0.5818574722119876 0.8604671347847517 -0.03574672469242546
vt 0.42143495546875004 0.6742593333333338
vt 0.42143495546875004 0.7559541666666667
vt 0.4140625 0.7559541666666667
vt 0.4140625 0.6742593333333338
vt 0.36674745546875004 0.56873578125
vt 0.36674745546875004 0.5788708333333334
vt 0.359375 0.5788708333333334
vt 0.359375 0.56873578125
vt 0.42924745546875004 0.3721760000000005
vt 0.42924745546875004 0.45387083333333333
vt 0.421875 0.45387083333333333
vt 0.421875 0.3721760000000005
vt 0.35112245546875004 0.5479024479166668
vt 0.35112245546875004 0.5580375
vt 0.34375 0.5580375
vt 0.34375 0.5479024479166668
vt 0.3982262890625 0.6742593333333338
vt 0.3982262890625 0.7559541666666667
vt 0.390625 0.7559541666666667
vt 0.390625 0.6742593333333338
vt 0.4138512890625 0.3721760000000005
vt 0.4138512890625 0.45387083333333333
vt 0.40625 0.45387083333333333
vt 0.40625 0.3721760000000005
vn -0.9868285521963065 0.08259593454390307 -0.13909464463796123
vn 0.1602498874143285 0.6167010408524002 -0.7707138248372488
vn 0.9868285521963065 -0.08259593454390307 0.13909464463796123
vn -0.1602498874143285 -0.6167010408524002 0.7707138248372488
vn -0.02212198349688685 0.7828523090649894 0.621814184493871
vn 0.02212198349688685 -0.7828523090649894 -0.621814184493871
usemtl m_890a103a-2c95-a057-8483-4c3958a0f191
f 44/124/31 47/123/31 45/122/31 42/121/31
f 43/128/32 44/127/32 42/126/32 41/125/32
f 48/132/33 43/131/33 41/130/33 46/129/33
f 47/136/34 48/135/34 46/134/34 45/133/34
f 46/140/35 41/139/35 42/138/35 45/137/35
f 47/144/36 44/143/36 43/142/36 48/141/36
o cube
v 0.0891298551185058 2.273194728939715 -0.9692829543864886
v 0.03543948357235038 2.2713463878167466 -0.9735173851355948
v 0.09336350778218505 2.229960432160472 -1.0040915661182368
v 0.03967313623602953 2.228112091037504 -1.008325996867343
v 0.02202204309668887 2.0581292416837367 -0.7103213501333672
v 0.07571241464284428 2.0599775828067046 -0.7060869193842609
v 0.026255695760368014 2.014894944904494 -0.7451299618651153
v 0.07994606730652343 2.016743286027462 -0.740895531116009
vt 0.32652528750000004 0.601342666666667
vt 0.32652528750000004 0.6517875
vt 0.3203125 0.6517875
vt 0.3203125 0.601342666666667
vt 0.36558778750000004 0.6021016666666665
vt 0.36558778750000004 0.6101208333333334
vt 0.359375 0.6101208333333334
vt 0.359375 0.6021016666666665
vt 0.4124627875 0.695092666666667
vt 0.4124627875 0.7455375
vt 0.40625 0.7455375
vt 0.40625 0.695092666666667
vt 0.34996278750000004 0.5500183333333333
vt 0.34996278750000004 0.5580375
vt 0.34375 0.5580375
vt 0.34375 0.5500183333333333
vt 0.41226437500000007 0.7159260000000005
vt 0.41226437500000007 0.7663708333333333
vt 0.40625 0.7663708333333333
vt 0.40625 0.7159260000000005
vt 0.40445187500000007 0.2784260000000005
vt 0.40445187500000007 0.32887083333333333
vt 0.3984375 0.32887083333333333
vt 0.3984375 0.2784260000000005
vn -0.9963178164322639 -0.03429917019804279 -0.07857719505919994
vn 0.0395807220678532 0.6289790229738569 -0.7764140358722528
vn 0.9963178164322639 0.03429917019804279 0.07857719505919994
vn -0.0395807220678532 -0.6289790229738569 0.7764140358722528
vn -0.07605376453689346 0.7766652789861141 0.625305420828245
vn 0.07605376453689346 -0.7766652789861141 -0.625305420828245
usemtl m_890a103a-2c95-a057-8483-4c3958a0f191
f 52/148/37 55/147/37 53/146/37 50/145/37
f 51/152/38 52/151/38 50/150/38 49/149/38
f 56/156/39 51/155/39 49/154/39 54/153/39
f 55/160/40 56/159/40 54/158/40 53/157/40
f 54/164/41 49/163/41 50/162/41 53/161/41
f 55/168/42 52/167/42 51/166/42 56/165/42
o cube
v 0.30453617032935265 0.8826581307490742 0.20047788273530298
v 0.14358152682626235 0.8319093483360556 0.20047805548738573
v 0.32324920214099384 0.8233074518270833 0.05387141661540329
v 0.16229455863790354 0.7725586694140647 0.05387158936748593
v 0.4210471948075205 -0.048098365919849284 0.5921475410767028
v 0.5820018383106107 0.0026504164931694385 0.5921473683246203
v 0.4397602266191616 -0.10744904484184004 0.4455410749568032
v 0.600714870122252 -0.05670026242882137 0.44554090220472053
vt 0.361525390625 0.4088708333333343
vt 0.361525390625 0.5580375
vt 0.34375 0.5580375
vt 0.34375 0.4088708333333343
vt 0.361525390625 0.5329235677083333
vt 0.361525390625 0.5580375
vt 0.34375 0.5580375
vt 0.34375 0.5329235677083333
vt 0.408400390625 0.5234541666666677
vt 0.408400390625 0.6726208333333334
vt 0.390625 0.6726208333333334
vt 0.390625 0.5234541666666677
vt 0.361525390625 0.5329235677083333
vt 0.361525390625 0.5580375
vt 0.34375 0.5580375
vt 0.34375 0.5329235677083333
vt 0.36258544921875 0.6484541666666677
vt 0.36258544921875 0.7976208333333333
vt 0.34375 0.7976208333333333
vt 0.34375 0.6484541666666677
vt 0.39383544921875 0.2005375000000008
vt 0.39383544921875 0.3497041666666667
vt 0.375 0.3497041666666667
vt 0.375 0.2005375000000008
vn -0.9537169877046363 -0.30070568229175043 0.000001023621265902608
vn -0.2768013447538505 0.87790075245003 -0.39073172943866674
vn 0.9537169877046363 0.30070568229175043 -0.000001023621265902608
vn 0.2768013447538505 -0.87790075245003 0.39073172943866674
vn -0.1174943526560104 0.372647771340611 0.9205045983637565
vn 0.1174943526560104 -0.372647771340611 -0.9205045983637565
usemtl m_890a103a-2c95-a057-8483-4c3958a0f191
f 60/172/43 63/171/43 61/170/43 58/169/43
f 59/176/44 60/175/44 58/174/44 57/173/44
f 64/180/45 59/179/45 57/178/45 62/177/45
f 63/184/46 64/183/46 62/182/46 61/181/46
f 62/188/47 57/187/47 58/186/47 61/185/47
f 63/192/48 60/191/48 59/190/48 64/189/48
o cube
v -0.43656220272494994 0.5854485321144407 -0.29725936609702663
v -0.4856438247771284 0.5337976708785854 -0.28554020066773056
v -0.4051102595919116 0.5424395191304936 -0.3550911443026911
v -0.45419188164409 0.4907886578946383 -0.343371978873395
v -0.16038402026579712 0.3036819351635731 0.06248823913839063
v -0.1113023982136187 0.3553327963994284 0.05076907370909456
v -0.12893207713275878 0.26067292217962623 0.004656460932726203
v -0.07985045508058031 0.3123237834154815 -0.0070627044965698715
vt 0.40721376406250004 0.7559541666666667
vt 0.40721376406250004 0.6772297109375005
vt 0.3984375 0.6772297109375005
vt 0.3984375 0.7559541666666667
vt 0.42283876406250004 0.7351208333333334
vt 0.42283876406250004 0.7243754296875
vt 0.4140625 0.7243754296875
vt 0.4140625 0.7351208333333334
vt 0.37596376406250004 0.8913708333333333
vt 0.37596376406250004 0.8126463776041671
vt 0.3671875 0.8126463776041671
vt 0.3671875 0.8913708333333333
vt 0.35252626406250004 0.5580375
vt 0.35252626406250004 0.5472920963541668
vt 0.34375 0.5472920963541668
vt 0.34375 0.5580375
vt 0.359375 0.5938963776041672
vt 0.359375 0.6726208333333334
vt 0.367434052734375 0.6726208333333334
vt 0.367434052734375 0.5938963776041672
vt 0.3515625 0.8022297109375006
vt 0.3515625 0.8809541666666667
vt 0.359621552734375 0.8809541666666667
vt 0.359621552734375 0.8022297109375006
vn -0.679715071310125 -0.7152956108670523 0.1622948271147368
vn -0.6148249127339209 0.43497808572517765 -0.6578635053113879
vn 0.679715071310125 0.7152956108670523 -0.1622948271147368
vn 0.6148249127339209 -0.43497808572517765 0.6578635053113879
vn -0.39997218467738255 0.5469426423430436 0.7354427220873229
vn 0.39997218467738255 -0.5469426423430436 -0.7354427220873229
usemtl m_890a103a-2c95-a057-8483-4c3958a0f191
f 68/196/49 71/195/49 69/194/49 66/193/49
f 67/200/50 68/199/50 66/198/50 65/197/50
f 72/204/51 67/203/51 65/202/51 70/201/51
f 71/208/52 72/207/52 70/206/52 69/205/52
f 70/212/53 65/211/53 66/210/53 69/209/53
f 71/216/54 68/215/54 67/214/54 72/213/54
o cube
v -0.30362769027714787 1.8382727054999335 -0.5894840677770641
v -0.3315045611609688 1.7844590788185934 -0.6054445680556846
v -0.2638509262780998 1.8326952148943185 -0.6401533264338073
v -0.29172779716192077 1.778881588212979 -0.6561138267124278
v 0.0020254698069402943 1.5255740140880039 -0.31511716373087617
v 0.029902340690761253 1.579387640769344 -0.2991566634522558
v 0.041802233805988354 1.519996523482389 -0.3657864223876194
v 0.06967910468980931 1.5738101501637285 -0.34982592210899893
vt 0.34864697265625 0.627620833333334
vt 0.34864697265625 0.7038708333333334
vt 0.34375 0.7038708333333334
vt 0.34375 0.627620833333334
vt 0.36427197265625 0.3531546875
vt 0.36427197265625 0.36012083333333333
vt 0.359375 0.36012083333333333
vt 0.359375 0.3531546875
vt 0.41895947265625 0.7005375000000007
vt 0.41895947265625 0.7767875000000001
vt 0.4140625 0.7767875000000001
vt 0.4140625 0.7005375000000007
vt 0.34864697265625 0.5510713541666667
vt 0.34864697265625 0.5580375
vt 0.34375 0.5580375
vt 0.34375 0.5510713541666667
vt 0.427099609375 0.25262083333333407
vt 0.427099609375 0.32887083333333333
vt 0.421875 0.32887083333333333
vt 0.421875 0.25262083333333407
vt 0.403662109375 0.7005375000000007
vt 0.403662109375 0.7767875000000001
vt 0.3984375 0.7767875000000001
vt 0.3984375 0.7005375000000007
vn -0.4448067156730311 -0.8586567209189047 -0.25466766836990823
vn -0.6509173125837454 0.5052401731666497 -0.5666030529367879
vn 0.4448067156730311 0.8586567209189047 0.25466766836990823
vn 0.6509173125837454 -0.5052401731666497 0.5666030529367879
vn -0.6151858563645022 0.08626124876981599 0.7836487472648356
vn 0.6151858563645022 -0.08626124876981599 -0.7836487472648356
usemtl m_890a103a-2c95-a057-8483-4c3958a0f191
f 76/220/55 79/219/55 77/218/55 74/217/55
f 75/224/56 76/223/56 74/222/56 73/221/56
f 80/228/57 75/227/57 73/226/57 78/225/57
f 79/232/58 80/231/58 78/230/58 77/229/58
f 78/236/59 73/235/59 74/234/59 77/233/59
f 79/240/60 76/239/60 75/238/60 80/237/60
o cube
v -0.5184736585865927 1.9704884952635053 -0.8686780632198763
v -0.5369041261348921 1.9280712239868998 -0.875923966865935
v -0.48741663902081145 1.9620906175854458 -0.898512897658175
v -0.5058471065691108 1.9196733463088402 -0.9057588013042338
v -0.3184916819382979 1.787576104173005 -0.6090178306896624
v -0.3000612143899985 1.8299933754496105 -0.6017719270436037
v -0.2874346623725167 1.7791782264949454 -0.6388526651279612
v -0.26900419482421734 1.8215954977715514 -0.6316067614819025
vt 0.36427197265625 0.8151208333333341
vt 0.36427197265625 0.8913708333333333
vt 0.359375 0.8913708333333333
vt 0.359375 0.8151208333333341
vt 0.36427197265625 0.3531546875
vt 0.36427197265625 0.36012083333333333
vt 0.359375 0.36012083333333333
vt 0.359375 0.3531546875
vt 0.41895947265625 0.7005375000000007
vt 0.41895947265625 0.7767875000000001
vt 0.4140625 0.7767875000000001
vt 0.4140625 0.7005375000000007
vt 0.34864697265625 0.5510713541666667
vt 0.34864697265625 0.5580375
vt 0.34375 0.5580375
vt 0.34375 0.5510713541666667
vt 0.434912109375 0.2630375000000007
vt 0.434912109375 0.3392875000000001
vt 0.4296875 0.3392875000000001
vt 0.4296875 0.2630375000000007
vt 0.403662109375 0.7005375000000007
vt 0.403662109375 0.7767875000000001
vt 0.3984375 0.7767875000000001
vt 0.3984375 0.7005375000000007
vn -0.39370825203309434 -0.9061099338126628 -0.15478565866080002
vn -0.5864995816235116 0.37726938725535963 -0.7167189478417685
vn 0.39370825203309434 0.9061099338126628 0.15478565866080002
vn 0.5864995816235116 -0.37726938725535963 0.7167189478417685
vn -0.7078220489900631 0.1913964401079021 0.6799671680879386
vn 0.7078220489900631 -0.1913964401079021 -0.6799671680879386
usemtl m_890a103a-2c95-a057-8483-4c3958a0f191
f 84/244/61 87/243/61 85/242/61 82/241/61
f 83/248/62 84/247/62 82/246/62 81/245/62
f 88/252/63 83/251/63 81/250/63 86/249/63
f 87/256/64 88/255/64 86/254/64 85/253/64
f 86/260/65 81/259/65 82/258/65 85/257/65
f 87/264/66 84/263/66 83/262/66 88/261/66
o cube
v -0.7580853571786885 0.6546862843551882 -0.7130816271462627
v -0.7906875861868845 0.6126775048291506 -0.6961607356324021
v -0.7330902898839327 0.6253190690320087 -0.7378312666935155
v -0.7656925188921285 0.5833102895059712 -0.720910375179655
v -0.47277513986291875 0.5332409388499857 -0.2808385767893623
v -0.44017291085472277 0.575249718376023 -0.29775946830322286
v -0.44778007256816277 0.503873723526806 -0.30558821633661515
v -0.4151778435599668 0.5458825030528436 -0.3225091078504757
vt 0.42698915468750004 0.3392875000000001
vt 0.42698915468750004 0.2605630442708339
vt 0.421875 0.2605630442708339
vt 0.421875 0.3392875000000001
vt 0.35667665468750004 0.6101208333333334
vt 0.35667665468750004 0.6018168359375
vt 0.3515625 0.6018168359375
vt 0.3515625 0.6101208333333334
vt 0.42698915468750004 0.7663708333333333
vt 0.42698915468750004 0.6876463776041672
vt 0.421875 0.6876463776041672
vt 0.421875 0.7663708333333333
vt 0.34886415468750004 0.5580375
vt 0.34886415468750004 0.5497335026041668
vt 0.34375 0.5497335026041668
vt 0.34375 0.5580375
vt 0.3984375 0.6980630442708338
vt 0.3984375 0.7767875000000001
vt 0.404665498046875 0.7767875000000001
vt 0.404665498046875 0.6980630442708338
vt 0.3203125 0.8647297109375005
vt 0.3203125 0.9434541666666667
vt 0.326540498046875 0.9434541666666667
vt 0.326540498046875 0.8647297109375005
vn -0.5842393660037756 -0.7528068927653564 0.30322622811438293
vn -0.60093651092799 0.1501555958302282 -0.7850659888662628
vn 0.5842393660037756 0.7528068927653564 -0.30322622811438293
vn 0.60093651092799 -0.1501555958302282 0.7850659888662628
vn -0.5454719727403052 0.6408861671512642 0.5401159576507266
vn 0.5454719727403052 -0.6408861671512642 -0.5401159576507266
usemtl m_890a103a-2c95-a057-8483-4c3958a0f191
f 92/268/67 95/267/67 93/266/67 90/265/67
f 91/272/68 92/271/68 90/270/68 89/269/68
f 96/276/69 91/275/69 89/274/69 94/273/69
f 95/280/70 96/279/70 94/278/70 93/277/70
f 94/284/71 89/283/71 90/282/71 93/281/71
f 95/288/72 92/287/72 91/286/72 96/285/72