# Made in Blockbench 4.12.2
mtllib white_tree_canopy.mtl

o cube
v 0.9263761280565526 0.5073607509284418 0.7162606684704563
v 0.21800771060855906 0.5073607509284418 0.8379806243619425
v 0.8467348333860129 -0.7847166026521823 0.25277563468048464
v 0.13836641593801935 -0.7847166026521822 0.37449559057197074
v 0.33736006993407114 0.25084564343419025 1.5325704414127301
v 1.0457284873820647 0.25084564343419025 1.410850485521244
v 0.25771877526353143 -1.041231710146434 1.0690854076227583
v 0.9660871927115249 -1.041231710146434 0.9473654517312721
vt 0.4895833333333333 0.9583333333333334
vt 0.6145833333333334 0.9583333333333334
vt 0.6145833333333334 0.7291666666666667
vt 0.4895833333333333 0.7291666666666667
vt 0.4895833333333333 0.9583333333333334
vt 0.609375 0.9583333333333334
vt 0.609375 0.7291666666666667
vt 0.4895833333333333 0.7291666666666667
vt 0.4895833333333333 0.9583333333333334
vt 0.6145833333333334 0.9583333333333334
vt 0.6145833333333334 0.7291666666666667
vt 0.4895833333333333 0.7291666666666667
vt 0.4895833333333333 0.9583333333333334
vt 0.609375 0.9583333333333334
vt 0.609375 0.7291666666666667
vt 0.4895833333333333 0.7291666666666667
vt 0.4895833333333333 0.9583333333333334
vt 0.6145833333333334 0.9583333333333334
vt 0.6145833333333334 0.8385416666666666
vt 0.4895833333333333 0.8385416666666666
vn -0.9855560590580779 1.942890293094024e-16 0.16934950384902422
vn -0.15913647910068277 0.34202014332566866 -0.9261197560677167
vn 0.9855560590580779 -1.942890293094024e-16 -0.16934950384902422
vn 0.15913647910068277 -0.34202014332566866 0.9261197560677167
vn 0.057920941578574324 0.9396926207859084 0.337080024574525
usemtl m_7fb87acf-55f8-1827-1742-931e38f31eb3
f 4/4/1 7/3/1 5/2/1 2/1/1
f 3/8/2 4/7/2 2/6/2 1/5/2
f 8/12/3 3/11/3 1/10/3 6/9/3
f 7/16/4 8/15/4 6/14/4 5/13/4
f 6/20/5 1/19/5 2/18/5 5/17/5
o cube
v 0.9160974152565889 1.4577082822190095 0.9332365171474974
v 0.3001248783452902 1.4577082822190097 1.0390799570531375
v 0.8779599103070402 0.1805357275312982 0.7112893119528867
v 0.2619873733957415 0.18053572753129832 0.8171327518585267
v 0.40436031856984644 1.3491781711771784 1.645694487045983
v 1.0203328554811453 1.349178171177178 1.539851047140343
v 0.36622281362029774 0.0720056164894669 1.4237472818513726
v 0.9821953505315965 0.07200561648946668 1.3179038419457323
vt 0.13541666666666666 0.5833333333333333
vt 0.23958333333333337 0.5833333333333333
vt 0.23958333333333337 0.36718749999999933
vt 0.13541666666666666 0.36718749999999933
vt 0.13541666666666666 0.5833333333333333
vt 0.23958333333333334 0.5833333333333333
vt 0.23958333333333334 0.36718749999999933
vt 0.13541666666666666 0.36718749999999933
vt 0.13541666666666666 0.5833333333333333
vt 0.23958333333333337 0.5833333333333333
vt 0.23958333333333337 0.36718749999999933
vt 0.13541666666666666 0.36718749999999933
vt 0.13541666666666666 0.5833333333333333
vt 0.23958333333333334 0.5833333333333333
vt 0.23958333333333334 0.36718749999999933
vt 0.13541666666666666 0.36718749999999933
vt 0.13541666666666666 0.36458333333333337
vt 0.23958333333333337 0.36458333333333337
vt 0.23958333333333337 0.26041666666666663
vt 0.13541666666666666 0.26041666666666663
vt 0.13541666666666666 0.47916666666666663
vt 0.23958333333333337 0.47916666666666663
vt 0.23958333333333337 0.5833333333333333
vt 0.13541666666666666 0.5833333333333333
vn -0.9855560590580779 1.97758476261356e-16 0.16934950384902425
vn -0.1667767043592898 0.17364817766693025 -0.9705832479885528
vn 0.9855560590580779 -1.97758476261356e-16 -0.16934950384902425
vn 0.1667767043592898 -0.17364817766693025 0.9705832479885528
vn 0.02940723273218203 0.984807753012208 0.17114001364403672
vn -0.02940723273218203 -0.984807753012208 -0.17114001364403672
usemtl m_7fb87acf-55f8-1827-1742-931e38f31eb3
f 12/24/6 15/23/6 13/22/6 10/21/6
f 11/28/7 12/27/7 10/26/7 9/25/7
f 16/32/8 11/31/8 9/30/8 14/29/8
f 15/36/9 16/35/9 14/34/9 13/33/9
f 14/40/10 9/39/10 10/38/10 13/37/10
f 15/44/11 12/43/11 11/42/11 16/41/11
o cube
v 1.8041268647379225 0.7207128716742089 0.6021917371077363
v 1.8900377044752705 0.33890385361841596 0.290998547357551
v 0.6135233428866789 -0.06592454454843788 1.2386436827831078
v 0.6994341826240267 -0.4477335626042308 0.9274504930329224
v 1.5778461530197934 0.5410347890342583 -0.04318631188615987
v 1.4919353132824456 0.9228438070900513 0.26800687786402555
v 0.38724263116854973 -0.24560262718838854 0.5932656337892115
v 0.3013317914312017 0.13620639086740438 0.9044588235393969
vt 0.5104166666666666 0.7291666666666667
vt 0.59375 0.7291666666666667
vt 0.59375 0.46875000000000044
vt 0.5104166666666666 0.46875000000000044
vt 0.5104166666666666 0.7291666666666667
vt 0.59375 0.7291666666666667
vt 0.59375 0.46875000000000044
vt 0.5104166666666666 0.46875000000000044
vt 0.5104166666666666 0.7291666666666667
vt 0.59375 0.7291666666666667
vt 0.59375 0.46875000000000044
vt 0.5104166666666666 0.46875000000000044
vt 0.5104166666666666 0.7291666666666667
vt 0.59375 0.7291666666666667
vt 0.59375 0.46875
vt 0.5104166666666666 0.46875
vt 0.5104166666666666 0.7291666666666667
vt 0.59375 0.7291666666666667
vt 0.59375 0.6458333333333333
vt 0.5104166666666666 0.6458333333333333
vn 0.17182167947469584 -0.7636180361115857 -0.622386379500371
vn 0.6243831029109541 -0.40426187083168447 0.6683697184874217
vn -0.17182167947469584 0.7636180361115857 0.622386379500371
vn -0.6243831029109541 0.40426187083168447 -0.6683697184874217
vn 0.7619862539847972 0.5034479463824946 -0.40732924523223846
usemtl m_7fb87acf-55f8-1827-1742-931e38f31eb3
f 20/48/12 23/47/12 21/46/12 18/45/12
f 19/52/13 20/51/13 18/50/13 17/49/13
f 24/56/14 19/55/14 17/54/14 22/53/14
f 23/60/15 24/59/15 22/58/15 21/57/15
f 22/64/16 17/63/16 18/62/16 21/61/16
o cube
v 2.910679730949196 0.9688936548950617 -0.3749364396275207
v 2.860858362631121 0.6320865565105238 -0.532110896002286
v 1.707965958812306 0.6987354013441931 0.5852199801034466
v 1.658144590494231 0.3619283029596552 0.42804552372868127
v 2.6267146990395127 0.7836847580724056 -0.7827495404350687
v 2.6765360673575875 1.1204918564569435 -0.6255750840603034
v 1.4240009269026226 0.5135265045215369 0.17740687929589852
v 1.4738222952206979 0.8503336029060748 0.33458133567066384
vt 0.34375 0.9583333333333334
vt 0.40625 0.9583333333333334
vt 0.40625 0.6979166666666672
vt 0.34375 0.6979166666666672
vt 0.34375 0.9583333333333334
vt 0.40625 0.9583333333333334
vt 0.40625 0.6979166666666672
vt 0.34375 0.6979166666666672
vt 0.34375 0.9583333333333334
vt 0.40625 0.9583333333333334
vt 0.40625 0.6979166666666672
vt 0.34375 0.6979166666666672
vt 0.34375 0.9583333333333334
vt 0.40625 0.9583333333333334
vt 0.40625 0.6979166666666667
vt 0.34375 0.6979166666666667
vt 0.34375 0.9583333333333334
vt 0.40625 0.9583333333333334
vt 0.40625 0.8958333333333334
vt 0.34375 0.8958333333333334
vt 0.34375 0.6979166666666667
vt 0.40625 0.6979166666666667
vt 0.40625 0.7604166666666666
vt 0.34375 0.7604166666666666
vn -0.13285698218153358 -0.8981522623587674 -0.41913188366604076
vn 0.6243831029109554 -0.4042618708316845 0.6683697184874205
vn 0.13285698218153358 0.8981522623587674 0.41913188366604076
vn -0.6243831029109554 0.4042618708316845 -0.6683697184874205
vn 0.769736814167611 0.17290128227255616 -0.6145001086278201
vn -0.769736814167611 -0.17290128227255616 0.6145001086278201
usemtl m_7fb87acf-55f8-1827-1742-931e38f31eb3
f 28/68/17 31/67/17 29/66/17 26/65/17
f 27/72/18 28/71/18 26/70/18 25/69/18
f 32/76/19 27/75/19 25/74/19 30/73/19
f 31/80/20 32/79/20 30/78/20 29/77/20
f 30/84/21 25/83/21 26/82/21 29/81/21
f 31/88/22 28/87/22 27/86/22 32/85/22
o cube
v 3.832700112191893 1.5884700515661685 -0.9550387731436077
v 3.8756555320605672 1.3975655425382723 -1.1106353680187007
v 2.7849690129628013 0.8962291252902386 -0.3949610609492791
v 2.827924432831475 0.7053246162623421 -0.5505576558243721
v 3.7195597563328278 1.4986310102461933 -1.2777277976405557
v 3.6766043364641545 1.6895355192740897 -1.1221312027654629
v 2.671828657103736 0.8063900839702633 -0.7176500854462271
v 2.6288732372350623 0.9972945929981597 -0.5620534905711341
vt 0.21875 0.22916666666666663
vt 0.2604166666666667 0.22916666666666663
vt 0.2604166666666667 4.440892098500626e-16
vt 0.21875 4.440892098500626e-16
vt 0.21875 0.22916666666666663
vt 0.2604166666666667 0.22916666666666663
vt 0.2604166666666667 4.440892098500626e-16
vt 0.21875 4.440892098500626e-16
vt 0.21875 0.22916666666666663
vt 0.2604166666666667 0.22916666666666663
vt 0.2604166666666667 4.440892098500626e-16
vt 0.21875 4.440892098500626e-16
vt 0.21875 0.22916666666666663
vt 0.2604166666666667 0.22916666666666663
vt 0.2604166666666667 0
vt 0.21875 0
vt 0.21875 0.22916666666666663
vt 0.2604166666666667 0.22916666666666663
vt 0.2604166666666667 0.1875
vt 0.21875 0.1875
vt 0.21875 0
vt 0.2604166666666667 0
vt 0.2604166666666667 0.04166666666666663
vt 0.21875 0.04166666666666663
vn 0.17182167947469482 -0.7636180361115854 -0.6223863795003719
vn 0.624383102910956 -0.40426187083168447 0.66836971848742
vn -0.17182167947469482 0.7636180361115854 0.6223863795003719
vn -0.624383102910956 0.40426187083168447 -0.66836971848742
vn 0.7619862539847959 0.5034479463824955 -0.4073292452322398
vn -0.7619862539847959 -0.5034479463824955 0.4073292452322398
usemtl m_7fb87acf-55f8-1827-1742-931e38f31eb3
f 36/92/23 39/91/23 37/90/23 34/89/23
f 35/96/24 36/95/24 34/94/24 33/93/24
f 40/100/25 35/99/25 33/98/25 38/97/25
f 39/104/26 40/103/26 38/102/26 37/101/26
f 38/108/27 33/107/27 34/106/27 37/105/27
f 39/112/28 36/111/28 35/110/28 40/109/28
o cube
v -0.5977884129520579 1.428064219998563 1.9616842739625957
v -0.8640353799204017 1.0079559732584202 2.0128859692575882
v 0.44531203599058783 0.6371971460368465 0.8967302962063386
v 0.17906506902224406 0.21708889929670372 0.9479319915013312
v -0.5749155675388007 0.8715813035164086 2.3973488199222315
v -0.308668600570457 1.2916895502565513 2.3461471246272385
v 0.46818488140384507 0.0807142295546921 1.3323948421659744
v 0.7344318483721889 0.5008224762948349 1.2811931468709818
vt 0.13541666666666666 0.28125
vt 0.21874999999999978 0.28125
vt 0.21874999999999978 4.440892098500626e-16
vt 0.13541666666666666 4.440892098500626e-16
vt 0.13541666666666666 0.28125
vt 0.21875000000000008 0.28125
vt 0.21875000000000008 4.440892098500626e-16
vt 0.13541666666666666 4.440892098500626e-16
vt 0.13541666666666666 0.28125
vt 0.2187499999999997 0.28125
vt 0.2187499999999997 5.551115123125783e-16
vt 0.13541666666666666 5.551115123125783e-16
vt 0.13541666666666666 0.28125
vt 0.21875 0.28125
vt 0.21875 0
vt 0.13541666666666666 0
vt 0.13541666666666666 0.28125
vt 0.21875 0.28125
vt 0.21875 0.19791666666666663
vt 0.13541666666666666 0.19791666666666663
vn -0.5324939339366873 -0.8402164934802852 0.1024033905899854
vn -0.5782396247632035 0.2727493394840241 -0.7689257013292887
vn 0.5324939339366873 0.8402164934802852 -0.1024033905899854
vn 0.5782396247632035 -0.2727493394840241 0.7689257013292887
vn -0.6181335993734207 0.468661969755092 0.6310838386703758
usemtl m_7fb87acf-55f8-1827-1742-931e38f31eb3
f 44/116/29 47/115/29 45/114/29 42/113/29
f 43/120/30 44/119/30 42/118/30 41/117/30
f 48/124/31 43/123/31 41/122/31 46/121/31
f 47/128/32 48/127/32 46/126/32 45/125/32
f 46/132/33 41/131/33 42/130/33 45/129/33
o cube
v -1.2773133062753603 2.6195213582543087 2.976603355827308
v -1.5442363422449876 2.383551331484643 3.093630016614841
v -0.5296909368016836 1.2549541829794995 1.9303518483851052
v -0.796613972771311 1.0189841562098336 2.0473785091726384
v -1.3273964829587865 2.2812703291781338 3.381977154613324
v -1.0604734469891592 2.5172403559478 3.2649504938257903
v -0.57977411348511 0.9167031539033248 2.335725647171121
v -0.3128510775154827 1.1526731806729908 2.2186989863835875
vt 0.34375 0.6979166666666667
vt 0.40624999999999983 0.6979166666666667
vt 0.40624999999999983 0.3854166666666672
vt 0.34375 0.3854166666666672
vt 0.34375 0.6979166666666667
vt 0.40625000000000006 0.6979166666666667
vt 0.40625000000000006 0.3854166666666672
vt 0.34375 0.3854166666666672
vt 0.34375 0.6979166666666667
vt 0.40624999999999983 0.6979166666666667
vt 0.40624999999999983 0.3854166666666673
vt 0.34375 0.3854166666666673
vt 0.34375 0.6979166666666667
vt 0.40625 0.6979166666666667
vt 0.40625 0.38541666666666663
vt 0.34375 0.38541666666666663
vt 0.34375 0.6979166666666667
vt 0.40625 0.6979166666666667
vt 0.40625 0.6354166666666667
vt 0.34375 0.6354166666666667
vt 0.34375 0.38541666666666663
vt 0.40625 0.38541666666666663
vt 0.40625 0.45833333333333337
vt 0.34375 0.45833333333333337
vn -0.7117947625856725 -0.6292534047191087 0.31207109543342154
vn -0.578239624763204 0.2727493394840239 -0.7689257013292882
vn 0.7117947625856725 0.6292534047191087 -0.31207109543342154
vn 0.578239624763204 -0.2727493394840239 0.7689257013292882
vn -0.3987319303859615 0.7277691601465661 0.5580008039691757
vn 0.3987319303859615 -0.7277691601465661 -0.5580008039691757
usemtl m_7fb87acf-55f8-1827-1742-931e38f31eb3
f 52/136/34 55/135/34 53/134/34 50/133/34
f 51/140/35 52/139/35 50/138/35 49/137/35
f 56/144/36 51/143/36 49/142/36 54/141/36
f 55/148/37 56/147/37 54/146/37 53/145/37
f 54/152/38 49/151/38 50/150/38 53/149/38
f 55/156/39 52/155/39 51/154/39 56/153/39
o cube
v -1.931871311095772 3.0145063064696087 3.690226606911713
v -2.058127438292766 2.7995414210802654 3.7089212156201907
v -1.251050707997184 2.5559672415934074 3.015592274566455
v -1.377306835194178 2.341002356204064 3.034286883274933
v -1.9135675321019638 2.731354086209259 3.901152640952514
v -1.7873114049049699 2.9463189715986022 3.882458032244036
v -1.2327469290033757 2.2728150213330576 3.226518308607256
v -1.1064908018063817 2.487779906722401 3.2078236998987784
vt 0.6041666666666666 0.8541666666666666
vt 0.6458333333333336 0.8541666666666666
vt 0.6458333333333336 0.6250000000000002
vt 0.6041666666666666 0.6250000000000002
vt 0.6041666666666666 0.8541666666666666
vt 0.6458333333333334 0.8541666666666666
vt 0.6458333333333334 0.6770833333333335
vt 0.6041666666666666 0.6770833333333335
vt 0.6041666666666666 0.8541666666666666
vt 0.6458333333333336 0.8541666666666666
vt 0.6458333333333336 0.6250000000000002
vt 0.6041666666666666 0.6250000000000002
vt 0.6041666666666666 0.8541666666666666
vt 0.6458333333333334 0.8541666666666666
vt 0.6458333333333334 0.625
vt 0.6041666666666666 0.625
vt 0.6041666666666666 0.8541666666666666
vt 0.6458333333333334 0.8541666666666666
vt 0.6458333333333334 0.8125
vt 0.6041666666666666 0.8125
vt 0.6041666666666666 0.625
vt 0.6458333333333334 0.625
vt 0.6458333333333334 0.6666666666666667
vt 0.6041666666666666 0.6666666666666667
vn -0.5050245087879752 -0.8598595415573728 0.07477843483391135
vn -0.5782396247632055 0.27274933948402413 -0.7689257013292873
vn 0.5050245087879752 0.8598595415573728 -0.07477843483391135
vn 0.5782396247632055 -0.27274933948402413 0.7689257013292873
vn -0.6407723323280835 0.4315661787070132 0.6349499598543609
vn 0.6407723323280835 -0.4315661787070132 -0.6349499598543609
usemtl m_7fb87acf-55f8-1827-1742-931e38f31eb3
f 60/160/40 63/159/40 61/158/40 58/157/40
f 59/164/41 60/163/41 58/162/41 57/161/41
f 64/168/42 59/167/42 57/166/42 62/165/42
f 63/172/43 64/171/43 62/170/43 61/169/43
f 62/176/44 57/175/44 58/174/44 61/173/44
f 63/180/45 60/179/45 59/178/45 64/177/45
o cube
v -1.264388719599621 2.075077940135655 1.425624852817335
v -1.4319250102404641 1.8971605864149215 1.3729275420385245
v -0.1808400870008806 0.978864451606308 1.6818368711921647
v -0.3483763776417237 0.8009470978855743 1.6291395604133543
v -1.498070333239282 1.8880884021845927 1.6138476360918703
v -1.330534042598439 2.0660057559053264 1.6665449468706808
v -0.4145217006405415 0.7918749136552455 1.8700596544667003
v -0.24698540999969842 0.9697922673759792 1.9227569652455108
vt 0.6041666666666666 0.625
vt 0.6458333333333334 0.625
vt 0.6458333333333334 0.36458333333333415
vt 0.6041666666666666 0.36458333333333415
vt 0.6041666666666666 0.625
vt 0.6458333333333334 0.625
vt 0.6458333333333334 0.36458333333333415
vt 0.6041666666666666 0.36458333333333415
vt 0.6041666666666666 0.625
vt 0.6458333333333334 0.625
vt 0.6458333333333334 0.36458333333333426
vt 0.6041666666666666 0.36458333333333426
vt 0.6041666666666666 0.625
vt 0.6458333333333334 0.625
vt 0.6458333333333334 0.33333333333333337
vt 0.6041666666666666 0.33333333333333337
vt 0.6041666666666666 0.625
vt 0.6458333333333334 0.625
vt 0.6458333333333334 0.5833333333333333
vt 0.6041666666666666 0.5833333333333333
vt 0.6041666666666666 0.33333333333333337
vt 0.6458333333333334 0.33333333333333337
vt 0.6458333333333334 0.375
vt 0.6041666666666666 0.375
vn -0.6701451625633708 -0.7116694148829336 -0.21078924311524178
vn 0.2645812919952714 0.036288736921314624 -0.9636803762133836
vn 0.6701451625633708 0.7116694148829336 0.21078924311524178
vn -0.2645812919952714 -0.036288736921314624 0.9636803762133836
vn -0.6934711248631961 0.7015766326587842 -0.16397569175989157
vn 0.6934711248631961 -0.7015766326587842 0.16397569175989157
usemtl m_7fb87acf-55f8-1827-1742-931e38f31eb3
f 68/184/46 71/183/46 69/182/46 66/181/46
f 67/188/47 68/187/47 66/186/47 65/185/47
f 72/192/48 67/191/48 65/190/48 70/189/48
f 71/196/49 72/195/49 70/194/49 69/193/49
f 70/200/50 65/199/50 66/198/50 69/197/50
f 71/204/51 68/203/51 67/202/51 72/201/51
o cube
v -2.3894477123993973 2.5210868012405214 1.1659594390170591
v -2.4557764916234635 2.3474658212072153 1.1412107352344463
v -1.2680261753477786 2.051301554984293 1.456158609651213
v -1.3343549545718447 1.8776805749509868 1.4314099058685998
v -2.505385483872577 2.340661683034469 1.3219008057744557
v -2.439056704648511 2.5142826630677746 1.3466495095570685
v -1.3839639468209581 1.8708764367782404 1.6120999764086095
v -1.317635167596892 2.0444974168115464 1.6368486801912223
vt 0.65625 0.5833333333333333
vt 0.6875 0.5833333333333333
vt 0.6875 0.37500000000000056
vt 0.65625 0.37500000000000056
vt 0.65625 0.5833333333333333
vt 0.6875 0.5833333333333333
vt 0.6875 0.37500000000000056
vt 0.65625 0.37500000000000056
vt 0.65625 0.5833333333333333
vt 0.6875 0.5833333333333333
vt 0.6875 0.37500000000000056
vt 0.65625 0.37500000000000056
vt 0.65625 0.5833333333333333
vt 0.6875 0.5833333333333333
vt 0.6875 0.375
vt 0.65625 0.375
vt 0.65625 0.5833333333333333
vt 0.6875 0.5833333333333333
vt 0.6875 0.5520833333333333
vt 0.65625 0.5520833333333333
vt 0.65625 0.375
vt 0.6875 0.375
vt 0.6875 0.40625
vt 0.65625 0.40625
vn -0.35375348919501926 -0.9259785601776311 -0.1319930868406021
vn 0.2645812919952713 0.036288736921314554 -0.9636803762133836
vn 0.35375348919501926 0.9259785601776311 0.1319930868406021
vn -0.2645812919952713 -0.036288736921314554 0.9636803762133836
vn -0.8971372296412976 0.3758281970049837 -0.23215933650732357
vn 0.8971372296412976 -0.3758281970049837 0.23215933650732357
usemtl m_7fb87acf-55f8-1827-1742-931e38f31eb3
f 76/208/52 79/207/52 77/206/52 74/205/52
f 75/212/53 76/211/53 74/210/53 73/209/53
f 80/216/54 75/215/54 73/214/54 78/213/54
f 79/220/55 80/219/55 78/218/55 77/217/55
f 78/224/56 73/223/56 74/222/56 77/221/56
f 79/228/57 76/227/57 75/226/57 80/225/57
o cube
v 0.9811407640807623 2.1128505363143253 0.4442333376375918
v 1.0639263168633166 1.882319864472146 0.008340963776241717
v 0.7361797003340573 0.4507586643505863 1.276741407508482
v 0.8189652531166116 0.22022799250840697 0.8408490336471319
v 0.5751733481660896 1.9025102745094544 -0.09516209382195073
v 0.4923877953835354 2.1330409463516338 0.3407302800393993
v 0.3302122844193847 0.24041840254571545 0.7373459760489394
v 0.2474267316368305 0.4709490743878948 1.1732383499102896
vt 0.5104166666666666 0.46875
vt 0.5937500000000003 0.46875
vt 0.5937500000000003 0.15625
vt 0.5104166666666666 0.15625
vt 0.5104166666666666 0.46875
vt 0.5937500000000004 0.46875
vt 0.5937500000000004 0.15625
vt 0.5104166666666666 0.15625
vt 0.5104166666666666 0.46875
vt 0.5937500000000003 0.46875
vt 0.5937500000000003 0.15625
vt 0.5104166666666666 0.15625
vt 0.5104166666666666 0.46875
vt 0.59375 0.46875
vt 0.59375 0.15625
vt 0.5104166666666666 0.15625
vt 0.5104166666666666 0.46875
vt 0.59375 0.46875
vt 0.59375 0.38541666666666663
vt 0.5104166666666666 0.38541666666666663
vt 0.5104166666666666 0.15625
vt 0.59375 0.15625
vt 0.59375 0.23958333333333337
vt 0.5104166666666666 0.23958333333333337
vn 0.1655711055651075 -0.4610613436843566 -0.8717847477226957
vn 0.9775059373944502 -0.040380820074617185 0.20700611519638434
vn -0.1655711055651075 0.4610613436843566 0.8717847477226957
vn -0.9775059373944502 0.040380820074617185 -0.20700611519638434
vn 0.13064590066490916 0.8864489983806612 -0.4440043039311416
vn -0.13064590066490916 -0.8864489983806612 0.4440043039311416
usemtl m_7fb87acf-55f8-1827-1742-931e38f31eb3
f 84/232/58 87/231/58 85/230/58 82/229/58
f 83/236/59 84/235/59 82/234/59 81/233/59
f 88/240/60 83/239/60 81/238/60 86/237/60
f 87/244/61 88/243/61 86/242/61 85/241/61
f 86/248/62 81/247/62 82/246/62 85/245/62
f 87/252/63 84/251/63 83/250/63 88/249/63
o cube
v 1.259406860254499 3.011415372346454 -0.9462374457409606
v 1.2918585355697547 2.704559246478861 -1.159336499673085
v 0.9348389193271412 2.0438105866495846 0.3976572229063509
v 0.9672905946423971 1.7369544607819918 0.1845581689742265
v 0.9252938090468353 2.719702054006844 -1.2369637928717299
v 0.8928421337315796 3.0265581798744376 -1.0238647389396054
v 0.6007258681194776 1.7520972683099751 0.10693087577558158
v 0.5682741928042219 2.058953394177568 0.320029929707706
vt 0.7708333333333334 0.90625
vt 0.8333333333333335 0.90625
vt 0.8333333333333335 0.6250000000000011
vt 0.7708333333333334 0.6250000000000011
vt 0.7708333333333334 0.90625
vt 0.8333333333333336 0.90625
vt 0.8333333333333336 0.6250000000000011
vt 0.7708333333333334 0.6250000000000011
vt 0.7708333333333334 0.90625
vt 0.8333333333333335 0.90625
vt 0.8333333333333335 0.6250000000000011
vt 0.7708333333333334 0.6250000000000011
vt 0.7708333333333334 0.90625
vt 0.8333333333333334 0.90625
vt 0.8333333333333334 0.625
vt 0.7708333333333334 0.625
vt 0.7708333333333334 0.6875
vt 0.8333333333333334 0.6875
vt 0.8333333333333334 0.625
vt 0.7708333333333334 0.625
vt 0.7708333333333334 0.84375
vt 0.8333333333333334 0.84375
vt 0.8333333333333334 0.90625
vt 0.7708333333333334 0.90625
vn 0.08653780084068152 -0.8182830023135772 -0.568264143818996
vn 0.9775059373944497 -0.04038082007462208 0.2070061151963862
vn -0.08653780084068152 0.8182830023135772 0.568264143818996
vn -0.9775059373944497 0.04038082007462208 -0.2070061151963862
vn 0.19233655758658316 0.5733954285611099 -0.7963820258650771
vn -0.19233655758658316 -0.5733954285611099 0.7963820258650771
usemtl m_7fb87acf-55f8-1827-1742-931e38f31eb3
f 92/256/64 95/255/64 93/254/64 90/253/64
f 91/260/65 92/259/65 90/258/65 89/257/65
f 96/264/66 91/263/66 89/262/66 94/261/66
f 95/268/67 96/267/67 94/266/67 93/265/67
f 94/272/68 89/271/68 90/270/68 93/269/68
f 95/276/69 92/275/69 91/274/69 96/273/69
o cube
v 1.3592240933012087 3.884370460394641 -1.5492210604778032
v 1.3976127225541493 3.7502289636608457 -1.7566635151443861
v 1.1785000604851095 2.8307558998265003 -0.9013513345903603
v 1.21688868973805 2.6966144030927044 -1.1087937892569433
v 1.1532362382055377 3.7603241686795004 -1.8084150439434818
v 1.1148476089525972 3.8944656654132963 -1.600972589276899
v 0.9725122053894384 2.7067096081113595 -1.1605453180560388
v 0.9341235761364979 2.840851104845155 -0.9531028633894559
vt 0.6041666666666666 0.33333333333333337
vt 0.6458333333333331 0.33333333333333337
vt 0.6458333333333331 0.12500000000000122
vt 0.6041666666666666 0.12500000000000122
vt 0.6041666666666666 0.33333333333333337
vt 0.6458333333333334 0.33333333333333337
vt 0.6458333333333334 0.12500000000000122
vt 0.6041666666666666 0.12500000000000122
vt 0.6041666666666666 0.33333333333333337
vt 0.6458333333333331 0.33333333333333337
vt 0.6458333333333331 0.12500000000000122
vt 0.6041666666666666 0.12500000000000122
vt 0.6041666666666666 0.33333333333333337
vt 0.6458333333333334 0.33333333333333337
vt 0.6458333333333334 0.125
vt 0.6041666666666666 0.125
vt 0.6041666666666666 0.16666666666666663
vt 0.6458333333333334 0.16666666666666663
vt 0.6458333333333334 0.125
vt 0.6041666666666666 0.125
vt 0.6041666666666666 0.29166666666666663
vt 0.6458333333333334 0.29166666666666663
vt 0.6458333333333334 0.33333333333333337
vt 0.6041666666666666 0.33333333333333337
vn 0.153554517011762 -0.536565986935183 -0.829769818666332
vn 0.9775059373944502 -0.04038082007461947 0.20700611519638326
vn -0.153554517011762 0.536565986935183 0.829769818666332
vn -0.9775059373944502 0.04038082007461947 -0.20700611519638326
vn 0.14457922625288053 0.8428916484545176 -0.5182957807099575
vn -0.14457922625288053 -0.8428916484545176 0.5182957807099575
usemtl m_7fb87acf-55f8-1827-1742-931e38f31eb3
f 100/280/70 103/279/70 101/278/70 98/277/70
f 99/284/71 100/283/71 98/282/71 97/281/71
f 104/288/72 99/287/72 97/286/72 102/285/72
f 103/292/73 104/291/73 102/290/73 101/289/73
f 102/296/74 97/295/74 98/294/74 101/293/74
f 103/300/75 100/299/75 99/298/75 104/297/75
o cube
v 1.4571526527013847 2.27852178718694 0.705182841368001
v 1.5959709716571564 2.193779409057783 0.5153191964242951
v 0.7891303928522116 1.2980519142023788 0.6543759666793073
v 0.9279487118079836 1.2133095360732211 0.4645123217356015
v 1.4428340550627061 2.306525569979194 0.35303121790023
v 1.3040157361069342 2.391267948108351 0.5428948628439358
v 0.7748117952135332 1.326055696994632 0.30222434321153635
v 0.6359934762577613 1.4107980751237896 0.49208798815524224
vt 0.3020833333333333 0.9375
vt 0.34374999999999994 0.9375
vt 0.34374999999999994 0.7395833333333339
vt 0.3020833333333333 0.7395833333333339
vt 0.3020833333333333 0.9375
vt 0.3437500000000004 0.9375
vt 0.3437500000000004 0.7395833333333339
vt 0.3020833333333333 0.7395833333333339
vt 0.3020833333333333 0.9375
vt 0.34374999999999994 0.9375
vt 0.34374999999999994 0.7395833333333339
vt 0.3020833333333333 0.7395833333333339
vt 0.3020833333333333 0.9375
vt 0.34375 0.9375
vt 0.34375 0.7395833333333333
vt 0.3020833333333333 0.7395833333333333
vt 0.3020833333333333 0.78125
vt 0.34375 0.78125
vt 0.34375 0.7395833333333333
vt 0.3020833333333333 0.7395833333333333
vt 0.3020833333333333 0.8958333333333334
vt 0.34375 0.8958333333333334
vt 0.34375 0.9375
vt 0.3020833333333333 0.9375
vn 0.5552732758230827 -0.33896951251662616 -0.7594545797748169
vn 0.6125476663778027 -0.4509846436856443 0.649151914096262
vn -0.5552732758230827 0.33896951251662616 0.7594545797748169
vn -0.6125476663778027 0.4509846436856443 -0.649151914096262
vn 0.5625450609256214 0.8256588404080544 0.04278473657995257
vn -0.5625450609256214 -0.8256588404080544 -0.04278473657995257
usemtl m_7fb87acf-55f8-1827-1742-931e38f31eb3
f 108/304/76 111/303/76 109/302/76 106/301/76
f 107/308/77 108/307/77 106/306/77 105/305/77
f 112/312/78 107/311/78 105/310/78 110/309/78
f 111/316/79 112/315/79 110/314/79 109/313/79
f 110/320/80 105/319/80 106/318/80 109/317/80
f 111/324/81 108/323/81 107/322/81 112/321/81
o cube
v 2.043637213625607 2.8580925171440192 0.5062736997378955
v 2.1112146460907 2.7509247599696485 0.3680542638989325
v 1.4280898909256936 2.2582671254510394 0.6703955843155652
v 1.4956673233907867 2.151099368276668 0.5321761484766023
v 1.9963619586448618 2.835484380660705 0.24633828000588262
v 1.9287845261797685 2.9426521378350756 0.38455771584484555
v 1.3808146359449485 2.235658988967725 0.4104601645835524
v 1.3132372034798554 2.342826746142096 0.5486796004225153
vt 0.8333333333333334 0.8125
vt 0.8645833333333334 0.8125
vt 0.8645833333333334 0.6666666666666672
vt 0.8333333333333334 0.6666666666666672
vt 0.8333333333333334 0.8125
vt 0.8645833333333335 0.8125
vt 0.8645833333333335 0.6666666666666672
vt 0.8333333333333334 0.6666666666666672
vt 0.8333333333333334 0.8125
vt 0.8645833333333334 0.8125
vt 0.8645833333333334 0.6666666666666672
vt 0.8333333333333334 0.6666666666666672
vt 0.8333333333333334 0.8125
vt 0.8645833333333334 0.8125
vt 0.8645833333333334 0.6666666666666667
vt 0.8333333333333334 0.6666666666666667
vt 0.8333333333333334 0.8125
vt 0.8645833333333334 0.8125
vt 0.8645833333333334 0.78125
vt 0.8333333333333334 0.78125
vt 0.8333333333333334 0.6666666666666667
vt 0.8645833333333334 0.6666666666666667
vt 0.8645833333333334 0.6979166666666667
vt 0.8333333333333334 0.6979166666666667
vn 0.3604129731471615 -0.5715613715966419 -0.7371703244744655
vn 0.6125476663778038 -0.4509846436856364 0.6491519140962665
vn -0.3604129731471615 0.5715613715966419 0.7371703244744655
vn -0.6125476663778038 0.4509846436856364 -0.6491519140962665
vn 0.7034826545141893 0.6855147333634085 -0.18756786808876635
vn -0.7034826545141893 -0.6855147333634085 0.18756786808876635
usemtl m_7fb87acf-55f8-1827-1742-931e38f31eb3
f 116/328/82 119/327/82 117/326/82 114/325/82
f 115/332/83 116/331/83 114/330/83 113/329/83
f 120/336/84 115/335/84 113/334/84 118/333/84
f 119/340/85 120/339/85 118/338/85 117/337/85
f 118/344/86 113/343/86 114/342/86 117/341/86
f 119/348/87 116/347/87 115/346/87 120/345/87
o cube
v 0.00668168436049682 3.0883845573569473 1.0935359604384685
v -0.264971227667013 2.9323825865909354 0.8873974620833688
v 0.8178935967763776 1.409965260403376 1.2947047869710417
v 0.5462406847488678 1.253963289637364 1.088566288615942
v -0.46623499666967705 2.8723431690248304 1.198063140305417
v -0.19458208464216725 3.0283451397908427 1.4042016386605165
v 0.3449769157462037 1.193923872071259 1.3992319668379902
v 0.6166298277737134 1.3499258428372711 1.6053704651930898
vt 0.40625 0.6979166666666667
vt 0.46875 0.6979166666666667
vt 0.46875 0.38541666666666474
vt 0.40625 0.38541666666666474
vt 0.40625 0.6979166666666667
vt 0.4687500000000002 0.6979166666666667
vt 0.4687500000000002 0.38541666666666474
vt 0.40625 0.38541666666666474
vt 0.40625 0.6979166666666667
vt 0.46875 0.6979166666666667
vt 0.46875 0.38541666666666474
vt 0.40625 0.38541666666666474
vt 0.40625 0.6979166666666667
vt 0.46875 0.6979166666666667
vt 0.46875 0.38541666666666463
vt 0.40625 0.38541666666666463
vt 0.40625 0.6979166666666667
vt 0.46875 0.6979166666666667
vt 0.46875 0.6354166666666667
vt 0.40625 0.6354166666666667
vt 0.40625 0.38541666666666663
vt 0.46875 0.38541666666666663
vt 0.46875 0.44791666666666663
vt 0.40625 0.44791666666666663
vn -0.7244077654066899 -0.4160052553760304 -0.5497026622802639
vn 0.5367033840071039 0.16010511350961298 -0.8284418085921286
vn 0.7244077654066899 0.4160052553760304 0.5497026622802639
vn -0.5367033840071039 -0.16010511350961298 0.8284418085921286
vn -0.432646353288467 0.8951569583752326 -0.10729004081737177
vn 0.432646353288467 -0.8951569583752326 0.10729004081737177
usemtl m_7fb87acf-55f8-1827-1742-931e38f31eb3
f 124/352/88 127/351/88 125/350/88 122/349/88
f 123/356/89 124/355/89 122/354/89 121/353/89
f 128/360/90 123/359/90 121/358/90 126/357/90
f 127/364/91 128/363/91 126/362/91 125/361/91
f 126/368/92 121/367/92 122/366/92 125/365/92
f 127/372/93 124/371/93 123/370/93 128/369/93
o cube
v -0.3029760130047927 3.621742603850074 1.9431415108575623
v -0.1649420152764564 3.749382078219294 1.7783544359582137
v -0.10585892088052325 2.672267482085501 1.3728198076561018
v 0.03217507684781303 2.7999069564547203 1.2080327327567533
v -0.3687258289860376 3.7904855765840115 1.6394924192215972
v -0.5067598267143739 3.6628461022147922 1.8042794941209457
v -0.17160873686176822 2.841010454819438 1.069170716020137
v -0.3096427345901045 2.7133709804502186 1.2339577909194854
vt 0.3020833333333333 0.7395833333333333
vt 0.34375 0.7395833333333333
vt 0.34375 0.5520833333333337
vt 0.3020833333333333 0.5520833333333337
vt 0.3020833333333333 0.7395833333333333
vt 0.34375000000000017 0.7395833333333333
vt 0.34375000000000017 0.5520833333333337
vt 0.3020833333333333 0.5520833333333337
vt 0.3020833333333333 0.7395833333333333
vt 0.34375 0.7395833333333333
vt 0.34375 0.5520833333333337
vt 0.3020833333333333 0.5520833333333337
vt 0.3020833333333333 0.7395833333333333
vt 0.34375 0.7395833333333333
vt 0.34375 0.46875
vt 0.3020833333333333 0.46875
vt 0.3020833333333333 0.7395833333333333
vt 0.34375 0.7395833333333333
vt 0.34375 0.6979166666666667
vt 0.3020833333333333 0.6979166666666667
vt 0.3020833333333333 0.46875
vt 0.34375 0.46875
vt 0.34375 0.5104166666666667
vt 0.3020833333333333 0.5104166666666667
vn 0.552135990913343 0.5105578974768756 -0.6591482995973919
vn 0.8151352548383249 -0.16441399345887076 0.5554480669464658
vn -0.552135990913343 -0.5105578974768756 0.6591482995973919
vn -0.8151352548383249 0.16441399345887076 -0.5554480669464658
vn -0.17521519299935095 0.8439778860129563 0.5069526250679659
vn 0.17521519299935095 -0.8439778860129563 -0.5069526250679659
usemtl m_7fb87acf-55f8-1827-1742-931e38f31eb3
f 132/376/94 135/375/94 133/374/94 130/373/94
f 131/380/95 132/379/95 130/378/95 129/377/95
f 136/384/96 131/383/96 129/382/96 134/381/96
f 135/388/97 136/387/97 134/386/97 133/385/97
f 134/392/98 129/391/98 130/390/98 133/389/98
f 135/396/99 132/395/99 131/394/99 136/393/99
o cube
v -1.3308544069707342 4.063583765372683 -0.39618098362695275
v -1.2963159967281905 3.9161113409117845 -0.47609058718961694
v -0.910563924344889 3.7027677303963853 0.45135895591461606
v -0.8760255141023453 3.555295305935487 0.371449352351952
v -1.448238402679447 3.8540294367373455 -0.4271826916710241
v -1.4827768129219907 4.001501861198244 -0.3472730881083599
v -1.0279479200536017 3.493213401761048 0.42035724787054485
v -1.0624863302961454 3.6406858262219464 0.5002668514332089
vt 0.21875 0.5416666666666667
vt 0.2472916666666667 0.5416666666666667
vt 0.2472916666666667 0.3729166666666659
vt 0.21875 0.3729166666666659
vt 0.21875 0.5416666666666667
vt 0.24729166666666658 0.5416666666666667
vt 0.24729166666666658 0.3729166666666659
vt 0.21875 0.3729166666666659
vt 0.21875 0.5416666666666667
vt 0.2472916666666667 0.5416666666666667
vt 0.2472916666666667 0.3729166666666659
vt 0.21875 0.3729166666666659
vt 0.21875 0.5416666666666667
vt 0.2604166666666667 0.5416666666666667
vt 0.2604166666666667 0.2291666666666644
vt 0.21875 0.2291666666666644
vt 0.21875 0.5416666666666667
vt 0.2604166666666667 0.5416666666666667
vt 0.2604166666666667 0.5
vt 0.21875 0.5
vt 0.21875 0.22916666666666663
vt 0.2604166666666667 0.22916666666666663
vt 0.2604166666666667 0.27083333333333337
vt 0.21875 0.27083333333333337
vn 0.20168414740171556 -0.8611528435672934 -0.46662542226373366
vn 0.8871381369416407 0.36252206817190585 -0.2855935504735342
vn -0.20168414740171556 0.8611528435672934 0.46662542226373366
vn -0.8871381369416407 -0.36252206817190585 0.2855935504735342
vn -0.4151017112354009 0.35636151602597144 -0.8370764834978422
vn 0.4151017112354009 -0.35636151602597144 0.8370764834978422
usemtl m_7fb87acf-55f8-1827-1742-931e38f31eb3
f 140/400/100 143/399/100 141/398/100 138/397/100
f 139/404/101 140/403/101 138/402/101 137/401/101
f 144/408/102 139/407/102 137/406/102 142/405/102
f 143/412/103 144/411/103 142/410/103 141/409/103
f 142/416/104 137/415/104 138/414/104 141/413/104
f 143/420/105 140/419/105 139/418/105 144/417/105
o cube
v -0.8602889579993837 3.7249999628564896 0.3737889716161944
v -0.9556924606431995 3.523204021896176 0.26119869719059047
v -0.1326618566888842 2.989565496489522 1.075355039152282
v -0.22806535933270006 2.787769555529209 0.9627647647266782
v -1.1351932231508588 3.511210522026524 0.4347948728974464
v -1.039789720507043 3.7130064629868373 0.5473851473230503
v -0.40756612184035934 2.7757760556595565 1.136360940433534
v -0.31216261919654353 2.97757199661987 1.248951214859138
vt 0.21875 0.5416666666666667
vt 0.2604166666666667 0.5416666666666667
vt 0.2604166666666667 0.33333333333333093
vt 0.21875 0.33333333333333093
vt 0.21875 0.5416666666666667
vt 0.2604166666666666 0.5416666666666667
vt 0.2604166666666666 0.33333333333333093
vt 0.21875 0.33333333333333093
vt 0.21875 0.5416666666666667
vt 0.2604166666666667 0.5416666666666667
vt 0.2604166666666667 0.33333333333333093
vt 0.21875 0.33333333333333093
vt 0.21875 0.5416666666666667
vt 0.2604166666666667 0.5416666666666667
vt 0.2604166666666667 0.2291666666666644
vt 0.21875 0.2291666666666644
vt 0.21875 0.5416666666666667
vt 0.2604166666666667 0.5416666666666667
vt 0.2604166666666667 0.5
vt 0.21875 0.5
vt 0.21875 0.22916666666666663
vt 0.2604166666666667 0.22916666666666663
vt 0.2604166666666667 0.27083333333333337
vt 0.21875 0.27083333333333337
vn -0.3816140105752644 -0.8071837638412559 -0.4503610977024169
vn 0.7180030500306369 0.0479739994786083 -0.6943847028274235
vn 0.3816140105752644 0.8071837638412559 0.4503610977024169
vn -0.7180030500306369 -0.0479739994786083 0.6943847028274235
vn -0.5821016810483927 0.5883475730935672 -0.5612528540288638
vn 0.5821016810483927 -0.5883475730935672 0.5612528540288638
usemtl m_7fb87acf-55f8-1827-1742-931e38f31eb3
f 148/424/106 151/423/106 149/422/106 146/421/106
f 147/428/107 148/427/107 146/426/107 145/425/107
f 152/432/108 147/431/108 145/430/108 150/429/108
f 151/436/109 152/435/109 150/434/109 149/433/109
f 150/440/110 145/439/110 146/438/110 149/437/110
f 151/444/111 148/443/111 147/442/111 152/441/111
o cube
v -0.551956441105884 0.45268927368090983 0.2984487883766924
v -0.41500012427334687 0.6385999805113931 0.39426202527773513
v 0.4581219487942088 -0.6222272608635305 0.9403421083111222
v 0.5950782656267459 -0.43631655403304725 1.0361553452121648
v -0.276792870272232 0.6441124139649625 0.18601129174027364
v -0.41374918710476905 0.4582017071344793 0.09019805483923093
v 0.7332855196278608 -0.4308041205794777 0.8279046116747033
v 0.5963292027953236 -0.616714827409961 0.7320913747736606
vt 0.46875 0.6979166666666667
vt 0.5104166666666665 0.6979166666666667
vt 0.5104166666666665 0.42980957031250044
vt 0.46875 0.42980957031250044
vt 0.46875 0.6979166666666667
vt 0.5104166666666665 0.6979166666666667
vt 0.5104166666666665 0.42980957031250044
vt 0.46875 0.42980957031250044
vt 0.46875 0.6979166666666667
vt 0.5104166666666665 0.6979166666666667
vt 0.5104166666666665 0.42980957031250044
vt 0.46875 0.42980957031250044
vt 0.46875 0.6979166666666667
vt 0.5104166666666666 0.6979166666666667
vt 0.5104166666666666 0.38541666666666663
vt 0.46875 0.38541666666666663
vt 0.46875 0.6979166666666667
vt 0.5104166666666666 0.6979166666666667
vt 0.5104166666666666 0.65625
vt 0.46875 0.65625
vt 0.46875 0.38541666666666663
vt 0.5104166666666666 0.38541666666666663
vt 0.5104166666666666 0.42708333333333337
vt 0.46875 0.42708333333333337
vn 0.5478252673301507 0.743642827321936 0.38325294760417256
vn -0.5528290160044614 -0.022049733814278112 0.8330029341498494
vn -0.5478252673301507 -0.743642827321936 -0.38325294760417256
vn 0.5528290160044614 0.022049733814278112 -0.8330029341498494
vn -0.627907282596872 0.6682134049922652 -0.3990279311657959
vn 0.627907282596872 -0.6682134049922652 0.3990279311657959
usemtl m_7fb87acf-55f8-1827-1742-931e38f31eb3
f 156/448/112 159/447/112 157/446/112 154/445/112
f 155/452/113 156/451/113 154/450/113 153/449/113
f 160/456/114 155/455/114 153/454/114 158/453/114
f 159/460/115 160/459/115 158/458/115 157/457/115
f 158/464/116 153/463/116 154/462/116 157/461/116
f 159/468/117 156/467/117 155/466/117 160/465/117
o cube
v -1.1756511938909033 0.7193330661266586 -0.15343093063869773
v -1.1258071618094703 0.8960988011959772 -0.1156725226840638
v -0.4400767777743654 0.4093932838530891 0.3265347148247453
v -0.3902327456929323 0.5861590189224076 0.3642931227793793
v -1.022151721308634 0.9002331262861543 -0.27186057283716014
v -1.071995753390067 0.7234673912168357 -0.3096189807917942
v -0.2865773051920961 0.5902933440125847 0.20810507262628294
v -0.3364213372735292 0.41352760894326623 0.17034666467164897
vt 0.2708333333333333 0.6666666666666667
vt 0.30208333333333326 0.6666666666666667
vt 0.30208333333333326 0.511433919270833
vt 0.2708333333333333 0.511433919270833
vt 0.2708333333333333 0.6666666666666667
vt 0.3020833333333333 0.6666666666666667
vt 0.3020833333333333 0.511433919270833
vt 0.2708333333333333 0.511433919270833
vt 0.2708333333333333 0.6666666666666667
vt 0.30208333333333326 0.6666666666666667
vt 0.30208333333333326 0.511433919270833
vt 0.2708333333333333 0.511433919270833
vt 0.2708333333333333 0.6666666666666667
vt 0.3020833333333333 0.6666666666666667
vt 0.3020833333333333 0.4375
vt 0.2708333333333333 0.4375
