# Made in Blockbench 4.12.3
mtllib whitebeam_twig_branch.mtl

o cube
v 0.4432402529970382 0.9095997701867506 0.5387524143322274
v 0.6370822529970381 0.9095997688217208 0.538752410844159
v 0.637082250930419 0.6845222781998284 0.511986862477795
v 0.4432402509304191 0.6845222795648582 0.5119868659658633
v 0.6365976657870754 0.9702975151525092 1.5036423637089251
v 0.44372487578707537 0.9702975165107139 1.5036423671795531
v 0.6365976674861619 1.1621998692297273 1.522965914676743
v 0.44372487748616185 1.1621998705879322 1.5229659181473711
vt 0.48128125000000005 0.8125
vt 0.4166666666666667 0.8125
vt 0.4166666666666667 0.7369458333333334
vt 0.48128125000000005 0.7369458333333334
vt 0.5208333333333334 0.8125
vt 0.5208333333333334 0.7478854166666666
vt 0.8648375 0.7480458333333333
vt 0.8648375 0.8123375
vt 0.4809583333333334 0.8315416666666666
vt 0.4809583333333334 0.8958333333333334
vt 0.4166666666666667 0.8958333333333334
vt 0.4166666666666667 0.8315416666666666
vt 0.42203690828350676 0.35416666666666663
vt 0.08333333333333333 0.35416666666666663
vt 0.10547457080277978 0.2938094374624488
vt 0.4493305490664752 0.2837150787523366
vt 0.15434777396727864 0.18037706797301922
vt 0.125 0.25
vt 0.4690041131519381 0.25
vt 0.49290549654445903 0.19031588919994535
vt 0.5208333333333334 0.831218757436458
vt 0.8595375389812867 0.831218757436458
vt 0.8595683841720435 0.8955104167038309
vt 0.520864333449708 0.8958333333333334
vn -1.7036939760167484e-8 0.11808503277550109 -0.9930034869195621
vn -1.7837581415970627e-9 -0.9608956129913878 0.27691085376688546
vn 1.719833012183825e-8 -0.10018806161210138 0.9949685182509092
vn 0.9999998709786786 -0.00005090219261025924 0.000505422192828762
vn -0.9999998701506881 -0.00006016782585930368 0.00050604193472972
vn 2.34759590030114e-9 0.9686075678455083 -0.24859480990642013
usemtl m_d16fbeb5-961d-e62b-f46c-44d2633c8594
f 1/1/1 2/2/1 3/3/1 4/4/1
f 4/5/2 3/6/2 5/7/2 6/8/2
f 5/9/3 7/10/3 8/11/3 6/12/3
f 2/13/4 7/14/4 5/15/4 3/16/4
f 1/17/5 4/18/5 6/19/5 8/20/5
f 1/21/6 8/22/6 7/23/6 2/24/6
o cube
v 0.5786341333419993 0.3376412014509924 -0.5129914152062468
v 0.4711165654667233 0.7305479908492494 0.5613759462874492
v 0.46929745126190925 0.8544209400557856 0.5158923330910432
v 0.5768150191371855 0.46151415065752865 -0.5584750284026528
v 0.7131455659226771 0.34374025728295265 -0.5017606369178761
v 0.711326451717863 0.4676132064894889 -0.5472442501142821
v 0.6056279980474009 0.7366470466812096 0.5726067245758197
v 0.6038088838425868 0.8605199958877461 0.5271231113794139
vt 0.5416667798992745 0.8935091163170207
vt 0.9246664863751285 0.8935091163170209
vt 0.9246663731425206 0.9375
vt 0.5416666666666666 0.9374999999999999
vt 0.5833333333333323 0.8958316726591954
vt 0.5833333333333323 0.8507921280649509
vt 0.6273236690560692 0.85079378873909
vt 0.6273236690560692 0.8958333333333345
vt 0.9038331530417949 0.8333333333333334
vt 0.5208334465659411 0.8333333333333334
vt 0.5208333333333334 0.7893424496503542
vt 0.9038330398091873 0.7893424496503542
vt 0.7291666666666666 0.8310096642772631
vt 0.774206211260911 0.8310096642772631
vt 0.7742078719350504 0.875
vt 0.7291683273408057 0.875
vt 0.44549987816027475 0.8333333333333334
vt 0.0625020294482284 0.8333333333333331
vt 0.0625 0.7882957562828768
vt 0.44550018676369074 0.7882939635001062
vt 0.44550018676788666 0.8958333333333333
vt 0.0625 0.8958333333333334
vt 0.0625018186321636 0.8507957562738708
vt 0.44549966734001406 0.8507939635020442
vn -0.9955168181744302 -0.04513900818103011 -0.08311879854937486
vn 0.0935749067669951 -0.34195543028569186 -0.9350455713609235
vn 0.9955168181744302 0.045139008181030185 0.08311879854937503
vn -0.09357490676699368 0.3419554302856896 0.9350455713609243
vn -0.013784105172514643 0.9386314258741612 -0.3446462603975738
vn 0.0137841051725157 -0.9386314258741612 0.3446462603975738
usemtl m_d16fbeb5-961d-e62b-f46c-44d2633c8594
f 9/25/7 10/26/7 11/27/7 12/28/7
f 13/29/8 9/30/8 12/31/8 14/32/8
f 15/33/9 13/34/9 14/35/9 16/36/9
f 10/37/10 15/38/10 16/39/10 11/40/10
f 16/41/11 14/42/11 12/43/11 11/44/11
f 10/45/12 9/46/12 13/47/12 15/48/12
o cube
v 0.6366698196392453 0.07189271457016977 -1.0053403517112502
v 0.5921200721224622 0.3793514430259144 -0.46417452657761604
v 0.5974808465871952 0.4726624188377674 -0.5167470496451125
v 0.6420305941039781 0.16520369038202265 -1.0579128747787467
v 0.7398413460862656 0.0710275807072912 -0.9963555670376065
v 0.7452021205509984 0.16433855651914409 -1.048928090105103
v 0.695291598569483 0.37848630916303594 -0.45518974190397227
v 0.7006523730342158 0.4717972849748888 -0.5077622649714688
vt 0.6666666666666666 0.797587805959878
vt 0.8746675333223464 0.7975878059598779
vt 0.8746658515760483 0.8333333333333334
vt 0.6666667977925892 0.833332306799316
vt 0.583334077912486 0.8392545971127664
vt 0.6178544172521421 0.8392545971127664
vt 0.6178557559104051 0.8749999800087659
vt 0.5833333333333338 0.8749999999999994
vt 0.8746675333223465 0.9166666666666665
vt 0.6666666666666666 0.9166666666666666
vt 0.6666667977925892 0.8809221658272286
vt 0.8746658515760485 0.8809211392932111
vt 0.562500000000001 0.8333319946750705
vt 0.562500000000001 0.7988116553354145
vt 0.5982454028872339 0.7988109107562623
vt 0.5982453828960004 0.8333333333333335
vt 0.5205007399847448 0.7916666666666666
vt 0.3125 0.7916666666666666
vt 0.3125000309243691 0.7571450359049191
vt 0.5204986878753253 0.7571450712321505
vt 0.4788320153453851 0.875
vt 0.27083335839442596 0.8749999999999999
vt 0.2708333333333333 0.8404783692382477
vt 0.4788340733180751 0.8404784045658329
vn -0.9961946972947845 0.00835348469029793 -0.08675450636872899
vn 0.07139382614868965 -0.49272232124318066 -0.8672529248936452
vn 0.9961946972947847 -0.008353484690296434 0.08675450636872736
vn -0.0713938261486903 0.492722321243181 0.8672529248936449
vn 0.04999046578702009 0.8701465011377456 -0.49025097642751947
vn -0.04999046578702009 -0.8701465011377457 0.49025097642751925
usemtl m_d16fbeb5-961d-e62b-f46c-44d2633c8594
f 17/49/13 18/50/13 19/51/13 20/52/13
f 21/53/14 17/54/14 20/55/14 22/56/14
f 23/57/15 21/58/15 22/59/15 24/60/15
f 18/61/16 23/62/16 24/63/16 19/64/16
f 24/65/17 22/66/17 20/67/17 19/68/17
f 18/69/18 17/70/18 21/71/18 23/72/18
o cube
v 1.0705785395448095 0.7688536017499046 0.17660955154984248
v 1.4709828562160294 0.41156338906666634 -0.3505151315269178
v 1.3866092475339995 0.41426374025951596 -0.4164357140703191
v 0.9862049308627796 0.7715539529427542 0.1106889690064412
v 1.03802642166669 0.6764865397924287 0.214490226345743
v 0.95365281298466 0.6791868909852783 0.14856964380234183
v 1.4384307383379096 0.3191963271091903 -0.3126344567310173
v 1.3540571296558797 0.32189667830204005 -0.3785550392744186
vt 0.896573869489177 0.7916666666666666
vt 0.6458339381231827 0.7916666666666666
vt 0.6458333333333334 0.7559644335653752
vt 0.8965753451044 0.7559643231456595
vt 0.25 0.7976311763376839
vt 0.2850018474834822 0.7976311763376839
vt 0.28500263166827916 0.8333333333333334
vt 0.2500007841847971 0.8333333333333334
vt 0.6458339381231825 0.8184643231456595
vt 0.896573869489177 0.8184643231456595
vt 0.8965753451044 0.8541666666666666
vt 0.6458333333333334 0.8541665562469509
vt 0.6041666666666675 0.8958325491485356
vt 0.6041666666666675 0.8608307016650535
vt 0.6398688236623169 0.8608314858498506
vt 0.6398688236623169 0.8958333333333326
vt 0.35416667720830874 0.7774965933577546
vt 0.6049083689568148 0.7774965933577546
vt 0.6049073685567131 0.8124981668447944
vt 0.3541666666666667 0.8125
vt 0.3333333333333333 0.8399965933587672
vt 0.584074035230081 0.8399965933587672
vt 0.584075291525281 0.8749981668375577
vt 0.33333359978347615 0.875
vn 0.31000245584175945 0.8796360394403752 -0.3607477172342588
vn -0.5322942761583419 0.4749787332958438 0.7007553114217135
vn -0.3100024558417592 -0.879636039440375 0.36074771723425925
vn 0.5322942761583412 -0.4749787332958443 -0.7007553114217137
vn -0.7877571205270991 0.025211922463903212 -0.6154698026910237
vn 0.7877571205270988 -0.025211922463903573 0.6154698026910242
usemtl m_d16fbeb5-961d-e62b-f46c-44d2633c8594
f 25/73/19 26/74/19 27/75/19 28/76/19
f 29/77/20 25/78/20 28/79/20 30/80/20
f 31/81/21 29/82/21 30/83/21 32/84/21
f 26/85/22 31/86/22 32/87/22 27/88/22
f 32/89/23 30/90/23 28/91/23 27/92/23
f 26/93/24 25/94/24 29/95/24 31/96/24
o cube
v 1.4313530619523986 0.4198901014993981 -0.3544376131011779
v 1.7944024881859084 -0.057911722504958185 -0.6441421663112687
v 1.744220304264712 -0.0672810500134885 -0.6915764615413453
v 1.3811708780312022 0.41052077399086784 -0.40187190833125447
v 1.4014685492881072 0.3723157097062503 -0.31342487834443966
v 1.3512863653669107 0.3629463821977199 -0.36085917357451625
v 1.764517975521617 -0.105486114298106 -0.6031294315545306
v 1.7143357916004205 -0.11485544180663632 -0.6505637267846072
vt 0.576286333126661 0.7708333333333334
vt 0.35416668923567834 0.7708333333333333
vt 0.3541666666666667 0.75
vt 0.576285926591347 0.75000183645087
vt 0.6065630120444769 0.8309812643192468
vt 0.6065630120444769 0.8541664072063295
vt 0.5833333333333334 0.8541666666666671
vt 0.5833349758333347 0.8309790778136602
vt 0.3541666892356783 0.7916666666666667
vt 0.576286333126661 0.7916666666666666
vt 0.576285926591347 0.81249816354913
vt 0.3541666666666667 0.8125
vt 0.6065206627260018 0.9583333333333326
vt 0.5833355198389191 0.9583333333333326
vt 0.5833333333333325 0.9351052971221904
vt 0.6065209221863392 0.935103654622189
vt 0.3333353648419423 0.8333333333333335
vt 0.5554523851137901 0.8333333333333334
vt 0.5554518611157249 0.8541666666666666
vt 0.3333333333333333 0.854165374727639
vt 0.3333333333333333 0.8958333333333334
vt 0.5554518611203794 0.8958333333333334
vt 0.5554522350057811 0.9166666666666666
vt 0.33333521473858774 0.9166653747364074
vn 0.42962841040625704 0.6839432368109897 -0.589610954606764
vn -0.5448293308708938 0.7170385882768213 0.43476046640047367
vn -0.42962841040625666 -0.6839432368109895 0.5896109546067645
vn 0.5448293308708942 -0.717038588276821 -0.4347604664004735
vn -0.7201252871511791 -0.13445189378543446 -0.6806924849467213
vn 0.7201252871511789 0.13445189378543457 0.6806924849467213
usemtl m_d16fbeb5-961d-e62b-f46c-44d2633c8594
f 33/97/25 34/98/25 35/99/25 36/100/25
f 37/101/26 33/102/26 36/103/26 38/104/26
f 39/105/27 37/106/27 38/107/27 40/108/27
f 34/109/28 39/110/28 40/111/28 35/112/28
f 40/113/29 38/114/29 36/115/29 35/116/29
f 34/117/30 33/118/30 37/119/30 39/120/30
o cube
v 0.3212392422094775 0.2778915597391336 -0.9228605050576975
v 0.5328434054299227 0.48625001124598655 -0.37262373657212955
v 0.6215857075023199 0.504163131986096 -0.41353447166041996
v 0.4099815442818747 0.2958046804792429 -0.9637712401459879
v 0.3526873742371819 0.17953586144822697 -0.8977100859603175
v 0.4414296763095791 0.19744898218833629 -0.938620821048608
v 0.5642915374576272 0.3878943129550799 -0.3474733174747496
v 0.6530338395300244 0.40580743369518923 -0.38838405256304004
vt 0.3125008361518549 0.8002175311006434
vt 0.5209209123643032 0.8002175311006433
vt 0.5209219085120415 0.8333333333333334
vt 0.3125 0.833332341891969
vt 0.583333333333334 0.8418845661107056
vt 0.6187601079325965 0.8418845661107056
vt 0.6187604676338591 0.8749999999999991
vt 0.5833336930345967 0.8749999999999991
vt 0.5209209123643034 0.9166666666666666
vt 0.3125008361518549 0.9166666666666666
vt 0.3125 0.8835518558753409
vt 0.5209219085120415 0.8835508644339767
vt 0.5416666666666666 0.791666306965404
vt 0.5416666666666666 0.7562395323661416
vt 0.5747821005559602 0.7562398920674043
vt 0.5747821005559602 0.7916666666666666
vt 0.8334192646737648 0.8124999999999999
vt 0.6250000003748454 0.8125
vt 0.625 0.7770737070680155
vt 0.8334192642989192 0.7770737070680155
vt 0.8542525976322525 0.9166666666666666
vt 0.6458333333333334 0.9166666666666666
vt 0.6458333337081787 0.8812403737346821
vt 0.8542525980070979 0.8812403737346822
vn -0.2958997412154081 0.9254421103835739 -0.2366437057634364
vn -0.33842587598830215 -0.33323489669394024 -0.8800127442752913
vn 0.29589974121540724 -0.925442110383574 0.23664370576343666
vn 0.3384258759883019 0.3332348966939411 0.8800127442752912
vn 0.8932587920699161 0.18030918987721078 -0.4117976765787038
vn -0.8932587920699161 -0.1803091898772106 0.4117976765787038
usemtl m_d16fbeb5-961d-e62b-f46c-44d2633c8594
f 41/121/31 42/122/31 43/123/31 44/124/31
f 45/125/32 41/126/32 44/127/32 46/128/32
f 47/129/33 45/130/33 46/131/33 48/132/33
f 42/133/34 47/134/34 48/135/34 43/136/34
f 48/137/35 46/138/35 44/139/35 43/140/35
f 42/141/36 41/142/36 45/143/36 47/144/36
o cube
v 0.146959830422001 0.058996213676107745 -1.4289200493619545
v 0.33745495773159084 0.2636486260494343 -0.9114149474461208
v 0.41018574511637196 0.2891340559268062 -0.9482658214498086
v 0.21969061780678223 0.08448164355347954 -1.4657709233656422
v 0.17900027913135175 -0.010026724321108293 -1.413418441001801
v 0.251731066516133 0.015458705556263497 -1.4502693150054886
v 0.3694954064409415 0.19462568805221825 -0.8959133390859673
v 0.4422261938257226 0.22011111792959015 -0.932764213089655
vt 0.4791668187010862 0.7500000000000001
vt 0.6752344451371828 0.75
vt 0.6752342931027634 0.7708333333333333
vt 0.4791666666666667 0.7708333333333334
vt 0.5833334604202315 0.8673595965005952
vt 0.6092207122834127 0.8673595965005952
vt 0.6092205851965139 0.8958333333333321
vt 0.5833333333333327 0.8958333333333321
vt 0.4460677784705161 0.7916666666666666
vt 0.2500001520344195 0.7916666666666666
vt 0.25 0.7708333333333335
vt 0.44606762643609654 0.7708333333333334
vt 0.5833333333333323 0.8333333333333339
vt 0.5833333333333323 0.8074460814701528
vt 0.6118070701660692 0.8074459543832541
vt 0.6118070701660692 0.8333332062464353
vt 0.4460689257095403 0.8541666666666666
vt 0.25000064888907353 0.8541666666666666
vt 0.25 0.8333333333333334
vt 0.44606751738139727 0.8333348945438694
vt 0.44606751739099487 0.8958333333333333
vt 0.25 0.8958333333333334
vt 0.2500009050347505 0.875
vt 0.4460691818456197 0.8750015612165836
vn -0.41257404430989203 0.8887850771999812 -0.19960897902750446
vn -0.3238596064309632 -0.3479283205950856 -0.8798072738107279
vn 0.4125740443098905 -0.8887850771999817 0.19960897902750535
vn 0.32385960643096334 0.3479283205950852 0.8798072738107281
vn 0.8514091926237115 0.2983403597814189 -0.43138777966156305
vn -0.8514091926237116 -0.2983403597814185 0.4313877796615633
usemtl m_d16fbeb5-961d-e62b-f46c-44d2633c8594
f 49/145/37 50/146/37 51/147/37 52/148/37
f 53/149/38 49/150/38 52/151/38 54/152/38
f 55/153/39 53/154/39 54/155/39 56/156/39
f 50/157/40 55/158/40 56/159/40 51/160/40
f 56/161/41 54/162/41 52/163/41 51/164/41
f 50/165/42 49/166/42 53/167/42 55/168/42
o cube
v -0.01987452216134561 -0.034649705560164556 -1.8188343906538322
v 0.16167468788039097 0.06424146701743694 -1.4324639540941941
v 0.20353072060811606 0.07616899337888794 -1.4551842657805638
v 0.021981510566379536 -0.0227221791987135 -1.841554702340202
v -0.001476683376808452 -0.08912114054079079 -1.8135373213499937
v 0.04037934935091669 -0.07719361417933979 -1.8362576330363634
v 0.18007252666492812 0.009770032036810594 -1.4271668847903556
v 0.2219285593926532 0.021697558398261707 -1.4498871964767253
vt 0.6458349067836663 0.7753008357109384
vt 0.7919028978282908 0.7753008357109384
vt 0.7919028507611685 0.7916652487696071
vt 0.6458333333333334 0.7916666666666666
vt 0.5833344510382571 0.7961335068067342
vt 0.6025796169401213 0.7961335068067342
vt 0.6025810361727845 0.8124985018333722
vt 0.5833333333333344 0.812499999999999
vt 0.7710695644949576 0.8749999999999999
vt 0.625001573450333 0.875
vt 0.625 0.8586341690442716
vt 0.7710695174278351 0.8586355869413312
vt 0.5833333333333323 0.8333319141006706
vt 0.5833333333333324 0.8140867481988064
vt 0.599699826526597 0.8140856304938838
vt 0.5996983283599705 0.8333333333333338
vt 0.5419014247669846 0.8125
vt 0.3958333333333333 0.8125
vt 0.39583381392873296 0.7932532892029537
vt 0.541901905362384 0.7932532892029537
vt 0.5419019053623841 0.875
vt 0.39583381392873296 0.8749999999999999
vt 0.3958333333333333 0.8557532892029536
vt 0.5419014247669844 0.8557532892029537
vn -0.31864350660807333 0.9434243475808929 -0.09174320731300879
vn -0.4143040848706072 -0.22567444246728258 -0.8817160377789496
vn 0.3186435066080727 -0.943424347580893 0.09174320731300879
vn 0.41430408487060744 0.22567444246728216 0.8817160377789494
vn 0.8525364748537386 0.24294350456155003 -0.462774256668749
vn -0.8525364748537382 -0.24294350456155073 0.46277425666874905
usemtl m_d16fbeb5-961d-e62b-f46c-44d2633c8594
f 57/169/43 58/170/43 59/171/43 60/172/43
f 61/173/44 57/174/44 60/175/44 62/176/44
f 63/177/45 61/178/45 62/179/45 64/180/45
f 58/181/46 63/182/46 64/183/46 59/184/46
f 64/185/47 62/186/47 60/187/47 59/188/47
f 58/189/48 57/190/48 61/191/48 63/192/48
o cube
v 0.6775371910103822 -0.35724006109642564 -1.4112510409412513
v 0.6444295735928889 0.09926319385704874 -0.9871229189240713
v 0.6500212669389476 0.15439214921605005 -1.0460235638535762
v 0.6831288843564414 -0.30211110573742433 -1.4701516858707562
v 0.762613774713572 -0.3579534617412968 -1.4038420705434456
v 0.7682054680596306 -0.30282450638229547 -1.4627427154729504
v 0.7295061572960782 0.0985497932121775 -0.9797139485262657
v 0.7350978506421373 0.1536787485711788 -1.0386145934557707
vt 0.5833333333333334 0.7438772865339098
vt 0.7913329404647899 0.74387728653391
vt 0.7913333260616385 0.7708333333333334
vt 0.5833337189301822 0.7708333333333333
vt 0.5833333333333334 0.8480438235968758
vt 0.6118000683821632 0.8480438235968758
vt 0.6118023294886559 0.8749999999999989
vt 0.5833355944398261 0.8749999999999989
vt 0.5204996071314566 0.8125
vt 0.3125 0.8125
vt 0.31250038559684884 0.7855439532005767
vt 0.5204999927283053 0.7855439532005767
vt 0.5833333333333344 0.83333107222684
vt 0.5833333333333344 0.8048643371780102
vt 0.6102895097364575 0.8048665982845028
vt 0.6102895097364575 0.8333333333333327
vt 0.5413344524959961 0.8749999999999999
vt 0.3333333929283823 0.875
vt 0.3333333333333333 0.8465314781538001
vt 0.541334392900947 0.8465314781538001
vt 0.603834392900947 0.9166666666666666
vt 0.3958333333333333 0.9166666666666666
vt 0.3958333929283823 0.8881981448204668
vt 0.6038344524959961 0.8881981448204669
vn -0.9961946972947847 0.008353484690295496 -0.08675450636872602
vn 0.05305707919470268 -0.7315757290921069 -0.6796925032326598
vn 0.9961946972947846 -0.008353484690294982 0.0867545063687265
vn -0.05305707919470106 0.7315757290921076 0.6796925032326594
vn 0.0691452921685924 0.6817090082262971 -0.7283486504923575
vn -0.06914529216859203 -0.6817090082262972 0.7283486504923575
usemtl m_d16fbeb5-961d-e62b-f46c-44d2633c8594
f 65/193/49 66/194/49 67/195/49 68/196/49
f 69/197/50 65/198/50 68/199/50 70/200/50
f 71/201/51 69/202/51 70/203/51 72/204/51
f 66/205/52 71/206/52 72/207/52 67/208/52
f 72/209/53 70/210/53 68/211/53 67/212/53
f 66/213/54 65/214/54 69/215/54 71/216/54
o cube
v 0.6367614405480497 0.9383263028867406 0.7635589675938488
v 1.086906865107216 0.7836776180459715 0.18107014759605344
v 0.9785313023639675 0.7871463029475896 0.09639694947141453
v 0.5283858778048012 0.9417949877883589 0.6788857694692099
v 0.616032941338708 0.7994839697868359 0.7844021919103374
v 0.5076573785954595 0.802952654688454 0.6997289937856983
v 1.066178365897874 0.6448352849460666 0.201913371912542
v 0.9578028031546255 0.6483039698476847 0.11724017378790308
vt 0.5215761566721183 0.8333333333333333
vt 0.27083435511053744 0.8333333333333334
vt 0.2708333333333333 0.7916666666666667
vt 0.5215751348949142 0.7916666666666666
vt 0.16666685080967283 0.787476449942654
vt 0.21397213638541782 0.7874764499426539
vt 0.21397195224241158 0.8333333333333333
vt 0.16666666666666666 0.8333333333333334
vt 0.6458343551105376 0.8125
vt 0.8965761566721184 0.8125
vt 0.8965751348949142 0.8541666666666666
vt 0.6458333333333334 0.8541666666666666
vt 0.16666666666666666 0.9166666666666666
vt 0.16666666666666666 0.8693613810909218
vt 0.21252355005734605 0.8693611969479155
vt 0.21252355005734605 0.9166664825236603
vt 0.2500009457918185 0.8541666666666666
vt 0.5007415769346446 0.8541666666666666
vt 0.5007410595784362 0.8958333333333334
vt 0.25 0.895831537616158
vt 0.6458333333333334 0.875
vt 0.8965743929200584 0.8750000000000001
vt 0.8965745256169907 0.9166666666666666
vt 0.6458338944824534 0.9166648709525598
vn 0.146057568212681 0.9783136411732083 -0.14686594657107385
vn -0.5984197046718128 0.2055887170261212 0.7743559494780512
vn -0.1460575682126814 -0.9783136411732081 0.14686594657107396
vn 0.598419704671813 -0.2055887170261212 -0.7743559494780509
vn -0.7877569700283827 0.02521307053837755 -0.6154699482880773
vn 0.7877569700283827 -0.025213070538377066 0.6154699482880773
usemtl m_d16fbeb5-961d-e62b-f46c-44d2633c8594
f 73/217/55 74/218/55 75/219/55 76/220/55
f 77/221/56 73/222/56 76/223/56 78/224/56
f 79/225/57 77/226/57 78/227/57 80/228/57
f 74/229/58 79/230/58 80/231/58 75/232/58
f 80/233/59 78/234/59 76/235/59 75/236/59
f 74/237/60 73/238/60 77/239/60 79/240/60