# Made in Blockbench 4.8.1
mtllib whitebeam_twig_branch_3.mtl

o cube
v 0.6126810793189442 0.8675806416953876 1.5284766479680414
v 0.5681953506097432 1.0417710361159624 1.5317741023248896
v 0.44922242044990207 0.8264506990003827 1.4959859440840046
v 0.8220046731907893 0.6806109601715984 0.6440903676154743
v 0.7868822814817901 0.8839138803164368 0.6336839452090873
v 0.6226022223169236 0.8425772544923111 0.6010299714562863
v 0.6577246140259227 0.6392743343474729 0.6114363938626735
v 0.40473669174070115 1.0006410934209575 1.4992833984408527
vt 0.3951921875 0.43832812500000007
vt 0.375 0.43832812500000007
vt 0.37655625 0.46875
vt 0.3967484375 0.46875
vt 0.3717526148091518 0.1928498731317917
vt 0.35156250000000006 0.1932356192277389
vt 0.3515625 0.33333333333333337
vt 0.3716510627343553 0.3329495274599533
vt 0.37946562500000003 0.0625
vt 0.37946562500000003 0.035712499999999925
vt 0.359375 0.035712499999999925
vt 0.359375 0.0625
vt 0.392118012540416 0.7540370297317198
vt 0.39554537122936395 0.8950895815805116
vt 0.4141731866479985 0.8850547469683184
vt 0.4138984219401892 0.744973079366806
vt 0.3820298653718557 0.698634465885478
vt 0.4040983636175972 0.7066329028581091
vt 0.4004312972714556 0.5666181819336209
vt 0.3815823936790532 0.5575211060345582
vt 0.3359375 0.6505395833333334
vt 0.33598828125 0.7916666666666666
vt 0.35607890625 0.7916666666666666
vt 0.3561296875 0.6505395833333334
vn 0.19875998290654212 -0.01582141804476539 -0.9799204824505119
vn 0.19025824030412666 -0.9504231954344458 0.24596250034620054
vn -0.17896621764697496 -0.06429014947348889 0.9817524482382575
vn 0.952156322619533 0.2395752199556514 0.18974206512750205
vn -0.965721364564351 -0.17657633336554726 -0.19027097655487907
vn -0.19761745543339307 0.9561447683060927 -0.2161816905959411
usemtl m_890a103a-2c95-a057-8483-4c3958a0f191
f 6/1/1 5/2/1 4/3/1 7/4/1
f 7/5/2 4/6/2 1/7/2 3/8/2
f 1/9/3 2/10/3 8/11/3 3/12/3
f 5/13/4 2/14/4 1/15/4 4/16/4
f 6/17/5 7/18/5 3/19/5 8/20/5
f 6/21/6 8/22/6 2/23/6 5/24/6
o cube
v 1.1303024280661744 0.5831602284647246 -0.14943791654736904
v 1.0059608988682855 0.5466729978244376 -0.1916584645549675
v 1.149609702965158 0.45515336394708794 -0.09567452382203451
v 1.025268173767269 0.4186661333068009 -0.13789507182963295
v 0.6444909515531059 0.8347154502544307 0.6239599070030062
v 0.7688324807509948 0.8712026808947178 0.6661804550106047
v 0.6637982264520894 0.7067085857367941 0.6777232997283407
v 0.7881397556499783 0.7431958163770811 0.7199438477359392
vt 0.3984375 0.7194990885416674
vt 0.3984375 0.8497041666666667
vt 0.41303906250000005 0.8497041666666667
vt 0.41303906250000005 0.7194990885416674
vt 0.34375 0.6328584635416667
vt 0.34375 0.6517875
vt 0.35835156250000005 0.6517875
vt 0.35835156250000005 0.6328584635416667
vt 0.359375 0.7403324218750009
vt 0.359375 0.8705375000000001
vt 0.37397656250000005 0.8705375000000001
vt 0.37397656250000005 0.7403324218750009
vt 0.34375 0.5391084635416667
vt 0.34375 0.5580375
vt 0.35835156250000005 0.5580375
vt 0.35835156250000005 0.5391084635416667
vt 0.3515625 0.22991575520833418
vt 0.3515625 0.36012083333333333
vt 0.36575927734375 0.36012083333333333
vt 0.36575927734375 0.22991575520833418
vt 0.3671875 0.3653324218750008
vt 0.3671875 0.4955375000000001
vt 0.38138427734375 0.4955375000000001
vt 0.38138427734375 0.3653324218750008
vn -0.9123368149802115 -0.2677194337607766 -0.30978676669375776
vn 0.385577583242442 -0.3072529639160927 -0.8700146800288452
vn 0.9123368149802115 0.2677194337607766 0.30978676669375776
vn -0.385577583242442 0.3072529639160927 0.8700146800288452
vn -0.13773693525224548 0.9131932549858137 -0.38354480274895303
vn 0.13773693525224548 -0.9131932549858137 0.38354480274895303
usemtl m_890a103a-2c95-a057-8483-4c3958a0f191
f 12/28/7 15/27/7 13/26/7 10/25/7
f 11/32/8 12/31/8 10/30/8 9/29/8
f 16/36/9 11/35/9 9/34/9 14/33/9
f 15/40/10 16/39/10 14/38/10 13/37/10
f 14/44/11 9/43/11 10/42/11 13/41/11
f 15/48/12 12/47/12 11/46/12 16/45/12
o cube
v 0.9636688560398388 0.5073746476909802 -0.6057800977577309
v 0.878919260682699 0.5121568849999303 -0.5887625663947976
v 0.9615021984063818 0.4222660774187095 -0.5926532806189593
v 0.8767526030492423 0.4270483147276595 -0.575635749256026
v 0.9901612687077939 0.5913397425771905 -0.057014232390408426
v 1.0749108640649336 0.5865575052682404 -0.07403176375334175
v 0.9879946110743372 0.5062311723049198 -0.04388741525163681
v 1.072744206431477 0.5014489349959697 -0.06090494661457013
vt 0.36834814453125014 0.8151208333333334
vt 0.36834814453125014 0.8913708333333333
vt 0.359375 0.8913708333333333
vt 0.359375 0.8151208333333334
vt 0.38397314453125014 0.8793467447916667
vt 0.38397314453125014 0.8913708333333333
vt 0.375 0.8913708333333333
vt 0.375 0.8793467447916667
vt 0.42303564453125014 0.6901208333333335
vt 0.42303564453125014 0.7663708333333333
vt 0.4140625 0.7663708333333333
vt 0.4140625 0.6901208333333335
vt 0.38397314453125014 0.8793467447916667
vt 0.38397314453125014 0.8913708333333333
vt 0.375 0.8913708333333333
vt 0.375 0.8793467447916667
vt 0.40745556640625 0.7005375
vt 0.40745556640625 0.7767875000000001
vt 0.3984375 0.7767875000000001
vt 0.3984375 0.7005375
vt 0.36839306640625 0.5859541666666668
vt 0.36839306640625 0.6622041666666667
vt 0.359375 0.6622041666666667
vt 0.359375 0.5859541666666668
vn -0.9789330053706078 0.05523908310733317 0.1965675830179814
vn -0.20262660842458113 -0.14423107026823348 -0.9685762003722946
vn 0.9789330053706078 -0.05523908310733317 -0.1965675830179814
vn 0.20262660842458113 0.14423107026823348 0.9685762003722946
vn 0.02515210834942691 0.9880010334340451 -0.15238546314802362
vn -0.02515210834942691 -0.9880010334340451 0.15238546314802362
usemtl m_890a103a-2c95-a057-8483-4c3958a0f191
f 20/52/13 23/51/13 21/50/13 18/49/13
f 19/56/14 20/55/14 18/54/14 17/53/14
f 24/60/15 19/59/15 17/58/15 22/57/15
f 23/64/16 24/63/16 22/62/16 21/61/16
f 22/68/17 17/67/17 18/66/17 21/65/17
f 23/72/18 20/71/18 19/70/18 24/69/18
o cube
v 0.466346214529453 -0.19611505207704472 -0.05765644626522459
v 0.5452551270258319 -0.210343115431402 -0.0647939655657006
v 0.4673802359867678 -0.15915734135220505 -0.11989699823133693
v 0.5462891484831465 -0.17338540470656233 -0.12703451753181288
v 0.6537807843842776 0.2527058572922487 0.21196206084472202
v 0.5748718718878987 0.2669339206466059 0.21909958014519804
v 0.6548148058415921 0.28966356801708837 0.1497215088786097
v 0.5759058933452135 0.3038916313714456 0.1568590281790856
vt 0.3984375 0.6586958333333337
vt 0.3984375 0.7351208333333334
vt 0.40597849609375003 0.7351208333333334
vt 0.40597849609375003 0.6586958333333337
vt 0.390625 0.7239404947916668
vt 0.390625 0.7351208333333334
vt 0.39816599609375003 0.7351208333333334
vt 0.39816599609375003 0.7239404947916668
vt 0.359375 0.8045291666666671
vt 0.359375 0.8809541666666667
vt 0.36691599609375003 0.8809541666666667
vt 0.36691599609375003 0.8045291666666671
vt 0.34375 0.5468571614583333
vt 0.34375 0.5580375
vt 0.35129099609375003 0.5580375
vt 0.35129099609375003 0.5468571614583333
vt 0.3671875 0.8253625000000003
vt 0.3671875 0.9017875000000001
vt 0.37557275390625 0.9017875000000001
vt 0.37557275390625 0.8253625000000003
vt 0.4140625 0.6899458333333337
vt 0.4140625 0.7663708333333333
vt 0.42244775390625 0.7663708333333333
vt 0.42244775390625 0.6899458333333337
vn 0.9802539645117785 -0.17674955932352393 -0.08866655704312205
vn -0.19722614283874204 -0.8415094186814464 -0.5029550147392572
vn -0.9802539645117785 0.17674955932352393 0.08866655704312205
vn 0.19722614283874204 0.8415094186814464 0.5029550147392572
vn -0.01428333434087734 -0.5105110102136432 0.8597525776703158
vn 0.01428333434087734 0.5105110102136432 -0.8597525776703158
usemtl m_890a103a-2c95-a057-8483-4c3958a0f191
f 28/76/19 31/75/19 29/74/19 26/73/19
f 27/80/20 28/79/20 26/78/20 25/77/20
f 32/84/21 27/83/21 25/82/21 30/81/21
f 31/88/22 32/87/22 30/86/22 29/85/22
f 30/92/23 25/91/23 26/90/23 29/89/23
f 31/96/24 28/95/24 27/94/24 32/93/24
o cube
v 0.5516038518129112 0.2402621433473402 0.20783439909016166
v 0.657654729916622 0.222670353729856 0.20480622699982298
v 0.5602784704908981 0.3037357664703695 0.14288970956874447
v 0.6663293485946089 0.2861439768528853 0.1398615374784058
v 0.7580853989530065 0.7389444102319167 0.7228005833664217
v 0.6520345208492957 0.7565361998494009 0.7258287554567606
v 0.7667600176309932 0.802418033354946 0.6578558938450048
v 0.6607091395272824 0.8200098229724302 0.6608840659353432
vt 0.40625 0.7055093333333338
vt 0.40625 0.8080375000000001
vt 0.41575258242187507 0.8080375000000001
vt 0.41575258242187507 0.7055093333333338
vt 0.359375 0.6622041666666667
vt 0.359375 0.6472676822916668
vt 0.36887758242187507 0.6472676822916668
vt 0.36887758242187507 0.6622041666666667
vt 0.34375 0.5580375
vt 0.34375 0.45550933333333377
vt 0.35325258242187507 0.45550933333333377
vt 0.35325258242187507 0.5580375
vt 0.34375 0.5580375
vt 0.34375 0.543101015625
vt 0.35325258242187507 0.543101015625
vt 0.35325258242187507 0.5580375
vt 0.37057736328125 0.9330375000000001
vt 0.37057736328125 0.8305093333333338
vt 0.359375 0.8305093333333338
vt 0.359375 0.9330375000000001
vt 0.42526486328125 0.8080375000000001
vt 0.42526486328125 0.7055093333333338
vt 0.4140625 0.7055093333333338
vt 0.4140625 0.8080375000000001
vn 0.9861282116806946 -0.16357959826403162 -0.028157861410509098
vn -0.13604753197412006 -0.6993661585976954 -0.7016965478410552
vn -0.9861282116806946 0.16357959826403162 0.028157861410509098
vn 0.13604753197412006 0.6993661585976954 0.7016965478410552
vn -0.09509058403010366 -0.6957935694155857 0.7119192999130818
vn 0.09509058403010366 0.6957935694155857 -0.7119192999130818
usemtl m_890a103a-2c95-a057-8483-4c3958a0f191
f 36/100/25 39/99/25 37/98/25 34/97/25
f 35/104/26 36/103/26 34/102/26 33/101/26
f 40/108/27 35/107/27 33/106/27 38/105/27
f 39/112/28 40/111/28 38/110/28 37/109/28
f 38/116/29 33/115/29 34/114/29 37/113/29
f 39/120/30 36/119/30 35/118/30 40/117/30
o cube
v 1.4230860813923643 0.49479104054230827 -0.6179337527533115
v 1.3481283133726256 0.504160596225598 -0.6644258126102176
v 1.4118605068161774 0.41203463119659434 -0.6165130105951964
v 1.3369027387964385 0.421404186879884 -0.6630050704521024
v 1.024548825969922 0.5571927150427851 -0.13204063503109142
v 1.0995065939896609 0.5478231593594955 -0.08554857517418535
v 1.0133232513937351 0.4744363056970712 -0.13061989287297632
v 1.088281019413474 0.4650667500137815 -0.08412783301607024
vt 0.4227631640625001 0.7663708333333333
vt 0.4227631640625001 0.6795291666666674
vt 0.4140625 0.6795291666666674
vt 0.4140625 0.7663708333333333
vt 0.3993256640625001 0.7351208333333334
vt 0.3993256640625001 0.722801171875
vt 0.390625 0.722801171875
vt 0.390625 0.7351208333333334
vt 0.3833954882812501 0.9017875000000001
vt 0.3833954882812501 0.814945833333334
vt 0.37469482421875 0.814945833333334
vt 0.37469482421875 0.9017875000000001
vt 0.3524506640625001 0.5580375
vt 0.3524506640625001 0.5457178385416668
vt 0.34375 0.5457178385416668
vt 0.34375 0.5580375
vt 0.39765625 0.6691125000000007
vt 0.39765625 0.7559541666666667
vt 0.40689599609375 0.7559541666666667
vt 0.40689599609375 0.6691125000000007
vt 0.3828125 0.6274458333333339
vt 0.3828125 0.7142875
vt 0.39205224609375 0.7142875
vt 0.39205224609375 0.6274458333333339
vn -0.845055779256864 0.10563010863861286 -0.5241402580355465
vn 0.5175118948960526 -0.08481610660715155 -0.8514620759030325
vn 0.845055779256864 -0.10563010863861286 0.5241402580355465
vn -0.5175118948960526 0.08481610660715155 0.8514620759030325
vn 0.13439556758193905 0.9907817661871858 -0.017009503382795273
vn -0.13439556758193905 -0.9907817661871858 0.017009503382795273
usemtl m_890a103a-2c95-a057-8483-4c3958a0f191
f 44/124/31 47/123/31 45/122/31 42/121/31
f 43/128/32 44/127/32 42/126/32 41/125/32
f 48/132/33 43/131/33 41/130/33 46/129/33
f 47/136/34 48/135/34 46/134/34 45/133/34
f 46/140/35 41/139/35 42/138/35 45/137/35
f 47/144/36 44/143/36 43/142/36 48/141/36
o cube
v 1.653474121158462 0.5192074932130288 -1.0647357386537537
v 1.5954940800207051 0.5336236031079307 -1.095307709054138
v 1.6435323593598712 0.4571124283843293 -1.075161809209988
v 1.5855523182221143 0.47152853827923136 -1.1057337796103723
v 1.350714987193063 0.4977115721268618 -0.6480159608433204
v 1.4086950283308202 0.48329546223195985 -0.6174439904429359
v 1.3407732253944722 0.43561650729816237 -0.6584420313995545
v 1.3987532665322293 0.42120039740326043 -0.6278700609991701
vt 0.41636903750000004 0.6970159973958339
vt 0.41636903750000004 0.7680093333333338
vt 0.42300907109375 0.7680093333333338
vt 0.42300907109375 0.6970159973958339
vt 0.33043153750000004 0.6292387500000001
vt 0.33043153750000004 0.63856
vt 0.33707157109375 0.63856
vt 0.33707157109375 0.6292387500000001
vt 0.40074403750000004 0.6761826640625006
vt 0.40074403750000004 0.7471760000000005
vt 0.40738407109375 0.7471760000000005
vt 0.40738407109375 0.6761826640625006
vt 0.35386903750000004 0.5354887500000001
vt 0.35386903750000004 0.54481
vt 0.36050907109375 0.54481
vt 0.36050907109375 0.5354887500000001
vt 0.375 0.8203774973958335
vt 0.375 0.8913708333333333
vt 0.3819909374999999 0.8913708333333333
vt 0.3819909374999999 0.8203774973958335
vt 0.3125 0.8724608307291669
vt 0.3125 0.9434541666666667
vt 0.3194909374999999 0.9434541666666667
vt 0.3194909374999999 0.8724608307291669
vn -0.8639166947947177 0.21480353873172306 -0.45552978410121536
vn 0.4788772886513091 0.07025704616972923 -0.8750659917271815
vn 0.8639166947947177 -0.21480353873172306 0.45552978410121536
vn -0.4788772886513091 -0.07025704616972923 0.8750659917271815
vn 0.1559630945734973 0.9741269872105145 0.16356077133354627
vn -0.1559630945734973 -0.9741269872105145 -0.16356077133354627
usemtl m_890a103a-2c95-a057-8483-4c3958a0f191
f 52/148/37 55/147/37 53/146/37 50/145/37
f 51/152/38 52/151/38 50/150/38 49/149/38
f 56/156/39 51/155/39 49/154/39 54/153/39
f 55/160/40 56/159/40 54/158/40 53/157/40
f 54/164/41 49/163/41 50/162/41 53/161/41
f 55/168/42 52/167/42 51/166/42 56/165/42
o cube
v 0.41314127324940764 -0.43534844394186956 -0.185488925962135
v 0.4693700143526398 -0.4461979337512083 -0.1928573646585482
v 0.4115090082001198 -0.4078726525804076 -0.2384008851045431
v 0.4677377493033521 -0.41872214238974637 -0.24576932380095629
v 0.5343578661913031 -0.1961961876847501 -0.06504281147716201
v 0.4781291250880708 -0.18534669787541136 -0.05767437278074883
v 0.5327256011420154 -0.16872039632328817 -0.1179547706195701
v 0.4764968600387831 -0.15787090651394942 -0.11058633192315692
vt 0.3984375 0.7159260000000003
vt 0.3984375 0.7559541666666667
vt 0.40465028750000004 0.7559541666666667
vt 0.40465028750000004 0.7159260000000003
vt 0.3984375 0.7375183333333333
vt 0.3984375 0.7455375
vt 0.40465028750000004 0.7455375
vt 0.40465028750000004 0.7375183333333333
vt 0.421875 0.7159260000000003
vt 0.421875 0.7559541666666667
vt 0.42808778750000004 0.7559541666666667
vt 0.42808778750000004 0.7159260000000003
vt 0.34375 0.5500183333333333
vt 0.34375 0.5580375
vt 0.34996278750000004 0.5580375
vt 0.34996278750000004 0.5500183333333333
vt 0.3984375 0.726342666666667
vt 0.3984375 0.7663708333333333
vt 0.404451875 0.7663708333333333
vt 0.404451875 0.726342666666667
vt 0.3984375 0.726342666666667
vt 0.3984375 0.7663708333333333
vt 0.404451875 0.7663708333333333
vt 0.404451875 0.726342666666667
vn 0.9738602151656052 -0.18790899943431708 -0.12761853019524602
vn -0.2254934783376964 -0.8674507883561828 -0.4434882422425694
vn -0.9738602151656052 0.18790899943431708 0.12761853019524602
vn 0.2254934783376964 0.8674507883561828 0.4434882422425694
vn 0.02736736276603817 -0.46067270128783494 0.8871480652875264
vn -0.02736736276603817 0.46067270128783494 -0.8871480652875264
usemtl m_890a103a-2c95-a057-8483-4c3958a0f191
f 60/172/43 63/171/43 61/170/43 58/169/43
f 59/176/44 60/175/44 58/174/44 57/173/44
f 64/180/45 59/179/45 57/178/45 62/177/45
f 63/184/46 64/183/46 62/182/46 61/181/46
f 62/188/47 57/187/47 58/186/47 61/185/47
f 63/192/48 60/191/48 59/190/48 64/189/48
o cube
v 0.8729197828221897 0.3209318246333671 -1.0110503734384189
v 0.8191043713677753 0.32004922774124456 -1.0016357551380037
v 0.8776144800702217 0.26803848536546404 -0.9891733774060005
v 0.8237990686158072 0.2671558884733416 -0.9797587591055856
v 0.8914062535973479 0.5045595259615936 -0.571049657270575
v 0.9452216650517624 0.505442122853716 -0.5804642755709899
v 0.8961009508453799 0.45166618669369063 -0.5491726612381568
v 0.9499163622997941 0.4525487835858131 -0.5585872795385717
vt 0.3809824218750001 0.8255375000000001
vt 0.3809824218750001 0.8913708333333333
vt 0.375 0.8913708333333333
vt 0.375 0.8255375000000001
vt 0.3809824218750001 0.8837819661458334
vt 0.3809824218750001 0.8913708333333333
vt 0.375 0.8913708333333333
vt 0.375 0.8837819661458334
vt 0.4122324218750001 0.7109541666666668
vt 0.4122324218750001 0.7767875000000001
vt 0.40625 0.7767875000000001
vt 0.40625 0.7109541666666668
vt 0.3809824218750001 0.8837819661458334
vt 0.3809824218750001 0.8913708333333333
vt 0.375 0.8913708333333333
vt 0.375 0.8837819661458334
vt 0.404129150390625 0.7005375
vt 0.404129150390625 0.7663708333333333
vt 0.3984375 0.7663708333333333
vt 0.3984375 0.7005375
vt 0.380691650390625 0.8255375000000001
vt 0.380691650390625 0.8913708333333333
vt 0.375 0.8913708333333333
vt 0.375 0.8255375000000001
vn -0.9849115180607458 -0.016152990776489486 0.17230317025595351
vn -0.15253561651808561 -0.38926223253238174 -0.9084094891717905
vn 0.9849115180607458 0.016152990776489486 -0.17230317025595351
vn 0.15253561651808561 0.38926223253238174 0.9084094891717905
vn -0.08174464682610695 0.9209853393039874 -0.3809249499604804
vn 0.08174464682610695 -0.9209853393039874 0.3809249499604804
usemtl m_890a103a-2c95-a057-8483-4c3958a0f191
f 68/196/49 71/195/49 69/194/49 66/193/49
f 67/200/50 68/199/50 66/198/50 65/197/50
f 72/204/51 67/203/51 65/202/51 70/201/51
f 71/208/52 72/207/52 70/206/52 69/205/52
f 70/212/53 65/211/53 66/210/53 69/209/53
f 71/216/54 68/215/54 67/214/54 72/213/54
o cube
v 1.7772343447793064 0.5580994690615206 -1.3568480809878727
v 1.7396674321961951 0.564216819196466 -1.3744093346916137
v 1.7741798682713732 0.5146399106107176 -1.3654528244954962
v 1.736612955688262 0.520757260745663 -1.3830140781992373
v 1.5983333049708812 0.5175098323362803 -1.0883384256971476
v 1.635900217553992 0.5113924822013352 -1.0707771719934065
v 1.595278828462948 0.4740502738854774 -1.096943169204771
v 1.6328457410460593 0.4679329237505321 -1.07938191550103
vt 0.3874383734375001 0.8809541666666667
vt 0.3874383734375001 0.8361652578125004
vt 0.3828125 0.8361652578125004
vt 0.3828125 0.8809541666666667
vt 0.3483758734375001 0.8705375000000001
vt 0.3483758734375001 0.8647155989583332
vt 0.34375 0.8647155989583332
vt 0.34375 0.8705375000000001
vt 0.3874383734375001 0.8705375000000001
vt 0.3874383734375001 0.8257485911458337
vt 0.3828125 0.8257485911458337
vt 0.3828125 0.8705375000000001
vt 0.3483758734375001 0.8913708333333333
vt 0.3483758734375001 0.8855489322916665
vt 0.34375 0.8855489322916665
vt 0.34375 0.8913708333333333
vt 0.359375 0.8361652578125004
vt 0.359375 0.8809541666666667
vt 0.3637414257812501 0.8809541666666667
vt 0.3637414257812501 0.8361652578125004
vt 0.359375 0.846581924479167
vt 0.359375 0.8913708333333333
vt 0.3637414257812501 0.8913708333333333
vt 0.3637414257812501 0.846581924479167
vn -0.8962067047021559 0.1459372045498716 -0.41894614782221357
vn 0.4382723400634647 0.1448367838002304 -0.8870961965839443
vn 0.8962067047021559 -0.1459372045498716 0.41894614782221357
vn -0.4382723400634647 -0.1448367838002304 0.8870961965839443
vn 0.06878152646021882 0.9786340676609283 0.19376393686965573
vn -0.06878152646021882 -0.9786340676609283 -0.19376393686965573
usemtl m_890a103a-2c95-a057-8483-4c3958a0f191
f 76/220/55 79/219/55 77/218/55 74/217/55
f 75/224/56 76/223/56 74/222/56 73/221/56
f 80/228/57 75/227/57 73/226/57 78/225/57
f 79/232/58 80/231/58 78/230/58 77/229/58
f 78/236/59 73/235/59 74/234/59 77/233/59
f 79/240/60 76/239/60 75/238/60 80/237/60