# Made in Blockbench 4.12.3
mtllib whitebeam_twig_branch_up_2.mtl

o cube
v -0.01171396889564652 1.553152964831504 -0.3986053471287073
v 0.20148711954856102 0.7820865983618706 0.08032232422210384
v 0.18010217372025727 0.8344216266909048 0.17410073074639498
v -0.03309891472395021 1.605487993160538 -0.3048269406044162
v 0.09030393970239592 1.5848304185098319 -0.39301976476862166
v 0.06891899387409217 1.637165446838866 -0.2992413582443305
v 0.3035050281466034 0.8137640520401983 0.0859079065821895
v 0.28212008231829966 0.8660990803692326 0.17968631310648064
vt 0.7066347617255223 0.75
vt 0.3958333333333333 0.75
vt 0.3958338762007172 0.7134994976054778
vt 0.7066335008303494 0.7135005400633505
vt 0.8333333333333326 0.8750000000000001
vt 0.8333333333333326 0.8393436056337523
vt 0.869833751451418 0.8393420633768747
vt 0.869833751451418 0.8749984577431225
vt 0.4791666666666667 0.7759994976054779
vt 0.7899680950588556 0.7759994976054782
vt 0.7899668341636827 0.8124989575421278
vt 0.47916720953405045 0.8125
vt 0.8125015422568768 0.7759995818819138
vt 0.8481579366231246 0.7759995818819138
vt 0.848156394366247 0.8124999999999991
vt 0.8124999999999991 0.8124999999999991
vt 0.5 0.8393438447027562
vt 0.810799467023766 0.8393438447027561
vt 0.8107995624737322 0.8749999999999999
vt 0.5000000954499663 0.875
vt 0.5416667621166329 0.9018438447027558
vt 0.8524662291403988 0.9018438447027562
vt 0.8524661336904327 0.9375
vt 0.5416666666666666 0.9374999999999997
vn -0.9537169369375887 -0.29613745769982236 -0.05221695457865678
vn -0.22865839601481178 0.8269695050081924 -0.5136504411741887
vn 0.9537169369375887 0.2961374576998225 0.052216954578657354
vn 0.2286583960148099 -0.8269695050081921 0.5136504411741901
vn -0.1952929648766642 0.47793728033455524 0.856409139334752
vn 0.19529296487666464 -0.4779372803345551 -0.856409139334752
usemtl m_7ce38303-a74c-d720-34bc-ab2b2c105726
f 1/1/1 2/2/1 3/3/1 4/4/1
f 5/5/2 1/6/2 4/7/2 6/8/2
f 7/9/3 5/10/3 6/11/3 8/12/3
f 2/13/4 7/14/4 8/15/4 3/16/4
f 8/17/5 6/18/5 4/19/5 3/20/5
f 2/21/6 1/22/6 5/23/6 7/24/6
o cube
v 0.6181794650660282 1.3966046023481686 -0.7719638080092817
v 0.6085084839181119 1.2036674912190521 -0.4535874532453208
v 0.6105000650268779 1.2485148537263415 -0.4263493088997605
v 0.6201710461747942 1.441451964855458 -0.7447256636637214
v 0.6721273791010662 1.3941259069365914 -0.7718271869101557
v 0.6741189602098321 1.4389732694438806 -0.7445890425645955
v 0.6624563979531497 1.201188795807475 -0.45345083214619486
v 0.6644479790619158 1.246036158314764 -0.4262126878006346
vt 0.7908005854640967 0.7916666666666666
vt 0.6666666666666666 0.7916666666666666
vt 0.666667129631331 0.7741643183680463
vt 0.7908010484287611 0.7741643183680463
vt 0.8125017169798553 0.919995598221468
vt 0.8305025793482793 0.919995598221468
vt 0.8305009740046656 0.9374999999999997
vt 0.8125000000000006 0.9374979196598526
vt 0.7083333333333334 0.815830985034713
vt 0.8324672521307633 0.8158309850347129
vt 0.8324677150954276 0.8333333333333331
vt 0.7083337962979978 0.8333333333333334
vt 0.8333333333333325 0.9166666666666666
vt 0.8333333333333325 0.8986658042982426
vt 0.850835654771717 0.8986640873183878
vt 0.8508377351118641 0.9166650613230529
vt 0.6666676035193334 0.8569965392266722
vt 0.7907996115807002 0.8569965392266723
vt 0.7908009337478547 0.874998108602368
vt 0.6666666666666666 0.875
vt 0.6666666666666666 0.8986632059097033
vt 0.790800933762264 0.8986632059097033
vt 0.7907998858797732 0.9166647753034549
vt 0.6666678778328156 0.9166666666666666
vn -0.9989429503756774 0.04589751711095723 -0.002529786114728667
vn 0.025969337131891125 0.5180910610341469 -0.8549311352415714
vn 0.9989429503756777 -0.04589751711095411 0.0025297861147312735
vn -0.02596933713189131 -0.5180910610341488 0.8549311352415703
vn 0.03792855683607401 0.854093127474727 0.5187353411680878
vn -0.03792855683607007 -0.8540931274747272 -0.5187353411680878
usemtl m_7ce38303-a74c-d720-34bc-ab2b2c105726
f 9/25/7 10/26/7 11/27/7 12/28/7
f 13/29/8 9/30/8 12/31/8 14/32/8
f 15/33/9 13/34/9 14/35/9 16/36/9
f 10/37/10 15/38/10 16/39/10 11/40/10
f 16/41/11 14/42/11 12/43/11 11/44/11
f 10/45/12 9/46/12 13/47/12 15/48/12
o cube
v 0.027090222607429437 2.018006141372659 -0.7619669791173872
v 0.0021732630692936628 1.5632813606863065 -0.3601002871625156
v -0.011117228887067343 1.609772823899708 -0.30831778769246765
v 0.013799730651068431 2.0644976045860606 -0.7101844796473393
v 0.09706703139783235 2.024718361622156 -0.7500331157489651
v 0.08377653944147134 2.0712098248355573 -0.6982506162789173
v 0.07215007185969657 1.5699935809358028 -0.34816642379409346
v 0.05885957990333557 1.6164850441492042 -0.2963839243240456
vt 0.6191212367164134 0.8958333333333334
vt 0.4166666666666667 0.8958333333333333
vt 0.4166678985959937 0.8750013820574151
vt 0.6191210954381478 0.875
vt 0.8125 0.8125000000000007
vt 0.8125 0.7916672604872805
vt 0.8333333333333334 0.7916666666666673
vt 0.8333333333333334 0.8124994061793874
vt 0.5625 0.7916666666666666
vt 0.7649545700497465 0.7916666666666666
vt 0.7649544287714809 0.8125
vt 0.562501231929327 0.8124986179425849
vt 0.7291672604872809 0.75
vt 0.7500000000000009 0.75
vt 0.7499994061793877 0.7708333333333333
vt 0.7291666666666675 0.7708333333333334
vt 0.6875 0.8333333333333335
vt 0.88995652320699 0.8333333333333334
vt 0.8899550285445219 0.8541666666666666
vt 0.6875005723965563 0.8541664388738048
vt 0.6666672695757567 0.8958333333333334
vt 0.8691217257238891 0.8958333333333335
vt 0.8691231898734898 0.9166666666666666
vt 0.6666666666666666 0.9166664388714789
vn -0.9813903026194655 -0.09413558542848924 -0.1673665602218962
vn 0.041024683631906485 0.7486844548065404 -0.6616559245287051
vn 0.9813903026194655 0.0941355854284893 0.1673665602218963
vn -0.041024683631911564 -0.7486844548065409 0.6616559245287041
vn -0.1875901097003141 0.6562088681868512 0.7308897810583727
vn 0.1875901097003148 -0.6562088681868514 -0.7308897810583723
usemtl m_7ce38303-a74c-d720-34bc-ab2b2c105726
f 17/49/13 18/50/13 19/51/13 20/52/13
f 21/53/14 17/54/14 20/55/14 22/56/14
f 23/57/15 21/58/15 22/59/15 24/60/15
f 18/61/16 23/62/16 24/63/16 19/64/16
f 24/65/17 22/66/17 20/67/17 19/68/17
f 18/69/18 17/70/18 21/71/18 23/72/18
o cube
v -0.14119446737845975 0.2622861610283588 -0.01016069790389168
v 0.42569765778123614 0.022573103407112938 0.43395155771703875
v 0.3895616890362985 0.06715800216412149 0.5041427720480065
v -0.1773304361233975 0.30687105978536733 0.06003051642707602
v -0.09388380593961188 0.33441416992097417 -0.0316192722471596
v -0.13001977468454956 0.3789990686779826 0.03857194208380821
v 0.47300831922008413 0.09470111229972822 0.4124929833737707
v 0.4368723504751464 0.13928601105673677 0.48268419770473847
vt 0.4404969662219978 0.8541666666666666
vt 0.1875 0.8541666666666666
vt 0.1875008539127152 0.8239449485951466
vt 0.4404978201347131 0.8239449485951466
vt 0.8125000000000009 0.8333333333333339
vt 0.8125000000000009 0.8037020241569417
vt 0.8427240626857113 0.8037033598722427
vt 0.8427229830105842 0.8333328873136946
vt 0.5 0.7614449485951466
vt 0.7529969662219979 0.7614449485951466
vt 0.7529978201347131 0.7916666666666666
vt 0.5000008539127152 0.7916666666666666
vt 0.8125000000000009 0.7614426039809562
vt 0.8421313091763931 0.7614426039809562
vt 0.8421308631567538 0.7916655869915395
vt 0.8125013357153019 0.7916666666666666
vt 0.5 0.8245361440795215
vt 0.7529961308443713 0.8245361440795216
vt 0.7529965000309571 0.8541666666666666
vt 0.5000003691865859 0.8541666666666664
vt 0.5000003691865859 0.8870361440795217
vt 0.7529965000309571 0.8870361440795215
vt 0.7529961308443713 0.9166666666666665
vt 0.5 0.9166666666666666
vn -0.5322454734325113 -0.8114409114828313 0.24140920277096709
vn -0.7469039946910688 0.3158319411589663 -0.5851364009000665
vn 0.5322454734325108 0.8114409114828319 -0.24140920277096584
vn 0.7469039946910687 -0.31583194115896684 0.5851364009000662
vn -0.39855887736334045 0.49174569862447143 0.7741685792895527
vn 0.39855887736334056 -0.49174569862447143 -0.7741685792895528
usemtl m_7ce38303-a74c-d720-34bc-ab2b2c105726
f 25/73/19 26/74/19 27/75/19 28/76/19
f 29/77/20 25/78/20 28/79/20 30/80/20
f 31/81/21 29/82/21 30/83/21 32/84/21
f 26/85/22 31/86/22 32/87/22 27/88/22
f 32/89/23 30/90/23 28/91/23 27/92/23
f 26/93/24 25/94/24 29/95/24 31/96/24
o cube
v 0.511753939489584 0.8718180222813396 -0.08217278447638848
v 0.32418756052263964 0.5125481388602733 0.2332702565371012
v 0.3111066283752011 0.5787001608850446 0.30083518393579634
v 0.49867300734214537 0.9379700443061108 -0.014607857077693409
v 0.5935228013198168 0.85633667103197 -0.05118428640784006
v 0.580441869172378 0.9224886930567413 0.01638064099085501
v 0.40595642235287244 0.49706678761090384 0.2642587546056496
v 0.3928754902054339 0.5632188096356749 0.33182368200434476
vt 0.608692663252349 0.8333333333333334
vt 0.4375002080991242 0.8333333333333333
vt 0.4375 0.8015131734015905
vt 0.6086939213291942 0.8015146534711174
vt 0.8125023374058875 0.7806797943911737
vt 0.8421028310350532 0.7806797943911737
vt 0.8421025140241051 0.8124994917854077
vt 0.8125000000000009 0.8124999999999991
vt 0.4375002080991242 0.8640131734015905
vt 0.608692663252349 0.8640131734015903
vt 0.6086939213291942 0.8958318532638063
vt 0.4375 0.8958333333333334
vt 0.8125 0.8124999999999992
vt 0.8125 0.7828995063708336
vt 0.8443202056088254 0.782897168964947
vt 0.844319697394234 0.8124996829890508
vt 0.625 0.7828985189942239
vt 0.796192808475155 0.7828985189942239
vt 0.7961912517914489 0.8124994962328138
vt 0.6250004648247405 0.8125
vt 0.6250003777157608 0.8453985189929841
vt 0.7961911646832105 0.845398518992984
vt 0.7961928084744138 0.8749994962268649
vt 0.625 0.875
vn -0.9207816317467772 0.1743321790956986 -0.34895483657557697
vn 0.3652164021818503 0.6995457019429828 -0.6142090771638306
vn 0.920781631746777 -0.17433217909569715 0.3489548365755786
vn -0.36521640218184875 -0.6995457019429833 0.6142090771638312
vn -0.13703344925633365 0.6929964662426832 0.707797804150356
vn 0.13703344925633193 -0.6929964662426827 -0.7077978041503568
usemtl m_7ce38303-a74c-d720-34bc-ab2b2c105726
f 33/97/25 34/98/25 35/99/25 36/100/25
f 37/101/26 33/102/26 36/103/26 38/104/26
f 39/105/27 37/106/27 38/107/27 40/108/27
f 34/109/28 39/110/28 40/111/28 35/112/28
f 40/113/29 38/114/29 36/115/29 35/116/29
f 34/117/30 33/118/30 37/119/30 39/120/30
o cube
v 0.6026224675635226 1.2046548019193053 -0.4683337479402828
v 0.5146469972518499 0.8660925415264975 -0.04522012015683774
v 0.5131856809414772 0.9178055738597175 -0.004144815587075024
v 0.6011611512531498 1.2563678342525255 -0.42725844337052016
v 0.6698329425236604 1.1990293951775597 -0.4588603524758706
v 0.6683716262132879 1.25074242751078 -0.41778504790610793
v 0.5818574722119876 0.8604671347847517 -0.03574672469242546
v 0.5803961559016151 0.9121801671179719 0.005328579877337258
vt 0.6829953751147305 0.7916666666666666
vt 0.5000001136091196 0.7916666666666666
vt 0.5 0.7708348817149541
vt 0.682996550696362 0.7708333333333334
vt 0.8124999999999988 0.7904805363816535
vt 0.8352025322292032 0.7904805363816535
vt 0.8352035277052213 0.8124979281786796
vt 0.8125012141863236 0.812499999999999
vt 0.5625001136091196 0.8333333333333334
vt 0.7454953751147305 0.8333333333333334
vt 0.7454965506963619 0.8541666666666666
vt 0.5625 0.8541651182850459
vt 0.8125000000000004 0.8124990045239827
vt 0.8125000000000004 0.7897964722947785
vt 0.8345194636183461 0.789797686481103
vt 0.8345173917970264 0.812500000000001
vt 0.5208333333333334 0.875
vt 0.7038298672566604 0.875
vt 0.7038307592124964 0.8958333333333334
vt 0.5208342252891692 0.8958333333333334
vt 0.5416675586225027 0.9375
vt 0.7246640925458298 0.9375
vt 0.7246632005899937 0.9583333333333333
vt 0.5416666666666666 0.9583333333333334
vn -0.9868285521963066 0.08259593454390095 -0.13909464463796276
vn 0.16024988741432822 0.6167010408523993 -0.7707138248372497
vn 0.9868285521963066 -0.08259593454390345 0.13909464463796128
vn -0.16024988741433135 -0.6167010408523991 0.7707138248372493
vn -0.022121983496887106 0.7828523090649894 0.621814184493871
vn 0.02212198349688719 -0.7828523090649897 -0.6218141844938708
usemtl m_7ce38303-a74c-d720-34bc-ab2b2c105726
f 41/121/31 42/122/31 43/123/31 44/124/31
f 45/125/32 41/126/32 44/127/32 46/128/32
f 47/129/33 45/130/33 46/131/33 48/132/33
f 42/133/34 47/134/34 48/135/34 43/136/34
f 48/137/35 46/138/35 44/139/35 43/140/35
f 42/141/36 41/142/36 45/143/36 47/144/36
o cube
v 0.03967313623602953 2.228112091037504 -1.008325996867343
v 0.026255695760368014 2.014894944904494 -0.7451299618651153
v 0.02202204309668887 2.0581292416837367 -0.7103213501333672
v 0.03543948357235038 2.2713463878167466 -0.9735173851355948
v 0.09336350778218505 2.229960432160472 -1.0040915661182368
v 0.0891298551185058 2.273194728939715 -0.9692829543864886
v 0.07994606730652343 2.016743286027462 -0.740895531116009
v 0.07571241464284428 2.0599775828067046 -0.7060869193842609
vt 0.7588303205450444 0.8125
vt 0.6458333333333334 0.8125
vt 0.6458345517163583 0.7939442809970367
vt 0.7588299199228833 0.7939429698525046
vt 0.8333333333333336 0.8333320697657839
vt 0.8333333333333336 0.8153707723982495
vt 0.8518889054402748 0.815372035965799
vt 0.8518889054402748 0.8333333333333334
vt 0.625 0.8356096365191713
vt 0.737996987211711 0.8356096365191713
vt 0.73799658658955 0.8541666666666666
vt 0.625001218383025 0.8541653555221346
vt 0.833333333333334 0.7939444278930597
vt 0.8512946307008685 0.7939444278930597
vt 0.8512958942684179 0.812500000000001
vt 0.8333345969008835 0.812500000000001
vt 0.6458333333333334 0.8778713216944557
vt 0.7588300986854207 0.8778713216944557
vt 0.7588309542823684 0.8958333333333334
vt 0.6458341889302807 0.8958333333333334
vt 0.604167522263614 0.9195379883611224
vt 0.7171642876157017 0.9195379883611223
vt 0.717163432018754 0.9374999999999999
vt 0.6041666666666666 0.9375
vn -0.9963178164322639 -0.03429917019804267 -0.07857719505919968
vn 0.039580722067856844 0.6289790229738578 -0.7764140358722518
vn 0.9963178164322637 0.03429917019804366 0.07857719505920088
vn -0.03958072206785706 -0.6289790229738568 0.7764140358722529
vn -0.07605376453689447 0.7766652789861134 0.6253054208282456
vn 0.07605376453688792 -0.7766652789861144 -0.6253054208282453
usemtl m_7ce38303-a74c-d720-34bc-ab2b2c105726
f 49/145/37 50/146/37 51/147/37 52/148/37
f 53/149/38 49/150/38 52/151/38 54/152/38
f 55/153/39 53/154/39 54/155/39 56/156/39
f 50/157/40 55/158/40 56/159/40 51/160/40
f 56/161/41 54/162/41 52/163/41 51/164/41
f 50/165/42 49/166/42 53/167/42 55/168/42
o cube
v 0.16229455863790354 0.7725586694140647 0.05387158936748593
v 0.4397602266191616 -0.10744904484184004 0.4455410749568032
v 0.4210471948075205 -0.048098365919849284 0.5921475410767028
v 0.14358152682626235 0.8319093483360556 0.20047805548738573
v 0.32324920214099384 0.8233074518270833 0.05387141661540329
v 0.30453617032935265 0.8826581307490742 0.20047788273530298
v 0.600714870122252 -0.05670026242882137 0.44554090220472053
v 0.5820018383106107 0.0026504164931694385 0.5921473683246203
vt 0.4799671329951025 0.8333333333333334
vt 0.14583348320786715 0.8333333333333333
vt 0.14583333333333334 0.7802441829294839
vt 0.4799661690854425 0.7802422652161084
vt 0.5416666666666666 0.9583326976638483
vt 0.5416666666666666 0.9020777578730348
vt 0.5947541765145854 0.9020783935425198
vt 0.5947541765145855 0.9583333333333334
vt 0.1250001498745339 0.8427422652161081
vt 0.45913379966176926 0.8427422652161084
vt 0.45913283575210934 0.8958333333333334
vt 0.125 0.8958314156199574
vt 0.3541666666666667 0.9052458234854145
vt 0.41042160645748016 0.9052458234854145
vt 0.4104222421269652 0.9583333333333334
vt 0.35416730233615173 0.9583333333333333
vt 0.5416666666666666 0.7562438037386445
vt 0.8758003522014056 0.7562438037386447
vt 0.8758008615513443 0.8125
vt 0.5416671760166053 0.8124999999999999
vt 0.5416671760166052 0.8395771370719781
vt 0.8758008615513441 0.8395771370719778
vt 0.8758003522014054 0.895833333333333
vt 0.5416666666666666 0.8958333333333334
vn -0.9537169877046362 -0.30070568229175026 0.0000010236212660458987
vn -0.2768013447538499 0.87790075245003 -0.39073172943866685
vn 0.9537169877046363 0.3007056822917505 -0.0000010236212658720448
vn 0.27680134475385004 -0.8779007524500302 0.39073172943866685
vn -0.11749435265600977 0.37264777134061133 0.9205045983637565
vn 0.11749435265601078 -0.37264777134061117 -0.9205045983637564
usemtl m_7ce38303-a74c-d720-34bc-ab2b2c105726
f 57/169/43 58/170/43 59/171/43 60/172/43
f 61/173/44 57/174/44 60/175/44 62/176/44
f 63/177/45 61/178/45 62/179/45 64/180/45
f 58/181/46 63/182/46 64/183/46 59/184/46
f 64/185/47 62/186/47 60/187/47 59/188/47
f 58/189/48 57/190/48 61/191/48 63/192/48
o cube
v -0.45419188164409 0.4907886578946383 -0.343371978873395
v -0.12893207713275878 0.26067292217962623 0.004656460932726203
v -0.16038402026579712 0.3036819351635731 0.06248823913839063
v -0.4856438247771284 0.5337976708785854 -0.28554020066773056
v -0.4051102595919116 0.5424395191304936 -0.3550911443026911
v -0.43656220272494994 0.5854485321144407 -0.29725936609702663
v -0.07985045508058031 0.3123237834154815 -0.0070627044965698715
v -0.1113023982136187 0.3553327963994284 0.05076907370909456
vt 0.4888430294401172 0.8125
vt 0.3125 0.8125
vt 0.3125018087379714 0.7916666666666666
vt 0.4888435414088543 0.791667962595131
vt 0.833333333333334 0.8958317136053889
vt 0.833333333333334 0.8749999999999991
vt 0.8541666666666674 0.875000524562113
vt 0.8541653512364761 0.8958333333333325
vt 0.3541666666666667 0.8541666666666666
vt 0.5305096961067839 0.8541666666666666
vt 0.530510208075521 0.8749987040715358
vt 0.3541684754046381 0.875
vt 0.8125 0.7916666666666657
vt 0.8333317136053898 0.7916666666666657
vt 0.8333333333333334 0.8124986845698078
vt 0.8125005245621139 0.8124999999999991
vt 0.583334562393497 0.8125
vt 0.7596775255146863 0.8125
vt 0.7596780764947573 0.8333333333333334
vt 0.5833333333333334 0.8333323963788907
vt 0.6041666666666666 0.875
vt 0.7805114098314127 0.875
vt 0.7805107111083115 0.8958333333333334
vt 0.6041677479904445 0.8958323963883483
vn -0.6797150713101252 -0.7152956108670522 0.16229482711473678
vn -0.6148249127339207 0.4349780857251772 -0.6578635053113886
vn 0.6797150713101257 0.7152956108670512 -0.16229482711473858
vn 0.6148249127339205 -0.4349780857251783 0.6578635053113878
vn -0.3999721846773822 0.5469426423430437 0.735442722087323
vn 0.39997218467738255 -0.5469426423430441 -0.7354427220873228
usemtl m_7ce38303-a74c-d720-34bc-ab2b2c105726
f 65/193/49 66/194/49 67/195/49 68/196/49
f 69/197/50 65/198/50 68/199/50 70/200/50
f 71/201/51 69/202/51 70/203/51 72/204/51
f 66/205/52 71/206/52 72/207/52 67/208/52
f 72/209/53 70/210/53 68/211/53 67/212/53
f 66/213/54 65/214/54 69/215/54 71/216/54
o cube
v -0.29172779716192077 1.778881588212979 -0.6561138267124278
v 0.041802233805988354 1.519996523482389 -0.3657864223876194
v 0.0020254698069402943 1.5255740140880039 -0.31511716373087617
v -0.3315045611609688 1.7844590788185934 -0.6054445680556846
v -0.2638509262780998 1.8326952148943185 -0.6401533264338073
v -0.30362769027714787 1.8382727054999335 -0.5894840677770641
v 0.06967910468980931 1.5738101501637285 -0.34982592210899893
v 0.029902340690761253 1.579387640769344 -0.2991566634522558
vt 0.4416339808161838 0.7708333333333334
vt 0.2708334067976243 0.7708333333333334
vt 0.2708333333333333 0.75
vt 0.44163425795266137 0.7500019850289076
vt 0.8124999999999997 0.7708327814632757
vt 0.8124999999999997 0.7500000000000003
vt 0.833333333333333 0.7500005518700582
vt 0.833333333333333 0.7708333333333336
vt 0.3333334067976242 0.8958333333333334
vt 0.5041339808161839 0.8958333333333334
vt 0.5041342579526613 0.9166646816377592
vt 0.3333333333333333 0.9166666666666666
vt 0.8125000000000001 0.7916666666666666
vt 0.8333327814632757 0.7916666666666666
vt 0.8333333333333335 0.8125
vt 0.8125005518700581 0.8125
vt 0.4791676921044252 0.7916666666666666
vt 0.6499661902931008 0.7916666666666666
vt 0.6499680169359022 0.8124992630077645
vt 0.4791666666666667 0.8125
vt 0.6041666666666666 0.8333333333333334
vt 0.7749680169375012 0.8333333333333334
vt 0.7749662806876474 0.8541659296867374
vt 0.6041677825005708 0.8541666666666666
vn -0.4448067156730323 -0.8586567209189045 -0.25466766836990734
vn -0.6509173125837461 0.5052401731666524 -0.5666030529367849
vn 0.44480671567303237 0.8586567209189043 0.2546676683699074
vn 0.6509173125837417 -0.5052401731666513 0.5666030529367909
vn -0.6151858563645026 0.08626124876981528 0.7836487472648352
vn 0.6151858563645021 -0.08626124876981618 -0.7836487472648356
usemtl m_7ce38303-a74c-d720-34bc-ab2b2c105726
f 73/217/55 74/218/55 75/219/55 76/220/55
f 77/221/56 73/222/56 76/223/56 78/224/56
f 79/225/57 77/226/57 78/227/57 80/228/57
f 74/229/58 79/230/58 80/231/58 75/232/58
f 80/233/59 78/234/59 76/235/59 75/236/59
f 74/237/60 73/238/60 77/239/60 79/240/60
o cube
v -0.5058471065691108 1.9196733463088402 -0.9057588013042338
v -0.2874346623725167 1.7791782264949454 -0.6388526651279612
v -0.3184916819382979 1.787576104173005 -0.6090178306896624
v -0.5369041261348921 1.9280712239868998 -0.875923966865935
v -0.48741663902081145 1.9620906175854458 -0.898512897658175
v -0.5184736585865927 1.9704884952635053 -0.8686780632198763
v -0.26900419482421734 1.8215954977715514 -0.6316067614819025
v -0.3000612143899985 1.8299933754496105 -0.6017719270436037
vt 0.686633278999324 0.8333333333333334
vt 0.562500512758843 0.8333333333333333
vt 0.5625 0.8187073396379512
vt 0.6866327662404809 0.8187073396379513
vt 0.8333333333333325 0.7500000000000003
vt 0.8333333333333325 0.7343943807696558
vt 0.8479595444025696 0.7343947053389082
vt 0.8479591138685484 0.7499982862075982
vt 0.6666671794255098 0.7770406729712845
vt 0.7907999456659907 0.7770406729712845
vt 0.7907994329071476 0.7916666666666666
vt 0.6666666666666666 0.7916666666666666
vt 0.8125000000000006 0.797873788930762
vt 0.8281056192303451 0.797873788930762
vt 0.8281039054379432 0.812499569465978
vt 0.8125003245692529 0.8124999999999992
vt 0.708333651228991 0.8385616981213052
vt 0.8324681104537118 0.8385616981213052
vt 0.8324677925580541 0.8541666666666666
vt 0.7083333333333334 0.8541666666666666
vt 0.7291666666666666 0.880228364787972
vt 0.8533011258913875 0.880228364787972
vt 0.8533014437870453 0.8958333333333334
vt 0.7291669845623243 0.8958333333333334
vn -0.39370825203309495 -0.9061099338126625 -0.15478565866079932
vn -0.5864995816235101 0.3772693872553602 -0.7167189478417694
vn 0.3937082520330943 0.906109933812663 0.15478565866079907
vn 0.5864995816235165 -0.3772693872553566 0.7167189478417659
vn -0.7078220489900622 0.1913964401079043 0.6799671680879391
vn 0.7078220489900635 -0.19139644010790127 -0.6799671680879384
usemtl m_7ce38303-a74c-d720-34bc-ab2b2c105726
f 81/241/61 82/242/61 83/243/61 84/244/61
f 85/245/62 81/246/62 84/247/62 86/248/62
f 87/249/63 85/250/63 86/251/63 88/252/63
f 82/253/64 87/254/64 88/255/64 83/256/64
f 88/257/65 86/258/65 84/259/65 83/260/65
f 82/261/66 81/262/66 85/263/66 87/264/66
o cube
v -0.7656925188921285 0.5833102895059712 -0.720910375179655
v -0.44778007256816277 0.503873723526806 -0.30558821633661515
v -0.47277513986291875 0.5332409388499857 -0.2808385767893623
v -0.7906875861868845 0.6126775048291506 -0.6961607356324021
v -0.7330902898839327 0.6253190690320087 -0.7378312666935155
v -0.7580853571786885 0.6546862843551882 -0.7130816271462627
v -0.4151778435599668 0.5458825030528436 -0.3225091078504757
v -0.44017291085472277 0.575249718376023 -0.29775946830322286
vt 0.5096761653794998 0.8125
vt 0.3333333333333333 0.8124999999999999
vt 0.33333397247659774 0.7972266475608534
vt 0.5096772797452747 0.7972246191522794
vt 0.8125000000000003 0.8333333333333325
vt 0.8125000000000003 0.814732800840208
vt 0.8277737936158261 0.814733332392344
vt 0.8277753798719371 0.8333325143043607
vt 0.4166666666666667 0.8388912858189461
vt 0.5930094987128333 0.838891285818946
vt 0.593010613078608 0.8541666666666666
vt 0.4166673058099311 0.8541646382580926
vt 0.8124999999999991 0.7972246201280629
vt 0.8311005324931235 0.7972246201280629
vt 0.8310997134641518 0.8124999999999997
vt 0.8125005315521351 0.8124984137438888
vt 0.5833343025381957 0.7938987912095791
vt 0.7596762349500192 0.7938987912095792
vt 0.7596773088333384 0.8125
vt 0.5833333333333334 0.8124995924850192
vt 0.5833333333333334 0.8563987912121106
vt 0.7596773088338095 0.8563987912121105
vt 0.7596761919647786 0.875
vt 0.583334259553426 0.8749995924897408
vn -0.5842393660037764 -0.7528068927653555 0.3032262281143835
vn -0.6009365109279906 0.15015559583022836 -0.7850659888662621
vn 0.5842393660037747 0.7528068927653573 -0.3032262281143824
vn 0.6009365109279899 -0.15015559583022928 0.7850659888662628
vn -0.5454719727403055 0.6408861671512638 0.540115957650727
vn 0.5454719727403057 -0.6408861671512636 -0.540115957650727
usemtl m_7ce38303-a74c-d720-34bc-ab2b2c105726
f 89/265/67 90/266/67 91/267/67 92/268/67
f 93/269/68 89/270/68 92/271/68 94/272/68
f 95/273/69 93/274/69 94/275/69 96/276/69
f 90/277/70 95/278/70 96/279/70 91/280/70
f 96/281/71 94/282/71 92/283/71 91/284/71
f 90/285/72 89/286/72 93/287/72 95/288/72