# Made in Blockbench 4.8.1
mtllib whitebeam_twig_branch_up.mtl

o cube
v 0.88517699289417 1.4704283686265298 -0.39488279198302534
v 0.7759689219643535 1.4977470263522994 -0.3972323402042103
v 0.870278250459537 1.403476113462052 -0.48084945587998906
v 0.7610701795297208 1.4307947711878215 -0.483199004101174
v 0.5822125731970647 0.774524823046727 0.19960463247609717
v 0.6914206441268811 0.7472061653209574 0.2019541806972821
v 0.5673138307624319 0.7075725678822491 0.11363796857913344
v 0.6765219016922481 0.6802539101564795 0.11598751680031838
vt 0.3653095703125 0.3151208333333342
vt 0.3653095703125 0.4747041666666667
vt 0.3515625 0.4747041666666667
vt 0.3515625 0.3151208333333342
vt 0.3653095703125 0.643437890625
vt 0.3653095703125 0.6622041666666667
vt 0.3515625 0.6622041666666667
vt 0.3515625 0.643437890625
vt 0.4121845703125 0.2942875000000008
vt 0.4121845703125 0.45387083333333333
vt 0.3984375 0.45387083333333333
vt 0.3984375 0.2942875000000008
vt 0.3574970703125 0.5392712239583333
vt 0.3574970703125 0.5580375
vt 0.34375 0.5580375
vt 0.34375 0.5392712239583333
vt 0.41251220703125 0.7109541666666674
vt 0.41251220703125 0.8705375000000001
vt 0.3984375 0.8705375000000001
vt 0.3984375 0.7109541666666674
vt 0.37344970703125 0.1380375000000008
vt 0.37344970703125 0.29762083333333333
vt 0.359375 0.29762083333333333
vt 0.359375 0.1380375000000008
vn -0.9698964842335793 0.2426219038264353 -0.020866759570627995
vn 0.202356500018057 0.755323449927494 -0.6233284309977128
vn 0.9698964842335793 -0.2426219038264353 0.020866759570627995
vn -0.202356500018057 -0.755323449927494 0.6233284309977128
vn 0.13547197781011572 0.6087865781809453 0.7816816778298896
vn -0.13547197781011572 -0.6087865781809453 -0.7816816778298896
usemtl m_890a103a-2c95-a057-8483-4c3958a0f191
f 4/4/1 7/3/1 5/2/1 2/1/1
f 3/8/2 4/7/2 2/6/2 1/5/2
f 8/12/3 3/11/3 1/10/3 6/9/3
f 7/16/4 8/15/4 6/14/4 5/13/4
f 6/20/5 1/19/5 2/18/5 5/17/5
f 7/24/6 4/23/6 3/22/6 8/21/6
o cube
v 0.6045442849811665 0.02330360630261097 0.5660056397488601
v 0.5866624129778517 -0.09287683167822283 0.4563898676816335
v 0.4456875822433941 0.047753984560189255 0.5660056358302905
v 0.7233449333263424 0.792509298193504 0.20018338507389088
v 0.7019808217925512 0.6537043776974056 0.0738713309798984
v 0.5423258441666493 0.6782776221773839 0.07387132704163735
v 0.5636899557004407 0.8170825426734822 0.20018338113562995
v 0.4278057102400794 -0.06842645342064455 0.45638986376306384
vt 0.375 0.47916666666666663
vt 0.375 0.4476854166666667
vt 0.3951921875 0.4476854166666667
vt 0.3951921875 0.47916666666666663
vt 0.35161328125 0.33333333333333337
vt 0.3515625 0.18999791666666666
vt 0.3717546875 0.18999791666666666
vt 0.37170390625 0.33333333333333337
vt 0.359375 0.035712499999999925
vt 0.37946562500000003 0.035712499999999925
vt 0.37946562500000003 0.0625
vt 0.359375 0.0625
vt 0.40745442722255903 0.8957595241135482
vt 0.38882255706825686 0.9057809672366701
vt 0.3854522314712625 0.7647259722348183
vt 0.4071854513074069 0.7524256995740312
vt 0.3854830914002776 0.7405808689494315
vt 0.3817313709039121 0.597333911108596
vt 0.40379440785580567 0.6085418164845959
vt 0.4043834491323047 0.7496670696927366
vt 0.35607890625 0.7916666666666666
vt 0.33598828125 0.7916666666666666
vt 0.3359375 0.6505395833333334
vt 0.3561296875 0.6505395833333334
vn 0.10172804413535491 0.6609377811480678 -0.7435137217882831
vn 0.06470866982325559 0.4204192411569667 0.9050195852658137
vn -0.10374788920976268 -0.6740609309345944 0.7313537016192008
vn 0.9883086858017799 -0.15246574539847163 0.0003715492527127683
vn -0.9884132280516613 0.1517865180966065 0.00037886224822008765
vn -0.06872076728918394 -0.44648626217996173 -0.8921476748990339
usemtl m_890a103a-2c95-a057-8483-4c3958a0f191
f 12/25/7 13/26/7 14/27/7 15/28/7
f 9/29/8 12/30/8 15/31/8 11/32/8
f 16/33/9 10/34/9 9/35/9 11/36/9
f 9/37/10 10/38/10 13/39/10 12/40/10
f 11/41/11 15/42/11 14/43/11 16/44/11
f 10/45/12 16/46/12 14/47/12 13/48/12
o cube
v 0.9832446882185419 1.903893422225805 -0.886240668185649
v 0.9138191926889039 1.9188790564399323 -0.8907585342378461
v 0.9757776557392721 1.855379326807415 -0.9324155781431107
v 0.9063521602096343 1.8703649610215423 -0.9369334441953079
v 0.7794103818995688 1.450957599900713 -0.37739703189041607
v 0.8488358774292069 1.4359719656865852 -0.3728791658382189
v 0.7719433494202992 1.4024435044823225 -0.42357194184787783
v 0.841368844949937 1.3874578702681948 -0.41905407579568066
vt 0.4146738281250001 0.6692875000000003
vt 0.4146738281250001 0.7872041666666667
vt 0.40625 0.7872041666666667
vt 0.40625 0.6692875000000003
vt 0.3209238281250001 0.6295095052083333
vt 0.3209238281250001 0.6413708333333334
vt 0.3125 0.6413708333333334
vt 0.3125 0.6295095052083333
vt 0.3209238281250001 0.8255375000000001
vt 0.3209238281250001 0.9434541666666667
vt 0.3125 0.9434541666666667
vt 0.3125 0.8255375000000001
vt 0.3521738281250001 0.546176171875
vt 0.3521738281250001 0.5580375
vt 0.34375 0.5580375
vt 0.34375 0.546176171875
vt 0.36045849609375 0.7012499999999997
vt 0.36045849609375 0.5833333333333333
vt 0.3515625 0.5833333333333333
vt 0.3515625 0.7012499999999997
vt 0.38389599609375 0.7734541666666669
vt 0.38389599609375 0.8913708333333333
vt 0.375 0.8913708333333333
vt 0.375 0.7734541666666669
vn -0.9755160467417128 0.210567119974568 -0.06348173386917344
vn 0.18997711772344206 0.6613730834476614 -0.7255992966041425
vn 0.9755160467417128 -0.210567119974568 0.06348173386917344
vn -0.18997711772344206 -0.6613730834476614 0.7255992966041425
vn 0.11080224406984766 0.7198938341703925 0.6851829903263342
vn -0.11080224406984766 -0.7198938341703925 -0.6851829903263342
usemtl m_890a103a-2c95-a057-8483-4c3958a0f191
f 20/52/13 23/51/13 21/50/13 18/49/13
f 19/56/14 20/55/14 18/54/14 17/53/14
f 24/60/15 19/59/15 17/58/15 22/57/15
f 23/64/16 24/63/16 22/62/16 21/61/16
f 22/68/17 17/67/17 18/66/17 21/65/17
f 23/72/18 20/71/18 19/70/18 24/69/18
o cube
v 1.1917772044942696 0.8941118132287662 -0.3445648982223046
v 1.146786741930851 0.8928940914000356 -0.38109448940268664
v 1.171976986162185 0.9437452184358985 -0.321833154618556
v 1.1269865235987666 0.942527496607168 -0.358362745798938
v 1.4413164365419338 1.1809239138227468 -0.7534437810807513
v 1.4863068991053523 1.1821416356514773 -0.7169141899003693
v 1.4215162182098493 1.2305573190298789 -0.7307120374770028
v 1.4665066807732676 1.2317750408586097 -0.6941824462966206
vt 0.3744463908046875 0.6726208333333334
vt 0.3744463908046875 0.5800716100000003
vt 0.3671875 0.5800716100000003
vt 0.3671875 0.6726208333333334
vt 0.3510088908046875 0.5580375
vt 0.3510088908046875 0.5483765309895834
vt 0.34375 0.5483765309895834
vt 0.34375 0.5580375
vt 0.3197588908046875 0.9434541666666667
vt 0.3197588908046875 0.8509049433333338
vt 0.3125 0.8509049433333338
vt 0.3125 0.9434541666666667
vt 0.3431963908046875 0.5163708333333334
vt 0.3431963908046875 0.5067098643229166
vt 0.3359375 0.5067098643229166
vt 0.3359375 0.5163708333333334
vt 0.36662072675781254 0.4122041666666667
vt 0.36662072675781254 0.31965494333333366
vt 0.359375 0.31965494333333366
vt 0.359375 0.4122041666666667
vt 0.41349572675781254 0.7767875000000001
vt 0.41349572675781254 0.684238276666667
vt 0.40625 0.684238276666667
vt 0.40625 0.7767875000000001
vn -0.7761551060925046 -0.021007586081993122 -0.6301919807594673
vn -0.5304018841776778 -0.5186966316387825 0.6705427992211613
vn 0.7761551060925046 0.021007586081993122 0.6301919807594673
vn 0.5304018841776778 0.5186966316387825 -0.6705427992211613
vn 0.34096494328200716 -0.8547002314575497 -0.39144657591951015
vn -0.34096494328200716 0.8547002314575497 0.39144657591951015
usemtl m_890a103a-2c95-a057-8483-4c3958a0f191
f 28/76/19 31/75/19 29/74/19 26/73/19
f 27/80/20 28/79/20 26/78/20 25/77/20
f 32/84/21 27/83/21 25/82/21 30/81/21
f 31/88/22 32/87/22 30/86/22 29/85/22
f 30/92/23 25/91/23 26/90/23 29/89/23
f 31/96/24 28/95/24 27/94/24 32/93/24
o cube
v 0.694095495421831 0.5940944394847714 0.2062431523078203
v 0.6292349272152422 0.5967879285268896 0.14756626730445244
v 0.6745885540103866 0.6774097656106717 0.23163032515781123
v 0.6097279858037978 0.6801032546527901 0.17295344015444347
v 1.1460930028585905 0.8878213625766134 -0.41040154405788376
v 1.2109535710651793 0.885127873534495 -0.35172465905451594
v 1.1265860614471461 0.9711366887025137 -0.3850143712078927
v 1.191446629653735 0.9684431996603955 -0.3263374862045249
vt 0.40178188750000005 0.5892875
vt 0.40178188750000005 0.4535620000000006
vt 0.390625 0.4535620000000006
vt 0.390625 0.5892875
vt 0.35490688750000005 0.5580375
vt 0.35490688750000005 0.5434533333333333
vt 0.34375 0.5434533333333333
vt 0.34375 0.5580375
vt 0.35490688750000005 0.6830375
vt 0.35490688750000005 0.5473120000000005
vt 0.34375 0.5473120000000005
vt 0.34375 0.6830375
vt 0.34709438750000005 0.5163708333333334
vt 0.34709438750000005 0.5017866666666666
vt 0.3359375 0.5017866666666666
vt 0.3359375 0.5163708333333334
vt 0.378125625 0.36809166666666604
vt 0.378125625 0.23236616666666654
vt 0.3671875 0.23236616666666654
vt 0.3671875 0.36809166666666604
vt 0.393750625 0.7247041666666667
vt 0.393750625 0.5889786666666672
vt 0.3828125 0.5889786666666672
vt 0.3828125 0.7247041666666667
vn -0.7412212811449485 0.030780972997181195 -0.6705546540582564
vn -0.634685542563667 -0.3573799495424275 0.6851670115568288
vn 0.7412212811449485 -0.030780972997181195 0.6705546540582564
vn 0.634685542563667 0.3573799495424275 -0.6851670115568288
vn 0.21855268115148954 -0.933451714533965 -0.28443386260270886
vn -0.21855268115148954 0.933451714533965 0.28443386260270886
usemtl m_890a103a-2c95-a057-8483-4c3958a0f191
f 36/100/25 39/99/25 37/98/25 34/97/25
f 35/104/26 36/103/26 34/102/26 33/101/26
f 40/108/27 35/107/27 33/106/27 38/105/27
f 39/112/28 40/111/28 38/110/28 37/109/28
f 38/116/29 33/115/29 34/114/29 37/113/29
f 39/120/30 36/119/30 35/118/30 40/117/30
o cube
v -0.05743737020090406 0.9531619562653013 -0.307845085721941
v -0.10318064170050723 0.9394703976597425 -0.301916547920411
v -0.04976417034175851 0.914445813314634 -0.3380527156229307
v -0.09550744184136162 0.900754254709075 -0.3321241778214007
v -0.00497674825089417 0.7354176222224167 -0.015443410072097263
v 0.040766523248709 0.7491091808279755 -0.021371947873627395
v 0.0026964516082513823 0.6967014792717492 -0.04565103997308695
v 0.048439723107854604 0.7103930378773082 -0.05157957777461697
vt 0.3577752875000001 0.6517875
vt 0.3577752875000001 0.5909260000000005
vt 0.3515625 0.5909260000000005
vt 0.3515625 0.6517875
vt 0.3343377875000001 0.5059541666666667
vt 0.3343377875000001 0.4979349999999999
vt 0.328125 0.4979349999999999
vt 0.328125 0.5059541666666667
vt 0.4280877875000001 0.45387083333333333
vt 0.4280877875000001 0.3930093333333339
vt 0.421875 0.3930093333333339
vt 0.421875 0.45387083333333333
vt 0.3499627875000001 0.5580375
vt 0.3499627875000001 0.5500183333333333
vt 0.34375 0.5500183333333333
vt 0.34375 0.5580375
vt 0.40625 0.6846760000000005
vt 0.40625 0.7455375
vt 0.41226437500000007 0.7455375
vt 0.41226437500000007 0.6846760000000005
vt 0.421875 0.268009333333334
vt 0.421875 0.32887083333333333
vt 0.42788937500000007 0.32887083333333333
vt 0.42788937500000007 0.268009333333334
vn -0.9507070871786939 -0.28455904822942557 0.1232159992004573
vn -0.26892724587687894 0.5587899724164087 -0.784494680129793
vn 0.9507070871786939 0.28455904822942557 -0.1232159992004573
vn 0.26892724587687894 -0.5587899724164087 0.784494680129793
vn -0.15438319472429762 0.7789607915663231 0.6077712681503518
vn 0.15438319472429762 -0.7789607915663231 -0.6077712681503518
usemtl m_890a103a-2c95-a057-8483-4c3958a0f191
f 44/124/31 47/123/31 45/122/31 42/121/31
f 43/128/32 44/127/32 42/126/32 41/125/32
f 48/132/33 43/131/33 41/130/33 46/129/33
f 47/136/34 48/135/34 46/134/34 45/133/34
f 46/140/35 41/139/35 42/138/35 45/137/35
f 47/144/36 44/143/36 43/142/36 48/141/36
o cube
v 0.05352939383794386 0.7649776245630435 -0.025036709731553697
v -0.018350253840464403 0.7344535472639464 -0.010880432690371755
v 0.06080478798801725 0.7175928940800902 -0.09026730709436348
v -0.011074859690391015 0.6870688167809931 -0.07611103005318154
v 0.18473508715098852 0.3845898050124107 0.2659179681235315
v 0.2566147348293968 0.4151138823115079 0.2517616910823496
v 0.1920104813010618 0.33720507452945736 0.20068737076072196
v 0.26389012897947006 0.3677291518285546 0.1865310937195399
vt 0.35386903750000004 0.4122041666666667
vt 0.35386903750000004 0.3305093333333339
vt 0.34375 0.3305093333333339
vt 0.34375 0.4122041666666667
vt 0.35386903750000004 0.6622041666666667
vt 0.35386903750000004 0.6489766666666665
vt 0.34375 0.6489766666666665
vt 0.34375 0.6622041666666667
vt 0.33824403750000004 0.8913708333333333
vt 0.33824403750000004 0.8096760000000005
vt 0.328125 0.8096760000000005
vt 0.328125 0.8913708333333333
vt 0.35386903750000004 0.5580375
vt 0.35386903750000004 0.54481
vt 0.34375 0.54481
vt 0.34375 0.5580375
vt 0.4140625 0.6846760000000005
vt 0.4140625 0.7663708333333333
vt 0.42398312500000007 0.7663708333333333
vt 0.42398312500000007 0.6846760000000005
vt 0.390625 0.632592666666667
vt 0.390625 0.7142875
vt 0.40054562500000007 0.7142875
vt 0.40054562500000007 0.632592666666667
vn -0.9056844664324064 -0.38460375857238127 0.17836926908816098
vn -0.4143169824926785 0.7137614623763174 -0.5646999316845914
vn 0.9056844664324064 0.38460375857238127 -0.17836926908816098
vn 0.4143169824926785 -0.7137614623763174 0.5646999316845914
vn -0.08987260584409991 0.5853413736602071 0.8057905379193608
vn 0.08987260584409991 -0.5853413736602071 -0.8057905379193608
usemtl m_890a103a-2c95-a057-8483-4c3958a0f191
f 52/148/37 55/147/37 53/146/37 50/145/37
f 51/152/38 52/151/38 50/150/38 49/149/38
f 56/156/39 51/155/39 49/154/39 54/153/39
f 55/160/40 56/159/40 54/158/40 53/157/40
f 54/164/41 49/163/41 50/162/41 53/161/41
f 55/168/42 52/167/42 51/166/42 56/165/42
o cube
v 0.25896550639789084 0.43833107686446815 0.23188930755637915
v 0.17355861701672648 0.39984025923069744 0.2716030671884939
v 0.25402977152008943 0.3693960162619705 0.15446242484794204
v 0.16862288213892518 0.33090519862819967 0.1941761844800568
v 0.4556868357125107 0.06388508071640242 0.5527273968808379
v 0.5410937250936749 0.10237589835017324 0.5130136372487231
v 0.45075110083470926 -0.005049979886095235 0.4753005141724007
v 0.5361579902158735 0.03344083774767559 0.43558675454028595
vt 0.35672312500000003 0.8184541666666667
vt 0.35672312500000003 0.7316125000000004
vt 0.34375 0.7316125000000004
vt 0.34375 0.8184541666666667
vt 0.36453562500000003 0.6517875
vt 0.36453562500000003 0.6348291666666668
vt 0.3515625 0.6348291666666668
vt 0.3515625 0.6517875
vt 0.35672312500000003 0.5580375
vt 0.35672312500000003 0.4711958333333337
vt 0.34375 0.4711958333333337
vt 0.34375 0.5580375
vt 0.35672312500000003 0.5580375
vt 0.35672312500000003 0.5410791666666668
vt 0.34375 0.5410791666666668
vt 0.34375 0.5580375
vt 0.3984375 0.6274458333333337
vt 0.3984375 0.7142875
vt 0.41115625 0.7142875
vt 0.41115625 0.6274458333333337
vt 0.3984375 0.2732791666666671
vt 0.3984375 0.36012083333333333
vt 0.41115625 0.36012083333333333
vt 0.41115625 0.2732791666666671
vn -0.8393797482178301 -0.3782881339928329 0.3903072199716434
vn -0.5414609321481343 0.6447657202078426 -0.5395342667543329
vn 0.8393797482178301 0.3782881339928329 -0.3903072199716434
vn 0.5414609321481343 -0.6447657202078426 0.5395342667543329
vn 0.047557304791649664 0.6642102481331366 0.7460315335398844
vn -0.047557304791649664 -0.6642102481331366 -0.7460315335398844
usemtl m_890a103a-2c95-a057-8483-4c3958a0f191
f 60/172/43 63/171/43 61/170/43 58/169/43
f 59/176/44 60/175/44 58/174/44 57/173/44
f 64/180/45 59/179/45 57/178/45 62/177/45
f 63/184/46 64/183/46 62/182/46 61/181/46
f 62/188/47 57/187/47 58/186/47 61/185/47
f 63/192/48 60/191/48 59/190/48 64/189/48