# Made in Blockbench 4.8.1
mtllib whitebeam_twig_branch.mtl

o cube
v 0.6365976657870754 0.9702975151525092 1.5036423637089251
v 0.6365976674861619 1.1621998692297273 1.522965914676743
v 0.44372487578707537 0.9702975165107139 1.5036423671795531
v 0.637082250930419 0.6845222781998284 0.511986862477795
v 0.6370822529970381 0.9095997688217208 0.538752410844159
v 0.4432402529970382 0.9095997701867506 0.5387524143322274
v 0.4432402509304191 0.6845222795648582 0.5119868659658633
v 0.44372487748616185 1.1621998705879322 1.5229659181473711
vt 0.3951921875 0.4476854166666667
vt 0.375 0.4476854166666667
vt 0.375 0.47916666666666663
vt 0.3951921875 0.47916666666666663
vt 0.3717546875 0.18999791666666666
vt 0.3515625 0.18999791666666666
vt 0.35161328125 0.33333333333333337
vt 0.37170390625 0.33333333333333337
vt 0.37946562500000003 0.0625
vt 0.37946562500000003 0.035712499999999925
vt 0.359375 0.035712499999999925
vt 0.359375 0.0625
vt 0.3854522314712625 0.7647259722348183
vt 0.38882255706825686 0.9057809672366701
vt 0.40745442722255903 0.8957595241135482
vt 0.4071854513074069 0.7524256995740312
vt 0.40379440785580567 0.6085418164845959
vt 0.3817313709039121 0.597333911108596
vt 0.3854830914002776 0.7405808689494315
vt 0.4043834491323047 0.7496670696927366
vt 0.3359375 0.6505395833333334
vt 0.33598828125 0.7916666666666666
vt 0.35607890625 0.7916666666666666
vt 0.3561296875 0.6505395833333334
vn -1.703693994391294e-8 0.11808503277550103 -0.9930034869195621
vn -1.7837581838409758e-9 -0.9608956129913877 0.2769108537668854
vn 1.7198329451151822e-8 -0.100188061612102 0.9949685182509089
vn 0.9999998709786786 -0.0000509021926106336 0.0005054221928288391
vn -0.9999998701506881 -0.00006016782585940237 0.0005060419347297734
vn 2.3475954730646706e-9 0.9686075678455084 -0.24859480990642013
usemtl m_890a103a-2c95-a057-8483-4c3958a0f191
f 6/1/1 5/2/1 4/3/1 7/4/1
f 7/5/2 4/6/2 1/7/2 3/8/2
f 1/9/3 2/10/3 8/11/3 3/12/3
f 5/13/4 2/14/4 1/15/4 4/16/4
f 6/17/5 7/18/5 3/19/5 8/20/5
f 6/21/6 8/22/6 2/23/6 5/24/6
o cube
v 0.711326451717863 0.4676132064894889 -0.5472442501142821
v 0.5768150191371855 0.46151415065752865 -0.5584750284026528
v 0.7131455659226771 0.34374025728295265 -0.5017606369178761
v 0.5786341333419993 0.3376412014509924 -0.5129914152062468
v 0.46929745126190925 0.8544209400557856 0.5158923330910432
v 0.6038088838425868 0.8605199958877461 0.5271231113794139
v 0.4711165654667233 0.7305479908492494 0.5613759462874492
v 0.6056279980474009 0.7366470466812096 0.5726067245758197
vt 0.3515625 0.3151208333333342
vt 0.3515625 0.4747041666666667
vt 0.3653095703125 0.4747041666666667
vt 0.3653095703125 0.3151208333333342
vt 0.3515625 0.643437890625
vt 0.3515625 0.6622041666666667
vt 0.3653095703125 0.6622041666666667
vt 0.3653095703125 0.643437890625
vt 0.3984375 0.2942875000000008
vt 0.3984375 0.45387083333333333
vt 0.4121845703125 0.45387083333333333
vt 0.4121845703125 0.2942875000000008
vt 0.34375 0.5392712239583333
vt 0.34375 0.5580375
vt 0.3574970703125 0.5580375
vt 0.3574970703125 0.5392712239583333
vt 0.359375 0.1380375000000008
vt 0.359375 0.29762083333333333
vt 0.37344970703125 0.29762083333333333
vt 0.37344970703125 0.1380375000000008
vt 0.3984375 0.7109541666666674
vt 0.3984375 0.8705375000000001
vt 0.41251220703125 0.8705375000000001
vt 0.41251220703125 0.7109541666666674
vn -0.9955168181744302 -0.04513900818103007 -0.08311879854937503
vn 0.09357490676699447 -0.3419554302856908 -0.9350455713609239
vn 0.9955168181744302 0.04513900818103007 0.08311879854937503
vn -0.09357490676699447 0.3419554302856908 0.9350455713609239
vn -0.013784105172515649 0.9386314258741612 -0.3446462603975737
vn 0.013784105172515649 -0.9386314258741612 0.3446462603975737
usemtl m_890a103a-2c95-a057-8483-4c3958a0f191
f 12/28/7 15/27/7 13/26/7 10/25/7
f 11/32/8 12/31/8 10/30/8 9/29/8
f 16/36/9 11/35/9 9/34/9 14/33/9
f 15/40/10 16/39/10 14/38/10 13/37/10
f 14/44/11 9/43/11 10/42/11 13/41/11
f 15/48/12 12/47/12 11/46/12 16/45/12
o cube
v 0.7452021205509984 0.16433855651914409 -1.048928090105103
v 0.6420305941039781 0.16520369038202265 -1.0579128747787467
v 0.7398413460862656 0.0710275807072912 -0.9963555670376065
v 0.6366698196392453 0.07189271457016977 -1.0053403517112502
v 0.5974808465871952 0.4726624188377674 -0.5167470496451125
v 0.7006523730342158 0.4717972849748888 -0.5077622649714688
v 0.5921200721224622 0.3793514430259144 -0.46417452657761604
v 0.695291598569483 0.37848630916303594 -0.45518974190397227
vt 0.40625 0.7005375
vt 0.40625 0.7872041666666667
vt 0.4174204101562502 0.7872041666666667
vt 0.4174204101562502 0.7005375
vt 0.3125 0.62698671875
vt 0.3125 0.6413708333333334
vt 0.3236704101562502 0.6413708333333334
vt 0.3236704101562502 0.62698671875
vt 0.3125 0.8567875
vt 0.3125 0.9434541666666667
vt 0.3236704101562502 0.9434541666666667
vt 0.3236704101562502 0.8567875
vt 0.34375 0.5436533854166667
vt 0.34375 0.5580375
vt 0.3549204101562502 0.5580375
vt 0.3549204101562502 0.5436533854166667
vt 0.375 0.8047041666666667
vt 0.375 0.8913708333333333
vt 0.3857880859375 0.8913708333333333
vt 0.3857880859375 0.8047041666666667
vt 0.3671875 0.4999999999999998
vt 0.3671875 0.5866666666666664
vt 0.3779755859375 0.5866666666666664
vt 0.3779755859375 0.4999999999999998
vn -0.9961946972947846 0.00835348469029678 -0.0867545063687279
vn 0.07139382614869048 -0.4927223212431808 -0.867252924893645
vn 0.9961946972947846 -0.00835348469029678 0.0867545063687279
vn -0.07139382614869048 0.4927223212431808 0.867252924893645
vn 0.049990465787019905 0.8701465011377455 -0.4902509764275193
vn -0.049990465787019905 -0.8701465011377455 0.4902509764275193
usemtl m_890a103a-2c95-a057-8483-4c3958a0f191
f 20/52/13 23/51/13 21/50/13 18/49/13
f 19/56/14 20/55/14 18/54/14 17/53/14
f 24/60/15 19/59/15 17/58/15 22/57/15
f 23/64/16 24/63/16 22/62/16 21/61/16
f 22/68/17 17/67/17 18/66/17 21/65/17
f 23/72/18 20/71/18 19/70/18 24/69/18
o cube
v 0.95365281298466 0.6791868909852783 0.14856964380234183
v 0.9862049308627796 0.7715539529427542 0.1106889690064412
v 1.03802642166669 0.6764865397924287 0.214490226345743
v 1.0705785395448095 0.7688536017499046 0.17660955154984248
v 1.3866092475339995 0.41426374025951596 -0.4164357140703191
v 1.3540571296558797 0.32189667830204005 -0.3785550392744186
v 1.4709828562160294 0.41156338906666634 -0.3505151315269178
v 1.4384307383379096 0.3191963271091903 -0.3126344567310173
vt 0.390625 0.7872041666666667
vt 0.390625 0.6827286666666672
vt 0.4017818875 0.6827286666666672
vt 0.4017818875 0.7872041666666667
vt 0.34375 0.5580375
vt 0.34375 0.5434533333333333
vt 0.3549068875 0.5434533333333333
vt 0.3549068875 0.5580375
vt 0.34375 0.6830375
vt 0.34375 0.5785620000000005
vt 0.3549068875 0.5785620000000005
vt 0.3549068875 0.6830375
vt 0.40625 0.7351208333333334
vt 0.40625 0.7205366666666666
vt 0.4174068875 0.7205366666666666
vt 0.4174068875 0.7351208333333334
vt 0.3984375 0.7663708333333333
vt 0.3984375 0.661895333333334
vt 0.409375625 0.661895333333334
vt 0.409375625 0.7663708333333333
vt 0.3515625 0.680591666666666
vt 0.3515625 0.5761161666666665
vt 0.362500625 0.5761161666666665
vt 0.362500625 0.680591666666666
vn 0.31000245584175945 0.8796360394403753 -0.3607477172342586
vn -0.532294276158341 0.47497873329584434 0.7007553114217137
vn -0.31000245584175945 -0.8796360394403753 0.3607477172342586
vn 0.532294276158341 -0.47497873329584434 -0.7007553114217137
vn -0.7877571205270985 0.02521192246390481 -0.6154698026910244
vn 0.7877571205270985 -0.02521192246390481 0.6154698026910244
usemtl m_890a103a-2c95-a057-8483-4c3958a0f191
f 28/76/19 31/75/19 29/74/19 26/73/19
f 27/80/20 28/79/20 26/78/20 25/77/20
f 32/84/21 27/83/21 25/82/21 30/81/21
f 31/88/22 32/87/22 30/86/22 29/85/22
f 30/92/23 25/91/23 26/90/23 29/89/23
f 31/96/24 28/95/24 27/94/24 32/93/24
o cube
v 1.3512863653669107 0.3629463821977199 -0.36085917357451625
v 1.3811708780312022 0.41052077399086784 -0.40187190833125447
v 1.4014685492881072 0.3723157097062503 -0.31342487834443966
v 1.4313530619523986 0.4198901014993981 -0.3544376131011779
v 1.744220304264712 -0.0672810500134885 -0.6915764615413453
v 1.7143357916004205 -0.11485544180663632 -0.6505637267846072
v 1.7944024881859084 -0.057911722504958185 -0.6441421663112687
v 1.764517975521617 -0.105486114298106 -0.6031294315545306
vt 0.421875 0.7663708333333333
vt 0.421875 0.6738216100000003
vt 0.4291338908046875 0.6738216100000003
vt 0.4291338908046875 0.7663708333333333
vt 0.34375 0.5580375
vt 0.34375 0.5483765309895834
vt 0.3510088908046875 0.5483765309895834
vt 0.3510088908046875 0.5580375
vt 0.3125 0.9434541666666667
vt 0.3125 0.8509049433333336
vt 0.3197588908046875 0.8509049433333336
vt 0.3197588908046875 0.9434541666666667
vt 0.3515625 0.8601208333333333
vt 0.3515625 0.8504598643229168
vt 0.3588213908046875 0.8504598643229168
vt 0.3588213908046875 0.8601208333333333
vt 0.375 0.8137955683333336
vt 0.375 0.9063447916666667
vt 0.38224572675781243 0.9063447916666667
vt 0.38224572675781243 0.8137955683333336
vt 0.3984375 0.7663708333333333
vt 0.3984375 0.6738216100000003
vt 0.40568322675781243 0.6738216100000003
vt 0.40568322675781243 0.7663708333333333
vn 0.4296284104062567 0.6839432368109896 -0.5896109546067644
vn -0.5448293308708935 0.7170385882768217 0.4347604664004735
vn -0.4296284104062567 -0.6839432368109896 0.5896109546067644
vn 0.5448293308708935 -0.7170385882768217 -0.4347604664004735
vn -0.7201252871511787 -0.1344518937854339 -0.6806924849467217
vn 0.7201252871511787 0.1344518937854339 0.6806924849467217
usemtl m_890a103a-2c95-a057-8483-4c3958a0f191
f 36/100/25 39/99/25 37/98/25 34/97/25
f 35/104/26 36/103/26 34/102/26 33/101/26
f 40/108/27 35/107/27 33/106/27 38/105/27
f 39/112/28 40/111/28 38/110/28 37/109/28
f 38/116/29 33/115/29 34/114/29 37/113/29
f 39/120/30 36/119/30 35/118/30 40/117/30
o cube
v 0.4414296763095791 0.19744898218833629 -0.938620821048608
v 0.4099815442818747 0.2958046804792429 -0.9637712401459879
v 0.3526873742371819 0.17953586144822697 -0.8977100859603175
v 0.3212392422094775 0.2778915597391336 -0.9228605050576975
v 0.6215857075023199 0.504163131986096 -0.41353447166041996
v 0.6530338395300244 0.40580743369518923 -0.38838405256304004
v 0.5328434054299227 0.48625001124598655 -0.37262373657212955
v 0.5642915374576272 0.3878943129550799 -0.3474733174747496
vt 0.3515625 0.8149458333333336
vt 0.3515625 0.9017875000000001
vt 0.3619111132812499 0.9017875000000001
vt 0.3619111132812499 0.8149458333333336
vt 0.359375 0.6622041666666667
vt 0.359375 0.6474430989583333
vt 0.3697236132812499 0.6474430989583333
vt 0.3697236132812499 0.6622041666666667
vt 0.34375 0.5580375
vt 0.34375 0.4711958333333336
vt 0.3540986132812499 0.4711958333333336
vt 0.3540986132812499 0.5580375
vt 0.34375 0.5580375
vt 0.34375 0.5432764322916668
vt 0.3540986132812499 0.5432764322916668
vt 0.3540986132812499 0.5580375
vt 0.42513330078125 0.7767875000000001
vt 0.42513330078125 0.6899458333333336
vt 0.4140625 0.6899458333333336
vt 0.4140625 0.7767875000000001
vt 0.40950830078125 0.648279166666667
vt 0.40950830078125 0.7351208333333334
vt 0.3984375 0.7351208333333334
vt 0.3984375 0.648279166666667
vn -0.2958997412154072 0.925442110383574 -0.23664370576343688
vn -0.3384258759883018 -0.33323489669394035 -0.8800127442752914
vn 0.2958997412154072 -0.925442110383574 0.23664370576343688
vn 0.3384258759883018 0.33323489669394035 0.8800127442752914
vn 0.8932587920699163 0.18030918987721012 -0.41179767657870353
vn -0.8932587920699163 -0.18030918987721012 0.41179767657870353
usemtl m_890a103a-2c95-a057-8483-4c3958a0f191
f 44/124/31 47/123/31 45/122/31 42/121/31
f 43/128/32 44/127/32 42/126/32 41/125/32
f 48/132/33 43/131/33 41/130/33 46/129/33
f 47/136/34 48/135/34 46/134/34 45/133/34
f 46/140/35 41/139/35 42/138/35 45/137/35
f 47/144/36 44/143/36 43/142/36 48/141/36
o cube
v 0.251731066516133 0.015458705556263497 -1.4502693150054886
v 0.21969061780678223 0.08448164355347954 -1.4657709233656422
v 0.17900027913135175 -0.010026724321108293 -1.413418441001801
v 0.146959830422001 0.058996213676107745 -1.4289200493619545
v 0.41018574511637196 0.2891340559268062 -0.9482658214498086
v 0.4422261938257226 0.22011111792959015 -0.932764213089655
v 0.33745495773159084 0.2636486260494343 -0.9114149474461208
v 0.3694954064409415 0.19462568805221825 -0.8959133390859673
vt 0.3984375 0.7559541666666667
vt 0.3984375 0.6742593333333338
vt 0.4073358343750001 0.6742593333333338
vt 0.4073358343750001 0.7559541666666667
vt 0.34375 0.6622041666666667
vt 0.34375 0.6514180729166668
vt 0.3526483343750001 0.6514180729166668
vt 0.3526483343750001 0.6622041666666667
vt 0.328125 0.8913708333333333
vt 0.328125 0.8096760000000005
vt 0.3370233343750001 0.8096760000000005
vt 0.3370233343750001 0.8913708333333333
vt 0.34375 0.5580375
vt 0.34375 0.54725140625
vt 0.3526483343750001 0.54725140625
vt 0.3526483343750001 0.5580375
vt 0.3987145703125 0.6638426666666672
vt 0.3987145703125 0.7455375
vt 0.390625 0.7455375
vt 0.390625 0.6638426666666672
vt 0.4221520703125 0.6846760000000005
vt 0.4221520703125 0.7663708333333333
vt 0.4140625 0.7663708333333333
vt 0.4140625 0.6846760000000005
vn -0.41257404430989153 0.8887850771999816 -0.1996089790275049
vn -0.3238596064309636 -0.3479283205950866 -0.8798072738107274
vn 0.41257404430989153 -0.8887850771999816 0.1996089790275049
vn 0.3238596064309636 0.3479283205950866 0.8798072738107274
vn 0.8514091926237122 0.29834035978141754 -0.43138777966156294
vn -0.8514091926237122 -0.29834035978141754 0.43138777966156294
usemtl m_890a103a-2c95-a057-8483-4c3958a0f191
f 52/148/37 55/147/37 53/146/37 50/145/37
f 51/152/38 52/151/38 50/150/38 49/149/38
f 56/156/39 51/155/39 49/154/39 54/153/39
f 55/160/40 56/159/40 54/158/40 53/157/40
f 54/164/41 49/163/41 50/162/41 53/161/41
f 55/168/42 52/167/42 51/166/42 56/165/42
o cube
v 0.04037934935091669 -0.07719361417933979 -1.8362576330363634
v 0.021981510566379536 -0.0227221791987135 -1.841554702340202
v -0.001476683376808452 -0.08912114054079079 -1.8135373213499937
v -0.01987452216134561 -0.034649705560164556 -1.8188343906538322
v 0.20353072060811606 0.07616899337888794 -1.4551842657805638
v 0.2219285593926532 0.021697558398261707 -1.4498871964767253
v 0.16167468788039097 0.06424146701743694 -1.4324639540941941
v 0.18007252666492812 0.009770032036810594 -1.4271668847903556
vt 0.3984375 0.6863145000000012
vt 0.3984375 0.7471760000000005
vt 0.4035516546875001 0.7471760000000005
vt 0.4035516546875001 0.6863145000000012
vt 0.328125 0.4899158333333332
vt 0.328125 0.4979349999999999
vt 0.3332391546875001 0.4979349999999999
vt 0.3332391546875001 0.4899158333333332
vt 0.421875 0.3321478333333344
vt 0.421875 0.3930093333333339
vt 0.4269891546875001 0.3930093333333339
vt 0.4269891546875001 0.3321478333333344
vt 0.34375 0.5419991666666666
vt 0.34375 0.5500183333333333
vt 0.3488641546875001 0.5500183333333333
vt 0.3488641546875001 0.5419991666666666
vt 0.42788937500000007 0.268009333333334
vt 0.42788937500000007 0.32887083333333333
vt 0.43390375000000014 0.32887083333333333
vt 0.43390375000000014 0.268009333333334
vt 0.41226437500000007 0.6846760000000006
vt 0.41226437500000007 0.7455375
vt 0.41827875000000014 0.7455375
vt 0.41827875000000014 0.6846760000000006
vn -0.3186435066080737 0.9434243475808928 -0.09174320731300836
vn -0.4143040848706082 -0.2256744424672824 -0.8817160377789492
vn 0.3186435066080737 -0.9434243475808928 0.09174320731300836
vn 0.4143040848706082 0.2256744424672824 0.8817160377789492
vn 0.8525364748537383 0.24294350456155067 -0.46277425666874894
vn -0.8525364748537383 -0.24294350456155067 0.46277425666874894
usemtl m_890a103a-2c95-a057-8483-4c3958a0f191
f 60/172/43 63/171/43 61/170/43 58/169/43
f 59/176/44 60/175/44 58/174/44 57/173/44
f 64/180/45 59/179/45 57/178/45 62/177/45
f 63/184/46 64/183/46 62/182/46 61/181/46
f 62/188/47 57/187/47 58/186/47 61/185/47
f 63/192/48 60/191/48 59/190/48 64/189/48
o cube
v 0.7682054680596306 -0.30282450638229547 -1.4627427154729504
v 0.6831288843564414 -0.30211110573742433 -1.4701516858707562
v 0.762613774713572 -0.3579534617412968 -1.4038420705434456
v 0.6775371910103822 -0.35724006109642564 -1.4112510409412513
v 0.6500212669389476 0.15439214921605005 -1.0460235638535762
v 0.7350978506421373 0.1536787485711788 -1.0386145934557707
v 0.6444295735928889 0.09926319385704874 -0.9871229189240713
v 0.7295061572960782 0.0985497932121775 -0.9797139485262657
vt 0.40625 0.7005375
vt 0.40625 0.7872041666666667
vt 0.41467382812500014 0.7872041666666667
vt 0.41467382812500014 0.7005375
vt 0.3125 0.6295095052083333
vt 0.3125 0.6413708333333334
vt 0.32092382812500014 0.6413708333333334
vt 0.32092382812500014 0.6295095052083333
vt 0.3125 0.8567875
vt 0.3125 0.9434541666666667
vt 0.32092382812500014 0.9434541666666667
vt 0.32092382812500014 0.8567875
vt 0.34375 0.546176171875
vt 0.34375 0.5580375
vt 0.35217382812500014 0.5580375
vt 0.35217382812500014 0.546176171875
vt 0.390625 0.6765791666666668
vt 0.390625 0.7632458333333335
vt 0.39952099609375 0.7632458333333335
vt 0.39952099609375 0.6765791666666668
vt 0.3671875 0.4999999999999999
vt 0.3671875 0.5866666666666664
vt 0.37608349609375 0.5866666666666664
vt 0.37608349609375 0.4999999999999999
vn -0.9961946972947846 0.008353484690296833 -0.086754506368728
vn 0.05305707919470134 -0.7315757290921067 -0.6796925032326605
vn 0.9961946972947846 -0.008353484690296833 0.086754506368728
vn -0.05305707919470134 0.7315757290921067 0.6796925032326605
vn 0.06914529216859139 0.6817090082262973 -0.7283486504923575
vn -0.06914529216859139 -0.6817090082262973 0.7283486504923575
usemtl m_890a103a-2c95-a057-8483-4c3958a0f191
f 68/196/49 71/195/49 69/194/49 66/193/49
f 67/200/50 68/199/50 66/198/50 65/197/50
f 72/204/51 67/203/51 65/202/51 70/201/51
f 71/208/52 72/207/52 70/206/52 69/205/52
f 70/212/53 65/211/53 66/210/53 69/209/53
f 71/216/54 68/215/54 67/214/54 72/213/54
o cube
v 0.5076573785954595 0.802952654688454 0.6997289937856983
v 0.5283858778048012 0.9417949877883589 0.6788857694692099
v 0.616032941338708 0.7994839697868359 0.7844021919103374
v 0.6367614405480497 0.9383263028867406 0.7635589675938488
v 0.9785313023639675 0.7871463029475896 0.09639694947141453
v 0.9578028031546255 0.6483039698476847 0.11724017378790308
v 1.086906865107216 0.7836776180459715 0.18107014759605344
v 1.066178365897874 0.6448352849460666 0.201913371912542
vt 0.390625 0.5892875
vt 0.390625 0.48481200000000046
vt 0.404955715625 0.48481200000000046
vt 0.404955715625 0.5892875
vt 0.34375 0.5580375
vt 0.34375 0.5383263802083333
vt 0.358080715625 0.5383263802083333
vt 0.358080715625 0.5580375
vt 0.34375 0.6830375
vt 0.34375 0.5785620000000005
vt 0.358080715625 0.5785620000000005
vt 0.358080715625 0.6830375
vt 0.359375 0.8705375000000001
vt 0.359375 0.8508263802083333
vt 0.373705715625 0.8508263802083333
vt 0.373705715625 0.8705375000000001
vt 0.3828125 0.7663708333333333
vt 0.3828125 0.6618953333333337
vt 0.39759583984375 0.6618953333333337
vt 0.39759583984375 0.7663708333333333
vt 0.3671875 0.36809166666666604
vt 0.3671875 0.26361616666666654
vt 0.38197083984375 0.26361616666666654
vt 0.38197083984375 0.36809166666666604
vn 0.14605756821268145 0.9783136411732081 -0.14686594657107385
vn -0.5984197046718133 0.20558871702612094 0.7743559494780509
vn -0.14605756821268145 -0.9783136411732081 0.14686594657107385
vn 0.5984197046718133 -0.20558871702612094 -0.7743559494780509
vn -0.7877569700283826 0.025213070538377846 -0.6154699482880776
vn 0.7877569700283826 -0.025213070538377846 0.6154699482880776
usemtl m_890a103a-2c95-a057-8483-4c3958a0f191
f 76/220/55 79/219/55 77/218/55 74/217/55
f 75/224/56 76/223/56 74/222/56 73/221/56
f 80/228/57 75/227/57 73/226/57 78/225/57
f 79/232/58 80/231/58 78/230/58 77/229/58
f 78/236/59 73/235/59 74/234/59 77/233/59
f 79/240/60 76/239/60 75/238/60 80/237/60