# Made in Blockbench 4.12.2
mtllib white_tree_base.mtl

o cube
v 1.0000951249216543 0.5 -0.9959654381105452
v 0.00009512492165442143 0.5 -0.9959654381105456
v 1.0000951249216543 0 -0.9959654381105452
v 0.00009512492165442143 0 -0.9959654381105456
v 0.00009512492165419939 0.5 0.004034561889454502
v 1.0000951249216543 0.5 0.004034561889454724
v 0.00009512492165419939 0 0.004034561889454502
v 1.0000951249216543 0 0.004034561889454724
vt 0.8333333333333334 0.41666666666666663
vt 1 0.41666666666666663
vt 1 0.33333333333333337
vt 0.8333333333333334 0.33333333333333337
vt 0.8333333333333334 0.41666666666666663
vt 1 0.41666666666666663
vt 1 0.33333333333333337
vt 0.8333333333333334 0.33333333333333337
vt 0.8333333333333334 0.41666666666666663
vt 1 0.41666666666666663
vt 1 0.33333333333333337
vt 0.8333333333333334 0.33333333333333337
vt 0.8333333333333334 0.25
vt 0.8333333333333334 0.41666666666666663
vt 1 0.41666666666666663
vt 1 0.25
vt 0.8333333333333334 0.2465277777777778
vt 1 0.2465277777777778
vt 1 0.41319444444444453
vt 0.8333333333333334 0.41319444444444453
vn -1 0 -2.220446049250313e-16
vn 2.220446049250313e-16 0 -1
vn 1 0 2.220446049250313e-16
vn 0 1 0
vn 0 -1 0
usemtl m_7fb87acf-55f8-1827-1742-931e38f31eb3
f 4/4/1 7/3/1 5/2/1 2/1/1
f 3/8/2 4/7/2 2/6/2 1/5/2
f 8/12/3 3/11/3 1/10/3 6/9/3
f 6/16/4 1/15/4 2/14/4 5/13/4
f 7/20/5 4/19/5 3/18/5 8/17/5
o cube
v 1.0000951249216543 1 -0.49596543811054505
v 0.00009512492165431041 1 -0.49596543811054516
v 1.0000951249216543 0.5 -0.49596543811054505
v 0.00009512492165431041 0.5 -0.49596543811054516
v 0.00009512492165419939 1 0.004034561889454724
v 1.0000951249216543 1 0.004034561889454946
v 0.00009512492165419939 0.5 0.004034561889454724
v 1.0000951249216543 0.5 0.004034561889454946
vt 0.4270833333333333 0.38541666666666663
vt 0.5104166666666666 0.38541666666666663
vt 0.5104166666666666 0.30208333333333337
vt 0.4270833333333333 0.30208333333333337
vt 0.34375 0.38541666666666663
vt 0.5104166666666666 0.38541666666666663
vt 0.5104166666666666 0.30208333333333337
vt 0.34375 0.30208333333333337
vt 0.34375 0.38541666666666663
vt 0.4270833333333333 0.38541666666666663
vt 0.4270833333333333 0.30208333333333337
vt 0.34375 0.30208333333333337
vt 0.34375 0.30208333333333337
vt 0.34375 0.38541666666666663
vt 0.5104166666666666 0.38541666666666663
vt 0.5104166666666666 0.30208333333333337
vn -1 0 -2.220446049250313e-16
vn 2.220446049250313e-16 0 -1
vn 1 0 2.220446049250313e-16
vn 0 1 0
usemtl m_7fb87acf-55f8-1827-1742-931e38f31eb3
f 12/24/6 15/23/6 13/22/6 10/21/6
f 11/28/7 12/27/7 10/26/7 9/25/7
f 16/32/8 11/31/8 9/30/8 14/29/8
f 14/36/9 9/35/9 10/34/9 13/33/9
o cube
v 1.0000951249216543 1.6875 0.004034561889454946
v 0.00009512492165419939 1.6875 0.004034561889454724
v 1.0000951249216543 0 0.004034561889454946
v 0.00009512492165419939 0 0.004034561889454724
v 0.00009512492165397735 1.6875 1.0040345618894548
v 1.0000951249216539 1.6875 1.0040345618894548
v 0.00009512492165397735 0 1.0040345618894548
v 1.0000951249216539 0 1.0040345618894548
vt 0.8333333333333334 0.28125
vt 1 0.28125
vt 1 0
vt 0.8333333333333334 0
vt 0.8333333333333334 0.25
vt 1 0.25
vt 1 0
vt 0.8333333333333334 0
vt 0.8333333333333334 0.25
vt 1 0.25
vt 1 0
vt 0.8333333333333334 0
vt 0.8333333333333334 0.25
vt 1 0.25
vt 1 0
vt 0.8333333333333334 0
vt 0.8333333333333334 0.25
vt 1 0.25
vt 1 0.08333333333333337
vt 0.8333333333333334 0.08333333333333337
vt 0.8333333333333334 0.08333333333333337
vt 1 0.08333333333333337
vt 1 0.25
vt 0.8333333333333334 0.25
vn -1 0 -2.220446049250313e-16
vn 2.220446049250313e-16 0 -1
vn 1 0 2.220446049250313e-16
vn -2.220446049250313e-16 0 1
vn 0 1 0
vn 0 -1 0
usemtl m_7fb87acf-55f8-1827-1742-931e38f31eb3
f 20/40/10 23/39/10 21/38/10 18/37/10
f 19/44/11 20/43/11 18/42/11 17/41/11
f 24/48/12 19/47/12 17/46/12 22/45/12
f 23/52/13 24/51/13 22/50/13 21/49/13
f 22/56/14 17/55/14 18/54/14 21/53/14
f 23/60/15 20/59/15 19/58/15 24/57/15
o cube
v 0.6686567328840847 0.895294839777429 0.42421420311681546
v 0.9699634007281775 0.17712817435339012 0.9460927163614272
v 0.860167843663826 1.2166886446207006 0.7559211772012848
v 1.1614745115079188 0.49852197919666175 1.2777996904458966
v 0.5369506940468156 0.177128185768342 1.1960927080663886
v 0.23564402620272284 0.8952948511923808 0.6742141948217768
v 0.728461804826557 0.4985219906116136 1.527799682150858
v 0.4271551369824641 1.2166886560356525 1.0059211689062462
vt 0.5104166666666666 0.15625
vt 0.59375 0.15625
vt 0.59375 0.07291666666666663
vt 0.5104166666666666 0.07291666666666663
vt 0.5104166666666666 0
vt 0.5104166666666666 0.15625
vt 0.59375 0.15625
vt 0.59375 0
vt 0.5104166666666666 0.08333333333333337
vt 0.59375 0.08333333333333337
vt 0.59375 0
vt 0.5104166666666666 0
vt 0.5104166666666666 0
vt 0.5104166666666666 0.15625
vt 0.59375 0.15625
vt 0.59375 0
vt 0.5104166666666666 0.15625
vt 0.59375 0.15625
vt 0.59375 0
vt 0.5104166666666666 0
vt 0.5104166666666666 0
vt 0.59375 0
vt 0.59375 0.15625
vt 0.5104166666666666 0.15625
vn 0.3213937790336989 -0.7660444431189746 0.5566704141275862
vn 0.8660254133627238 -2.2829903550958254e-8 -0.4999999834099228
vn -0.3213937790336989 0.7660444431189746 -0.5566704141275862
vn -0.8660254133627238 2.2829903550958254e-8 0.4999999834099228
vn -0.3830222215594826 -0.6427876096865431 -0.6634139481689386
vn 0.3830222215594826 0.6427876096865431 0.6634139481689386
usemtl m_7fb87acf-55f8-1827-1742-931e38f31eb3
f 28/64/16 31/63/16 29/62/16 26/61/16
f 27/68/17 28/67/17 26/66/17 25/65/17
f 32/72/18 27/71/18 25/70/18 30/69/18
f 31/76/19 32/75/19 30/74/19 29/73/19
f 30/80/20 25/79/20 26/78/20 29/77/20
f 31/84/21 28/83/21 27/82/21 32/81/21
o cube
v 0.00009512492165469899 1 1.0040345618894544
v 0.00009512492165469899 1 0.00403456188945428
v 0.00009512492165469899 0.5 1.0040345618894544
v 0.00009512492165469899 0.5 0.00403456188945428
v -0.4999048750783453 1 0.00403456188945428
v -0.4999048750783453 1 1.0040345618894544
v -0.4999048750783453 0.5 0.00403456188945428
v -0.4999048750783453 0.5 1.0040345618894544
vt 0.9166666666666666 0.49826388888888895
vt 1 0.49826388888888895
vt 1 0.4149305555555556
vt 0.9166666666666666 0.4149305555555556
vt 0.8333333333333334 0.49826388888888895
vt 0.9166666666666666 0.49826388888888895
vt 0.9166666666666666 0.4149305555555556
vt 0.8333333333333334 0.4149305555555556
vt 0.8333333333333334 0.49826388888888895
vt 1 0.49826388888888895
vt 1 0.4149305555555556
vt 0.8333333333333334 0.4149305555555556
vt 0.8333333333333334 0.41666666666666663
vt 0.8333333333333334 0.5
vt 1 0.5
vt 1 0.41666666666666663
vn 0 0 -1
vn 0 0 1
vn -1 0 0
vn 0 1 0
usemtl m_7fb87acf-55f8-1827-1742-931e38f31eb3
f 36/88/22 39/87/22 37/86/22 34/85/22
f 40/92/23 35/91/23 33/90/23 38/89/23
f 39/96/24 40/95/24 38/94/24 37/93/24
f 38/100/25 33/99/25 34/98/25 37/97/25
o cube
v 1.1449924747779785 -0.4814716619269335 1.4534755793420397
v 1.1500942466025157 -0.8685437473093147 2.095853328522368
v 1.229070944109366 -0.22338320666654155 1.6083219879416457
v 1.234172715933903 -0.6104552920489227 2.250699737121974
v 0.849124908908889 -0.7975835515238485 2.1410015110145606
v 0.8440231370843517 -0.4105114661414674 1.4986237618342324
v 0.9332033782402764 -0.5394950962634565 2.2958479196141663
v 0.9281016064157392 -0.1524230108810754 1.6534701704338381
vt 0.59375 0.05208333333333348
vt 0.6458333333333334 0.05208333333333348
vt 0.6458333333333334 0
vt 0.59375 0
vt 0.59375 0
vt 0.59375 0.125
vt 0.6458333333333334 0.125
vt 0.6458333333333334 0
vt 0.59375 0.125
vt 0.6458333333333334 0.125
vt 0.6458333333333334 0.07291666666666663
vt 0.59375 0.07291666666666663
vt 0.59375 0
vt 0.59375 0.125
vt 0.6458333333333334 0.125
vt 0.6458333333333334 0
vt 0.59375 0.125
vt 0.6458333333333334 0.125
vt 0.6458333333333334 0
vt 0.59375 0
vt 0.59375 0
vt 0.6458333333333334 0
vt 0.6458333333333334 0.125
vt 0.59375 0.125
vn 0.006802362432716201 -0.516096113843175 0.8565036655737712
vn 0.963101880619604 -0.22707262651349133 -0.1444741839750162
vn -0.006802362432716201 0.516096113843175 -0.8565036655737712
vn -0.963101880619604 0.22707262651349133 0.1444741839750162
vn -0.269051101860439 -0.8258830568332524 -0.49550850751873743
vn 0.269051101860439 0.8258830568332524 0.49550850751873743
usemtl m_7fb87acf-55f8-1827-1742-931e38f31eb3
f 44/104/26 47/103/26 45/102/26 42/101/26
f 43/108/27 44/107/27 42/106/27 41/105/27
f 48/112/28 43/111/28 41/110/28 46/109/28
f 47/116/29 48/115/29 46/114/29 45/113/29
f 46/120/30 41/119/30 42/118/30 45/117/30
f 47/124/31 44/123/31 43/122/31 48/121/31
o cube
v 1.1910919895225465 -0.5199422812858358 1.4225666176476595
v 1.7786595344441976 -0.8630606438158165 1.7380569811288396
v 1.2548543227513484 -0.30646879245313513 1.535983699371772
v 1.8424218676729995 -0.6495871549831158 1.851474062852952
v 1.636973785178156 -0.9250923699145528 1.9344678092726357
v 1.0494062402565052 -0.5819740073845721 1.6189774457914556
v 1.700736118406958 -0.7116188810818522 2.047884890996748
v 1.1131685734853072 -0.36850051855187144 1.732394527515568
vt 0.8854166666666666 0.8333333333333334
vt 0.9270833333333334 0.8333333333333334
vt 0.9270833333333334 0.7916666666666666
vt 0.8854166666666666 0.7916666666666666
vt 0.8854166666666666 0.7916666666666666
vt 0.8854166666666666 0.9166666666666666
vt 0.9270833333333334 0.9166666666666666
vt 0.9270833333333334 0.7916666666666666
vt 0.8854166666666666 0.9166666666666666
vt 0.9270833333333334 0.9166666666666666
vt 0.9270833333333334 0.875
vt 0.8854166666666666 0.875
vt 0.8854166666666666 0.7916666666666666
vt 0.8854166666666666 0.9166666666666666
vt 0.9270833333333334 0.9166666666666666
vt 0.9270833333333334 0.7916666666666666
vt 0.8854166666666666 0.9166666666666666
vt 0.9270833333333334 0.9166666666666666
vt 0.9270833333333334 0.7916666666666666
vt 0.8854166666666666 0.7916666666666666
vt 0.8854166666666666 0.7916666666666666
vt 0.9270833333333334 0.7916666666666666
vt 0.9270833333333334 0.9166666666666666
vt 0.8854166666666666 0.9166666666666666
vn 0.783423393228869 -0.4574911500399747 0.42065381797490725
vn 0.5667429970641654 0.24812690439494522 -0.7856433125751846
vn -0.783423393228869 0.4574911500399747 -0.42065381797490725
vn -0.5667429970641654 -0.24812690439494522 0.7856433125751846
vn -0.25504933291520815 -0.8538939553308028 -0.45366832689645
vn 0.25504933291520815 0.8538939553308028 0.45366832689645
usemtl m_7fb87acf-55f8-1827-1742-931e38f31eb3
f 52/128/32 55/127/32 53/126/32 50/125/32
f 51/132/33 52/131/33 50/130/33 49/129/33
f 56/136/34 51/135/34 49/134/34 54/133/34
f 55/140/35 56/139/35 54/138/35 53/137/35
f 54/144/36 49/143/36 50/142/36 53/141/36
f 55/148/37 52/147/37 51/146/37 56/145/37
o cube
v 1.7241284129455308 -0.8301703375169158 1.7488835719226201
v 2.3391703453293085 -1.0265430662975539 2.1305394022211703
v 1.7390233733011276 -0.6552942499566539 1.81485890182419
v 2.3540653056849052 -0.8516669787372919 2.1965147321227403
v 2.232906033379778 -1.0730668608716063 2.277847523329018
v 1.6178641009960006 -0.8766941320909685 1.8961916930304676
v 2.2478009937353747 -0.8981907733113444 2.343822853230588
v 1.6327590613515974 -0.7018180445307065 1.9621670229320376
vt 0.9270833333333334 0.8645833333333334
vt 0.9583333333333334 0.8645833333333334
vt 0.9583333333333334 0.8333333333333333
vt 0.9270833333333334 0.8333333333333333
vt 0.9270833333333334 0.7395833333333333
vt 0.9270833333333334 0.8645833333333334
vt 0.9583333333333334 0.8645833333333334
vt 0.9583333333333334 0.7395833333333333
vt 0.9270833333333334 0.8645833333333334
vt 0.9583333333333334 0.8645833333333334
vt 0.9583333333333334 0.8333333333333334
vt 0.9270833333333334 0.8333333333333334
vt 0.9270833333333334 0.7395833333333333
vt 0.9270833333333334 0.8645833333333334
vt 0.9583333333333334 0.8645833333333334
vt 0.9583333333333334 0.7395833333333333
vt 0.9270833333333334 0.8645833333333334
vt 0.9583333333333334 0.8645833333333334
vt 0.9583333333333334 0.7395833333333333
vt 0.9270833333333334 0.7395833333333333
vt 0.9270833333333334 0.7395833333333333
vt 0.9583333333333334 0.7395833333333333
vt 0.9583333333333334 0.8645833333333334
vt 0.9270833333333334 0.8645833333333334
vn 0.8200559098450357 -0.2618303050408505 0.5088744403980667
vn 0.5667429970641605 0.24812690439494695 -0.7856433125751876
vn -0.8200559098450357 0.2618303050408505 -0.5088744403980667
vn -0.5667429970641605 -0.24812690439494695 0.7856433125751876
vn -0.07943978856318232 -0.9326724669880612 -0.35186842614170555
vn 0.07943978856318232 0.9326724669880612 0.35186842614170555
usemtl m_7fb87acf-55f8-1827-1742-931e38f31eb3
f 60/152/38 63/151/38 61/150/38 58/149/38
f 59/156/39 60/155/39 58/154/39 57/153/39
f 64/160/40 59/159/40 57/158/40 62/157/40
f 63/164/41 64/163/41 62/162/41 61/161/41
f 62/168/42 57/167/42 58/166/42 61/165/42
f 63/172/43 60/171/43 59/170/43 64/169/43
o cube
v 1.1389653573362897 -0.8416688671821353 2.0782689600964988
v 1.4024074890569973 -1.125259092868565 2.7206666773477113
v 1.2016714583482861 -0.611821998519879 2.1540209360577154
v 1.4651135900689938 -0.8954122242063086 2.7964186533089275
v 1.1768933241169874 -1.0981577673771623 2.8251122591978746
v 0.9134511923962798 -0.8145675416907329 2.1827145419466625
v 1.2395994251289837 -0.8683108987149061 2.900864235159091
v 0.9761572934082763 -0.5847206730284765 2.2584665179078787
vt 0.6458333333333334 0.25
vt 0.6875 0.25
vt 0.6875 0.20833333333333337
vt 0.6458333333333334 0.20833333333333337
vt 0.6458333333333334 0.125
vt 0.6458333333333334 0.25
vt 0.6875 0.25
vt 0.6875 0.125
vt 0.6458333333333334 0.16666666666666663
vt 0.6875 0.16666666666666663
vt 0.6875 0.125
vt 0.6458333333333334 0.125
vt 0.6458333333333334 0.125
vt 0.6458333333333334 0.25
vt 0.6875 0.25
vt 0.6875 0.125
vt 0.6458333333333334 0.25
vt 0.6875 0.25
vt 0.6875 0.125
vt 0.6458333333333334 0.125
vt 0.6458333333333334 0.125
vt 0.6875 0.125
vt 0.6875 0.25
vt 0.6458333333333334 0.25
vn 0.3512561756276107 -0.3781203009152398 0.8565302896682835
vn 0.9020566597600387 -0.10840530196560988 -0.4177823274006537
vn -0.3512561756276107 0.3781203009152398 -0.8565302896682835
vn -0.9020566597600387 0.10840530196560988 0.4177823274006537
vn -0.250824404047986 -0.919387474649026 -0.3030079038448655
vn 0.250824404047986 0.919387474649026 0.3030079038448655
usemtl m_7fb87acf-55f8-1827-1742-931e38f31eb3
f 68/176/44 71/175/44 69/174/44 66/173/44
f 67/180/45 68/179/45 66/178/45 65/177/45
f 72/184/46 67/183/46 65/182/46 70/181/46
f 71/188/47 72/187/47 70/186/47 69/185/47
f 70/192/48 65/191/48 66/190/48 69/189/48
f 71/196/49 68/195/49 67/194/49 72/193/49
o cube
v 1.1090836157039248 -0.861744825117839 2.158158201802458
v 0.7298356304890514 -1.0972294621698855 2.7608338620235466
v 1.156309593106765 -0.644613289976266 2.2727164992121622
v 0.7770616078918917 -0.8800979270283126 2.8753921594332508
v 0.5193868166449301 -1.0013521947123927 2.665866255248989
v 0.8986348018598036 -0.765867557660346 2.0631905950279004
v 0.5666127940477704 -0.7842206595708197 2.780424552658693
v 0.9458607792626439 -0.5487360225187731 2.1777488924376045
vt 0.6458333333333334 0.125
vt 0.6875 0.125
vt 0.6875 0.08333333333333337
vt 0.6458333333333334 0.08333333333333337
vt 0.6458333333333334 0
vt 0.6458333333333334 0.125
vt 0.6875 0.125
vt 0.6875 0
vt 0.6458333333333334 0.04166666666666663
vt 0.6875 0.04166666666666663
vt 0.6875 0
vt 0.6458333333333334 0
vt 0.6458333333333334 0
vt 0.6458333333333334 0.125
vt 0.6875 0.125
vt 0.6875 0
vt 0.6458333333333334 0.125
vt 0.6875 0.125
vt 0.6875 0
vt 0.6458333333333334 0
vt 0.6458333333333334 0
vt 0.6875 0
vt 0.6875 0.125
vt 0.6458333333333334 0.125
vn -0.5056639802864978 -0.31397951606939545 0.8035675469614515
vn 0.8417952553764834 -0.3835090698299711 0.37987042709822966
vn 0.5056639802864978 0.31397951606939545 -0.8035675469614515
vn -0.8417952553764834 0.3835090698299711 -0.37987042709822966
vn -0.18890390961136128 -0.8685261405662921 -0.4582331896388171
vn 0.18890390961136128 0.8685261405662921 0.4582331896388171
usemtl m_7fb87acf-55f8-1827-1742-931e38f31eb3
f 76/200/50 79/199/50 77/198/50 74/197/50
f 75/204/51 76/203/51 74/202/51 73/201/51
f 80/208/52 75/207/52 73/206/52 78/205/52
f 79/212/53 80/211/53 78/210/53 77/209/53
f 78/216/54 73/215/54 74/214/54 77/213/54
f 79/220/55 76/219/55 75/218/55 80/217/55
o cube
v 1.3879482841326924 -1.1005066041423246 2.747933785962487
v 1.7071825869570803 -1.0990051435361188 3.426599539862205
v 1.406247387894651 -0.9141198216296691 2.7389138022546824
v 1.7254816907190391 -0.9126183610234635 3.4175795561544007
v 1.538505427728946 -1.078607192521789 3.5058976454457804
v 1.219271124904558 -1.0801086531279949 2.8272318915460617
v 1.5568045314909047 -0.8922204100091338 3.496877661737976
v 1.237570228666517 -0.8937218706153394 2.8182119078382573
vt 0.65625 0.375
vt 0.6875 0.375
vt 0.6875 0.3437500000000001
vt 0.65625 0.3437500000000001
vt 0.65625 0.25
vt 0.65625 0.375
vt 0.6875 0.375
vt 0.6875 0.25
vt 0.65625 0.28125
vt 0.6875 0.28125
vt 0.6875 0.25
vt 0.65625 0.25
vt 0.65625 0.25
vt 0.65625 0.375
vt 0.6875 0.375
vt 0.6875 0.25
vt 0.65625 0.375
vt 0.6875 0.375
vt 0.6875 0.25
vt 0.65625 0.25
vt 0.65625 0.25
vt 0.6875 0.25
vt 0.6875 0.375
vt 0.65625 0.375
vn 0.4256457370991846 0.0020019474749410006 0.9048876718662929
vn 0.899611515883381 -0.10878907207642496 -0.4229232297790655
vn -0.4256457370991846 -0.0020019474749410006 -0.9048876718662929
vn -0.899611515883381 0.10878907207642496 0.4229232297790655
vn -0.09759522006378041 -0.9940628400674971 0.04810657977495678
vn 0.09759522006378041 0.9940628400674971 -0.04810657977495678
usemtl m_7fb87acf-55f8-1827-1742-931e38f31eb3
f 84/224/56 87/223/56 85/222/56 82/221/56
f 83/228/57 84/227/57 82/226/57 81/225/57
f 88/232/58 83/231/58 81/230/58 86/229/58
f 87/236/59 88/235/59 86/234/59 85/233/59
f 86/240/60 81/239/60 82/238/60 85/237/60
f 87/244/61 84/243/61 83/242/61 88/241/61
o cube
v 0.7270063814210157 -1.055076727201785 2.710942125189443
v 0.397349905060183 -1.1139440900637054 3.3820317177052566
v 0.7857581252024689 -0.8825400318559757 2.754937254031008
v 0.4561016488416363 -0.9414073947178963 3.426026846546822
v 0.2395132946770926 -1.0420361394705848 3.3108060126243384
v 0.5691697710379253 -0.9831687766086644 2.639716420108525
v 0.2982650384585459 -0.8694994441247759 3.354801141465904
v 0.6279215148193786 -0.8106320812628554 2.68371154895009
vt 0.9270833333333334 0.8958333333333334
vt 0.9583333333333334 0.8958333333333334
vt 0.9583333333333334 0.8645833333333334
vt 0.9270833333333334 0.8645833333333334
vt 0.9270833333333334 0.8645833333333334
vt 0.9270833333333334 0.9895833333333334
vt 0.9583333333333334 0.9895833333333334
vt 0.9583333333333334 0.8645833333333334
vt 0.9270833333333334 0.9895833333333334
vt 0.9583333333333334 0.9895833333333334
vt 0.9583333333333334 0.9583333333333334
vt 0.9270833333333334 0.9583333333333334
vt 0.9270833333333334 0.8645833333333334
vt 0.9270833333333334 0.9895833333333334
vt 0.9583333333333334 0.9895833333333334
vt 0.9583333333333334 0.8645833333333334
vt 0.9270833333333334 0.9895833333333334
vt 0.9583333333333334 0.9895833333333334
vt 0.9583333333333334 0.8645833333333334
vt 0.9270833333333334 0.8645833333333334
vt 0.9270833333333334 0.8645833333333334
vt 0.9583333333333334 0.8645833333333334
vt 0.9583333333333334 0.9895833333333334
vt 0.9270833333333334 0.9895833333333334
vn -0.43954196848111116 -0.0784898171492275 0.8947861233544198
vn 0.8417952553764814 -0.38350906982997557 0.37987042709823005
vn 0.43954196848111116 0.0784898171492275 -0.8947861233544198
vn -0.8417952553764814 0.38350906982997557 -0.37987042709823005
vn -0.3133426335010843 -0.9201957085109819 -0.23464068715501463
vn 0.3133426335010843 0.9201957085109819 0.23464068715501463
usemtl m_7fb87acf-55f8-1827-1742-931e38f31eb3
f 92/248/62 95/247/62 93/246/62 90/245/62
f 91/252/63 92/251/63 90/250/63 89/249/63
f 96/256/64 91/255/64 89/254/64 94/253/64
f 95/260/65 96/259/65 94/258/65 93/257/65
f 94/264/66 89/263/66 90/262/66 93/261/66
f 95/268/67 92/267/67 91/266/67 96/265/67
o cube
v -1.880141119170674 0.09388071982608888 1.8930386328376232
v -2.62928788905699 0.05811921961186087 1.8935205781936961
v -1.8890697067187423 0.28102060433880705 1.9004678958537613
v -2.6382164766050584 0.24525910412457902 1.9009498412098345
v -2.6297623861092836 0.06553429334502192 1.7061678586135434
v -1.8806156162229675 0.10129579355924993 1.7056859132574704
v -2.6386909736573516 0.2526741778577401 1.7135971216296817
v -1.889544203771036 0.2884356780719681 1.7131151762736088
vt 1 0.625
vt 0.96875 0.625
vt 0.96875 0.59375
vt 1 0.59375
vt 0.96875 0.625
vt 0.96875 0.5
vt 1 0.5
vt 1 0.625
vt 1 0.53125
vt 0.96875 0.53125
vt 0.96875 0.5
vt 1 0.5
vt 0.96875 0.625
vt 0.96875 0.5
vt 1 0.5
vt 1 0.625
vt 1 0.625
vt 0.96875 0.625
vt 0.96875 0.5
vt 1 0.5
vt 1 0.5
vt 0.96875 0.5
vt 0.96875 0.625
vt 1 0.625
vn -0.9988623598484219 -0.04768200028563736 0.0006425938080973087
vn 0.002530650945565325 -0.03954705991019217 0.9992145044274786
vn 0.9988623598484219 0.04768200028563736 -0.0006425938080973087
vn -0.002530650945565325 0.03954705991019217 -0.9992145044274786
vn 0.0476191335896973 -0.9980793840678306 -0.03962273608607076
vn -0.0476191335896973 0.9980793840678306 0.03962273608607076
usemtl m_7fb87acf-55f8-1827-1742-931e38f31eb3
f 100/272/68 103/271/68 101/270/68 98/269/68
f 99/276/69 100/275/69 98/274/69 97/273/69
f 104/280/70 99/279/70 97/278/70 102/277/70
f 103/284/71 104/283/71 102/282/71 101/281/71
f 102/288/72 97/287/72 98/286/72 101/285/72
f 103/292/73 100/291/73 99/290/73 104/289/73
o cube
v -1.176702128644998 0.11765639742676198 1.7788077074085717
v -1.9118783798676144 0.04467445215431742 1.9079956143600716
v -1.1993177496637115 0.36635180378367627 1.7906029837049153
v -1.9344940008863283 0.29336985851123165 1.9197908906564152
v -1.9558640881673952 0.052341041842137254 1.6620149629504022
v -1.2206878369447787 0.12532298711458184 1.5328270559989023
v -1.978479709186109 0.3010364481990515 1.6738102392467458
v -1.2433034579634925 0.3740183934714961 1.544622332295246
vt 0.9270833333333334 0.5416666666666667
vt 0.96875 0.5416666666666667
vt 0.96875 0.5
vt 0.9270833333333334 0.5
vt 0.9270833333333334 0.5
vt 0.9270833333333334 0.625
vt 0.96875 0.625
vt 0.96875 0.5
vt 0.9270833333333334 0.625
vt 0.96875 0.625
vt 0.96875 0.5833333333333333
vt 0.9270833333333334 0.5833333333333333
vt 0.9270833333333334 0.5
vt 0.9270833333333334 0.625
vt 0.96875 0.625
vt 0.96875 0.5
vt 0.9270833333333334 0.625
vt 0.96875 0.625
vt 0.96875 0.5
vt 0.9270833333333334 0.5
vt 0.9270833333333334 0.5
vt 0.96875 0.5
vt 0.96875 0.625
vt 0.9270833333333334 0.625
vn -0.9802350016301562 -0.09730926036325949 0.17225054260199998
vn 0.17594283319912354 -0.030666358751279377 0.983922605638677
vn 0.9802350016301562 0.09730926036325949 -0.17225054260199998
vn -0.17594283319912354 0.030666358751279377 -0.983922605638677
vn 0.09046248407485522 -0.994781625427658 -0.04718110518537433
vn -0.09046248407485522 0.994781625427658 0.04718110518537433
usemtl m_7fb87acf-55f8-1827-1742-931e38f31eb3
f 108/296/74 111/295/74 109/294/74 106/293/74
f 107/300/75 108/299/75 106/298/75 105/297/75
f 112/304/76 107/303/76 105/302/76 110/301/76
f 111/308/77 112/307/77 110/306/77 109/305/77
f 110/312/78 105/311/78 106/310/78 109/309/78
f 111/316/79 108/315/79 107/314/79 112/313/79
o cube
v -1.1405414693751728 0.21763479880603775 1.8476093639246987
v -1.3355428284904043 -0.34116291243058816 2.197431944470781
v -1.2454866332160277 0.3632158212357548 2.0216572840350358
v -1.4404879923312595 -0.19558189000087117 2.3714798645811177
v -1.5510848042693892 -0.34519579542396184 2.0708405050601595
v -1.3560834451541575 0.21360191581266413 1.721017924514077
v -1.6560299681102442 -0.1996147729942448 2.2448884251704966
v -1.4610286089950124 0.3591829382423811 1.8950658446244142
vt 0.9270833333333334 0.6666666666666667
vt 0.96875 0.6666666666666667
vt 0.96875 0.625
vt 0.9270833333333334 0.625
vt 0.9270833333333334 0.625
vt 0.9270833333333334 0.7395833333333333
vt 0.96875 0.7395833333333333
vt 0.96875 0.625
vt 0.9270833333333334 0.7395833333333333
vt 0.96875 0.7395833333333333
vt 0.96875 0.6979166666666667
vt 0.9270833333333334 0.6979166666666667
vt 0.9270833333333334 0.625
vt 0.9270833333333334 0.7395833333333333
vt 0.96875 0.7395833333333333
vt 0.96875 0.625
vt 0.9270833333333334 0.7395833333333333
vt 0.96875 0.7395833333333333
vt 0.96875 0.625
vt 0.9270833333333334 0.625
vt 0.9270833333333334 0.625
vt 0.96875 0.625
vt 0.96875 0.7395833333333333
vt 0.9270833333333334 0.7395833333333333
vn -0.28363834053124604 -0.8127966708896385 0.5088328444306653
vn 0.8621679031159407 0.01613153197349452 0.5063657576424874
vn 0.28363834053124604 0.8127966708896385 -0.5088328444306653
vn -0.8621679031159407 -0.01613153197349452 -0.5063657576424874
vn 0.41978065536342046 -0.5823240897188688 -0.696191680441348
vn -0.41978065536342046 0.5823240897188688 0.696191680441348
usemtl m_7fb87acf-55f8-1827-1742-931e38f31eb3
f 116/320/80 119/319/80 117/318/80 114/317/80
f 115/324/81 116/323/81 114/322/81 113/321/81
f 120/328/82 115/327/82 113/326/82 118/325/82
f 119/332/83 120/331/83 118/330/83 117/329/83
f 118/336/84 113/335/84 114/334/84 117/333/84
f 119/340/85 116/339/85 115/338/85 120/337/85
o cube
v 0.08477691781801294 0.5287133860482436 0.7636253953324427
v -0.7162935860934921 0.00044055887236355007 1.564695846560404
v -0.06464120154704683 0.9818672795665673 0.9130435146975063
v -0.8657117054585519 0.4535944523906873 1.7141139659254674
v -1.0698469671372657 0.0004405651698669022 1.2111424464176297
v -0.26877646322576054 0.5287133923457469 0.4100719951896685
v -1.2192650865023253 0.4535944586881907 1.3605605657826934
v -0.41819458259082026 0.9818672858640707 0.5594901145547322
vt 0.6875 0.41666666666666663
vt 0.7708333333333334 0.41666666666666663
vt 0.7708333333333334 0.33333333333333337
vt 0.6875 0.33333333333333337
vt 0.6875 0.20833333333333337
vt 0.6875 0.41666666666666663
vt 0.7708333333333334 0.41666666666666663
vt 0.7708333333333334 0.20833333333333337
vt 0.6875 0.29166666666666663
vt 0.7708333333333334 0.29166666666666663
vt 0.7708333333333334 0.20833333333333337
vt 0.6875 0.20833333333333337
vt 0.6875 0.20833333333333337
vt 0.6875 0.41666666666666663
vt 0.7708333333333334 0.41666666666666663
vt 0.7708333333333334 0.20833333333333337
vt 0.6875 0.41666666666666663
vt 0.7708333333333334 0.41666666666666663
vt 0.7708333333333334 0.20833333333333337
vt 0.6875 0.20833333333333337
vt 0.6875 0.20833333333333337
vt 0.7708333333333334 0.20833333333333337
vt 0.7708333333333334 0.41666666666666663
vt 0.6875 0.41666666666666663
vn -0.6408564031292041 -0.4226182617407042 0.6408563609823691
vn 0.7071067620875464 -1.2595006732007974e-8 0.707106800285548
vn 0.6408564031292041 0.4226182617407042 -0.6408563609823691
vn -0.7071067620875464 1.2595006732007974e-8 -0.707106800285548
vn 0.29883623873011933 -0.9063077870366477 -0.29883623873012727
vn -0.29883623873011933 0.9063077870366477 0.29883623873012727
usemtl m_7fb87acf-55f8-1827-1742-931e38f31eb3
f 124/344/86 127/343/86 125/342/86 122/341/86
f 123/348/87 124/347/87 122/346/87 121/345/87
f 128/352/88 123/351/88 121/350/88 126/349/88
f 127/356/89 128/355/89 126/354/89 125/353/89
f 126/360/90 121/359/90 122/358/90 125/357/90
f 127/364/91 124/363/91 123/362/91 128/361/91
o cube
v 0.00009512492165431041 0.625 1.1915345618894546
v 1.0000951249216543 0.625 1.1915345618894548
v 0.00009512492165431041 -0.375 1.1915345618894546
v 1.0000951249216543 -0.375 1.1915345618894548
v 1.0000951249216545 0.625 1.0040345618894548
v 0.00009512492165453246 0.625 1.0040345618894546
v 1.0000951249216545 -0.375 1.0040345618894548
v 0.00009512492165453246 -0.375 1.0040345618894546
vt 0.34375 0.16666666666666663
vt 0.375 0.16666666666666663
vt 0.375 0
vt 0.34375 0
vt 0.34375 0.16666666666666663
vt 0.5104166666666666 0.16666666666666663
vt 0.5104166666666666 0
vt 0.34375 0
vt 0.4791666666666667 0.16666666666666663
vt 0.5104166666666666 0.16666666666666663
vt 0.5104166666666666 0
vt 0.4791666666666667 0
vt 0.4791666666666667 0.16666666666666663
vt 0.5104166666666666 0.16666666666666663
vt 0.5104166666666666 0
vt 0.4791666666666667 0
vt 0.34375 0
vt 0.375 0
vt 0.375 0.16666666666666663
vt 0.34375 0.16666666666666663
vn 1 0 3.4450928483976665e-16
vn -3.4450928483976665e-16 0 1
vn -1 0 -3.4450928483976665e-16
vn 0 1 0
vn 0 -1 0
usemtl m_7fb87acf-55f8-1827-1742-931e38f31eb3
f 132/368/92 135/367/92 133/366/92 130/365/92
f 131/372/93 132/371/93 130/370/93 129/369/93
f 136/376/94 131/375/94 129/374/94 134/373/94
f 134/380/95 129/379/95 130/378/95 133/377/95
f 135/384/96 132/383/96 131/382/96 136/381/96
o cube
v -0.7477494575293201 0.05655456323496988 1.5041501765687362
v -1.2591262360822468 -0.0027940415576082622 2.049559686447327
v -0.7720153515176864 0.4303392397516369 1.5220717275695752
v -1.283392130070613 0.3709906349590588 2.067481237448166
v -1.532365351104516 -0.008220953996914526 1.7927797521782662
v -1.0209885725515895 0.051127650795663615 1.2473702422996755
v -1.5566312450928825 0.36556372251975255 1.8107013031791053
v -1.0452544665399557 0.42491232731233064 1.2652917933005146
vt 0.8645833333333334 0.625
vt 0.9270833333333334 0.625
vt 0.9270833333333334 0.5625
vt 0.8645833333333334 0.5625
vt 0.8645833333333334 0.5
vt 0.8645833333333334 0.625
vt 0.9270833333333334 0.625
vt 0.9270833333333334 0.5
vt 0.8645833333333334 0.5625
vt 0.9270833333333334 0.5625
vt 0.9270833333333334 0.5
vt 0.8645833333333334 0.5
vt 0.8645833333333334 0.5
vt 0.8645833333333334 0.625
vt 0.9270833333333334 0.625
vt 0.9270833333333334 0.5
vt 0.8645833333333334 0.625
vt 0.9270833333333334 0.625
vt 0.9270833333333334 0.5
vt 0.8645833333333334 0.5
vt 0.8645833333333334 0.5
vt 0.9270833333333334 0.5
vt 0.9270833333333334 0.625
vt 0.8645833333333334 0.625
vn -0.6818357047372361 -0.07913147305677086 0.7272126798381214
vn 0.7286376400593854 0.014471766504816748 0.6847464913841618
vn 0.6818357047372361 0.07913147305677086 -0.7272126798381214
vn -0.7286376400593854 -0.014471766504816748 -0.6847464913841618
vn 0.06470905063564353 -0.9967591373777798 -0.04779080266890393
vn -0.06470905063564353 0.9967591373777798 0.04779080266890393
usemtl m_7fb87acf-55f8-1827-1742-931e38f31eb3
f 140/388/97 143/387/97 141/386/97 138/385/97
f 139/392/98 140/391/98 138/390/98 137/389/98
f 144/396/99 139/395/99 137/394/99 142/393/99
f 143/400/100 144/399/100 142/398/100 141/397/100
f 142/404/101 137/403/101 138/402/101 141/401/101
f 143/408/102 140/407/102 139/406/102 144/405/102
o cube
v -1.3531262511405573 -0.18299510382696052 2.160617396598165
v -1.347328312106616 -0.8703654624557937 2.1726433677201413
v -1.448104835622124 -0.18096805059601132 2.322268903071432
v -1.4423068965881827 -0.8683384092248445 2.334294874193408
v -1.5089847939408543 -0.873390124700824 2.077699788162175
v -1.5147827329747958 -0.18601976607199078 2.065673817040199
v -1.603963378422421 -0.8713630714698748 2.2393512946354424
v -1.6097613174563623 -0.18399271284104157 2.227325323513466
vt 0.96875 0.7395833333333333
vt 1 0.7395833333333333
vt 1 0.7083333333333334
vt 0.96875 0.7083333333333334
vt 0.96875 0.625
vt 0.96875 0.7395833333333333
vt 1 0.7395833333333333
vt 1 0.625
vt 0.96875 0.65625
vt 1 0.65625
vt 1 0.625
vt 0.96875 0.625
vt 0.96875 0.625
vt 0.96875 0.7395833333333333
vt 1 0.7395833333333333
vt 1 0.625
vt 0.96875 0.7395833333333333
vt 1 0.7395833333333333
vt 1 0.625
vt 0.96875 0.625
vt 0.96875 0.625
vt 1 0.625
vt 1 0.7395833333333333
vt 0.96875 0.7395833333333333
vn 0.008433365867551161 -0.9998114307328497 0.01749232163196547
vn 0.8621679031159403 0.01613153197349465 0.506365757642488
vn -0.008433365867551161 0.9998114307328497 -0.01749232163196547
vn -0.8621679031159403 -0.01613153197349465 -0.506365757642488
vn 0.5065524505683561 -0.010810950565062623 -0.8621413678574257
vn -0.5065524505683561 0.010810950565062623 0.8621413678574257
usemtl m_7fb87acf-55f8-1827-1742-931e38f31eb3
f 148/412/103 151/411/103 149/410/103 146/409/103
f 147/416/104 148/415/104 146/414/104 145/413/104
f 152/420/105 147/419/105 145/418/105 150/417/105
f 151/424/106 152/423/106 150/422/106 149/421/106
f 150/428/107 145/427/107 146/426/107 149/425/107
f 151/432/108 148/431/108 147/430/108 152/429/108
o cube
v 1.4173777634576723 0.3180950986064002 -0.7819665101847916
v 0.7765213814018834 0.7407133603470997 -0.14111012812900325
v 1.2679596440926122 -0.13505879491192474 -0.6325483908197318
v 0.6271032620368233 0.2875594668287747 0.008307991236056578
v 1.1300747719951572 0.7407133603470997 0.2124432624642706
v 1.7709311540509458 0.3180950986064002 -0.4284131195915177
v 0.980656652630097 0.28755946682877465 0.3618613818293305
v 1.621513034685886 -0.13505879491192485 -0.27899500022645785
vt 0.6875 0.5833333333333333
vt 0.7708333333333334 0.5833333333333333
vt 0.7708333333333334 0.5
vt 0.6875 0.5
vt 0.6875 0.41666666666666663
vt 0.6875 0.5833333333333333
vt 0.7708333333333334 0.5833333333333333
vt 0.7708333333333334 0.41666666666666663
vt 0.6875 0.5
vt 0.7708333333333334 0.5
vt 0.7708333333333334 0.41666666666666663
vt 0.6875 0.41666666666666663
vt 0.6875 0.41666666666666663
vt 0.6875 0.5833333333333333
vt 0.7708333333333334 0.5833333333333333
vt 0.7708333333333334 0.41666666666666663
vt 0.6875 0.5833333333333333
vt 0.7708333333333334 0.5833333333333333
vt 0.7708333333333334 0.41666666666666663
vt 0.6875 0.41666666666666663
vt 0.6875 0.41666666666666663
vt 0.7708333333333334 0.41666666666666663
vt 0.7708333333333334 0.5833333333333333
vt 0.6875 0.5833333333333333
vn -0.6408563820557888 0.42261826174069955 0.6408563820557884
vn -0.7071067811865474 8.326672684688674e-17 -0.7071067811865478
vn 0.6408563820557888 -0.42261826174069955 -0.6408563820557884
vn 0.7071067811865474 -8.326672684688674e-17 0.7071067811865478
vn 0.29883623873012005 0.90630778703665 -0.2988362387301197
vn -0.29883623873012005 -0.90630778703665 0.2988362387301197
usemtl m_7fb87acf-55f8-1827-1742-931e38f31eb3
f 156/436/109 159/435/109 157/434/109 154/433/109
f 155/440/110 156/439/110 154/438/110 153/437/110
f 160/444/111 155/443/111 153/442/111 158/441/111
f 159/448/112 160/447/112 158/446/112 157/445/112
f 158/452/113 153/451/113 154/450/113 157/449/113
f 159/456/114 156/455/114 155/454/114 160/453/114
o cube
v 1.0847665481168975 -0.18198612397857375 -1.180131959585384
v 1.084766533215736 0.4608014857079591 -0.4140875164664066
v 1.0847665481168975 -0.37349723475831886 -1.0194350571637503
v 1.084766533215736 0.26929037492821395 -0.2533906140447727
v 1.334766533215736 0.4608014881025295 -0.4140875136126686
v 1.3347665481168975 -0.1819861215840033 -1.1801319567316462
v 1.334766533215736 0.26929037732278444 -0.2533906111910347
v 1.3347665481168975 -0.37349723236374843 -1.0194350543100121
vt 0.3020833333333333 0.33333333333333337
vt 0.34374999999999994 0.33333333333333337
vt 0.34374999999999994 0.29166666666666663
vt 0.3020833333333333 0.29166666666666663
vt 0.3020833333333333 0.16666666666666663
vt 0.3020833333333333 0.33333333333333337
vt 0.34375 0.33333333333333337
vt 0.34375 0.16666666666666663
vt 0.3020833333333333 0.20833333333333337
vt 0.34375 0.20833333333333337
vt 0.34375 0.16666666666666663
vt 0.3020833333333333 0.16666666666666663
vt 0.3020833333333333 0.16666666666666663
vt 0.3020833333333333 0.33333333333333337
vt 0.34375 0.33333333333333337
vt 0.34375 0.16666666666666663
vt 0.3020833333333333 0.33333333333333337
vt 0.34375 0.33333333333333337
vt 0.34375 0.16666666666666663
vt 0.3020833333333333 0.16666666666666663
vt 0.3020833333333333 0.16666666666666663
vt 0.34375 0.16666666666666663
vt 0.34375 0.33333333333333337
vt 0.3020833333333333 0.33333333333333337
vn -1.490116150579176e-8 0.6427876096865357 0.7660444431189809
vn -1 -9.578281928074621e-9 -1.1414952120707838e-8
vn 1.490116150579176e-8 -0.6427876096865357 -0.7660444431189809
vn 1 9.578281928074621e-9 1.1414952120707838e-8
vn 1.9779162717876535e-16 0.7660444431189811 -0.6427876096865359
vn -1.9779162717876535e-16 -0.7660444431189811 0.6427876096865359
usemtl m_7fb87acf-55f8-1827-1742-931e38f31eb3
f 164/460/115 167/459/115 165/458/115 162/457/115
f 163/464/116 164/463/116 162/462/116 161/461/116
f 168/468/117 163/467/117 161/466/117 166/465/117
f 167/472/118 168/471/118 166/470/118 165/469/118
f 166/476/119 161/475/119 162/474/119 165/473/119
f 167/480/120 164/479/120 163/478/120 168/477/120
o cube
v 0.8993371462463573 0.3585717089037013 0.9487644457016392
v 1.1337121224174833 -0.4533271071442081 1.3547138674832035
v 1.061716907775268 0.5460717089037022 1.2300144466719747
v 1.296091883946394 -0.2658271071442073 1.6359638684535391
v 0.8089525924064619 -0.45332709858299425 1.5422138612619243
v 0.5745776162353358 0.35857171746491523 1.13626443948036
v 0.9713323539353724 -0.26582709858299347 1.8234638622322599
v 0.7369573777642463 0.5460717174649159 1.4175144404506956
vt 0.7708333333333334 0.32291666666666663
vt 0.8333333333333334 0.32291666666666663
vt 0.8333333333333334 0.26041666666666663
vt 0.7708333333333334 0.26041666666666663
vt 0.7708333333333334 0.16666666666666663
vt 0.7708333333333334 0.32291666666666663
vt 0.8333333333333334 0.32291666666666663
vt 0.8333333333333334 0.16666666666666663
vt 0.7708333333333334 0.22916666666666663
vt 0.8333333333333334 0.22916666666666663
vt 0.8333333333333334 0.16666666666666663
vt 0.7708333333333334 0.16666666666666663
vt 0.7708333333333334 0.16666666666666663
vt 0.7708333333333334 0.32291666666666663
vt 0.8333333333333334 0.32291666666666663
vt 0.8333333333333334 0.16666666666666663
vt 0.7708333333333334 0.32291666666666663
vt 0.8333333333333334 0.32291666666666663
vt 0.8333333333333334 0.16666666666666663
vt 0.7708333333333334 0.16666666666666663
vt 0.7708333333333334 0.16666666666666663
vt 0.8333333333333334 0.16666666666666663
vt 0.8333333333333334 0.32291666666666663
vt 0.7708333333333334 0.32291666666666663
vn 0.24999997458253437 -0.8660254037844372 0.4330127165670021
vn 0.8660254133627239 -2.2829903495447106e-8 -0.49999998340992236
vn -0.24999997458253437 0.8660254037844372 -0.4330127165670021
vn -0.8660254133627239 2.2829903495447106e-8 0.49999998340992236
vn -0.43301269741042836 -0.5000000000000023 -0.7500000025875616
vn 0.43301269741042836 0.5000000000000023 0.7500000025875616
usemtl m_7fb87acf-55f8-1827-1742-931e38f31eb3
f 172/484/121 175/483/121 173/482/121 170/481/121
f 171/488/122 172/487/122 170/486/122 169/485/122
f 176/492/123 171/491/123 169/490/123 174/489/123
f 175/496/124 176/495/124 174/494/124 173/493/124
f 174/500/125 169/499/125 170/498/125 173/497/125
f 175/504/126 172/503/126 171/502/126 176/501/126
o cube
v 2.0574039589737545 0.14922066940057832 -1.3336043511590492
v 1.356346565437201 0.2797468616206236 -0.6325469753956461
v 2.022792977731299 -0.22257115361460067 -1.2989933656705652
v 1.321735584194745 -0.09204496139455537 -0.5979359899071621
v 1.621511605355309 0.2797468652124793 -0.3673819294238436
v 2.322568998891863 0.14922067299243402 -1.0684393051872467
v 1.5869006241128532 -0.09204495780269972 -0.33277094393535966
v 2.287958017649407 -0.22257115002274502 -1.0338283196987628
vt 0.7708333333333334 0.48958333333333337
vt 0.8333333333333334 0.48958333333333337
vt 0.8333333333333334 0.42708333333333337
vt 0.7708333333333334 0.42708333333333337
vt 0.7708333333333334 0.32291666666666663
vt 0.7708333333333334 0.48958333333333337
vt 0.8333333333333334 0.48958333333333337
vt 0.8333333333333334 0.32291666666666663
vt 0.7708333333333334 0.38541666666666663
vt 0.8333333333333334 0.38541666666666663
vt 0.8333333333333334 0.32291666666666663
vt 0.7708333333333334 0.32291666666666663
vt 0.7708333333333334 0.32291666666666663
vt 0.7708333333333334 0.48958333333333337
vt 0.8333333333333334 0.48958333333333337
vt 0.8333333333333334 0.32291666666666663
vt 0.7708333333333334 0.48958333333333337
vt 0.8333333333333334 0.48958333333333337
vt 0.8333333333333334 0.32291666666666663
vt 0.7708333333333334 0.32291666666666663
vt 0.7708333333333334 0.32291666666666663
vt 0.8333333333333334 0.32291666666666663
vt 0.8333333333333334 0.48958333333333337
vt 0.7708333333333334 0.48958333333333337
vn -0.7010573935365539 0.1305261922200453 0.701057375763403
vn -0.7071067731149551 -9.578281737199212e-9 -0.7071067892581399
vn 0.7010573935365539 -0.1305261922200453 -0.701057375763403
