# Made in Blockbench 4.8.1
mtllib spruce_twig_branch_up_9.mtl

o cube
v -0.4688056877781166 -0.0289124891474448 0.59636482052276
v -0.5945825410689687 0.059911569803377626 0.5502807372682592
v -0.4212262413175442 -0.04094562157845103 0.4433136101385914
v 0.21855932983096693 0.4570986105669179 0.7722609717647908
v 0.06890824207262503 0.5586446462139285 0.7177548179643141
v 0.11672678122897928 0.5465510457807564 0.563934506020426
v 0.2663778689873211 0.4450050101337458 0.6184406598209028
v -0.5470030946083964 0.047878437372371394 0.3972295268840907
vt 0.39519218749999996 0.4747041666666667
vt 0.375 0.4747041666666667
vt 0.375 0.4432229166666667
vt 0.39519218749999996 0.4432229166666667
vt 0.37175468749999996 0.3392875000000001
vt 0.3515625 0.3392875000000001
vt 0.35161328125 0.19595208333333336
vt 0.37170390625000005 0.19595208333333336
vt 0.37946562500000003 0.05208333333333337
vt 0.37946562500000003 0.07887083333333333
vt 0.359375 0.07887083333333333
vt 0.359375 0.05208333333333337
vt 0.40294366683175575 0.7686759243157758
vt 0.4035322863409275 0.9098003006974322
vt 0.3846323503762276 0.9007149767806113
vt 0.3808806298798622 0.7574680189397759
vt 0.3934343225404352 0.7554904065847097
vt 0.3713923870007293 0.7667718816730591
vt 0.3748752836910925 0.6235128560612826
vt 0.3937585314250214 0.6143636300210866
vt 0.3359375 0.7976208333333333
vt 0.3359375 0.6564937337578372
vt 0.35602812268779205 0.6564808819598154
vt 0.3561296851761033 0.7976079165666637
vn 0.5335333069378692 0.8398668510826973 0.09982926845557735
vn 0.5228209509310368 -0.8216270070671122 0.22712840977188675
vn -0.5477109156673362 -0.8300518019917491 -0.10500837523311399
vn -0.29630406836835355 0.07444507703758663 0.9521879171535576
vn 0.295753950227856 -0.07529472725648349 -0.9522921321590296
vn -0.5460533813705595 0.8046910914064708 -0.23301920973353576
usemtl m_890a103a-2c95-a057-8483-4c3958a0f191
f 6/1/1 5/2/1 4/3/1 7/4/1
f 7/5/2 4/6/2 1/7/2 3/8/2
f 1/9/3 2/10/3 8/11/3 3/12/3
f 5/13/4 2/14/4 1/15/4 4/16/4
f 6/17/5 7/18/5 3/19/5 8/20/5
f 6/21/6 8/22/6 2/23/6 5/24/6
o cube
v 0.9694670232946614 1.1225880871474891 0.940755638684291
v 1.010170582578573 1.1122939092721826 0.8098224489901091
v 1.0374821573041277 1.003782841154799 0.9712403491190447
v 1.078185716588039 0.9934886632794924 0.8403071594248628
v 0.1193671501948157 0.5427477185677121 0.5776745833799919
v 0.07866359091090414 0.5530418964430188 0.7086077730741738
v 0.18738228420428182 0.4239424725750218 0.6081592938147458
v 0.14667872492037037 0.43423665045032855 0.7390924835089276
vt 0.34375 0.3776208333333342
vt 0.34375 0.5580375
vt 0.36128125 0.5580375
vt 0.36128125 0.3776208333333342
vt 0.34375 0.5351208333333333
vt 0.34375 0.5580375
vt 0.36128125 0.5580375
vt 0.36128125 0.5351208333333333
vt 0.3828125 0.3776208333333342
vt 0.3828125 0.5580375
vt 0.40034375 0.5580375
vt 0.40034375 0.3776208333333342
vt 0.34375 0.5351208333333333
vt 0.34375 0.5580375
vt 0.36128125 0.5580375
vt 0.36128125 0.5351208333333333
vt 0.34375 0.3776208333333342
vt 0.34375 0.5580375
vt 0.3609375 0.5580375
vt 0.3609375 0.3776208333333342
vt 0.34375 0.3776208333333342
vt 0.34375 0.5580375
vt 0.3609375 0.5580375
vt 0.3609375 0.3776208333333342
vn 0.2960258857011746 -0.07486674818404902 -0.952241379594051
vn 0.8229131015092483 0.5261396680872731 0.21445530310403527
vn -0.2960258857011746 0.07486674818404902 0.952241379594051
vn -0.8229131015092483 -0.5261396680872731 -0.21445530310403527
vn -0.48495639222435716 0.8470962281118719 -0.21735978919610474
vn 0.48495639222435716 -0.8470962281118719 0.21735978919610474
usemtl m_890a103a-2c95-a057-8483-4c3958a0f191
f 12/28/7 15/27/7 13/26/7 10/25/7
f 11/32/8 12/31/8 10/30/8 9/29/8
f 16/36/9 11/35/9 9/34/9 14/33/9
f 15/40/10 16/39/10 14/38/10 13/37/10
f 14/44/11 9/43/11 10/42/11 13/41/11
f 15/48/12 12/47/12 11/46/12 16/45/12
o cube
v 1.6884715655868412 1.3537681996726796 1.1258833352571695
v 1.7177781282712576 1.3463563916024588 1.0316114386773585
v 1.718506100932732 1.2551472777405746 1.1429739889549726
v 1.747812663617148 1.2477354696703538 1.0487020923751615
v 1.016374853566932 1.0983397359188916 0.8330637498527658
v 0.9870682908825157 1.1057515439891124 0.9273356464325766
v 1.0464093889128225 0.9997188139867865 0.8501544035505688
v 1.0171028262284063 1.0071306220570073 0.9444263001303796
vt 0.375 0.7630375
vt 0.375 0.8913708333333333
vt 0.3880625000000001 0.8913708333333333
vt 0.3880625000000001 0.7630375
vt 0.375 0.8748708333333334
vt 0.375 0.8913708333333333
vt 0.3880625000000001 0.8913708333333333
vt 0.3880625000000001 0.8748708333333334
vt 0.3359375 0.7630375
vt 0.3359375 0.8913708333333333
vt 0.3490000000000001 0.8913708333333333
vt 0.3490000000000001 0.7630375
vt 0.375 0.8748708333333334
vt 0.375 0.8913708333333333
vt 0.3880625000000001 0.8913708333333333
vt 0.3880625000000001 0.8748708333333334
vt 0.375 0.7630375
vt 0.375 0.8913708333333333
vt 0.387375 0.8913708333333333
vt 0.387375 0.7630375
vt 0.40625 0.7630375
vt 0.40625 0.8913708333333333
vt 0.418625 0.8913708333333333
vt 0.418625 0.7630375
vn 0.2960258857011746 -0.07486674818404901 -0.952241379594051
vn 0.9109133437718513 0.32209955283580155 0.2578541413306401
vn -0.2960258857011746 0.07486674818404901 0.952241379594051
vn -0.9109133437718513 -0.32209955283580155 -0.2578541413306401
vn -0.28741182149177535 0.9437408797330562 -0.16354692533782772
vn 0.28741182149177535 -0.9437408797330562 0.16354692533782772
usemtl m_890a103a-2c95-a057-8483-4c3958a0f191
f 20/52/13 23/51/13 21/50/13 18/49/13
f 19/56/14 20/55/14 18/54/14 17/53/14
f 24/60/15 19/59/15 17/58/15 22/57/15
f 23/64/16 24/63/16 22/62/16 21/61/16
f 22/68/17 17/67/17 18/66/17 21/65/17
f 23/72/18 20/71/18 19/70/18 24/69/18
o cube
v 0.5385889882528576 0.6169449968882113 0.5561602302616051
v 0.51250065483047 0.5902066287341963 0.45204425284842065
v 0.5624230680338886 0.5063587785188051 0.578588138613378
v 0.536334734611501 0.4796204103647901 0.47447216120019364
v 0.10640300736570374 0.5266308083810505 0.5701272293988304
v 0.13249134078809155 0.5533691765350657 0.6742432068120148
v 0.13023708714673476 0.4160445900116444 0.5925551377506035
v 0.15632542056912258 0.4427829581656595 0.6966711151637877
vt 0.375 0.5580375
vt 0.375 0.4867593333333339
vt 0.38941591250000007 0.4867593333333339
vt 0.38941591250000007 0.5580375
vt 0.34375 0.5580375
vt 0.34375 0.5396016666666668
vt 0.35816591250000007 0.5396016666666668
vt 0.35816591250000007 0.5580375
vt 0.34375 0.5580375
vt 0.34375 0.4867593333333339
vt 0.35816591250000007 0.4867593333333339
vt 0.35816591250000007 0.5580375
vt 0.34375 0.5580375
vt 0.34375 0.5396016666666668
vt 0.35816591250000007 0.5396016666666668
vt 0.35816591250000007 0.5580375
vt 0.357576875 0.4867593333333339
vt 0.357576875 0.5580375
vt 0.34375 0.5580375
vt 0.34375 0.4867593333333339
vt 0.357576875 0.4867593333333339
vt 0.357576875 0.5580375
vt 0.34375 0.5580375
vt 0.34375 0.4867593333333339
vn -0.23584806240010603 -0.2417246137866936 -0.9412464621722567
vn 0.9495606355961477 0.14865660207577833 -0.27610833740675744
vn 0.23584806240010603 0.2417246137866936 0.9412464621722567
vn -0.9495606355961477 -0.14865660207577833 0.27610833740675744
vn -0.20666468200530985 0.958890205262812 -0.1944718063439702
vn 0.20666468200530985 -0.958890205262812 0.1944718063439702
usemtl m_890a103a-2c95-a057-8483-4c3958a0f191
f 28/76/19 31/75/19 29/74/19 26/73/19
f 27/80/20 28/79/20 26/78/20 25/77/20
f 32/84/21 27/83/21 25/82/21 30/81/21
f 31/88/22 32/87/22 30/86/22 29/85/22
f 30/92/23 25/91/23 26/90/23 29/89/23
f 31/96/24 28/95/24 27/94/24 32/93/24
o cube
v 1.0208435231048207 0.5568997973941296 0.3644484329068105
v 0.997649895982412 0.5385457034078496 0.30045286356916445
v 1.0219457693268494 0.48707890031831236 0.3840737637268039
v 0.9987521422044408 0.4687248063320322 0.32007819438915786
v 0.5056682539337358 0.577738055324512 0.4675190957596511
v 0.5288618810561445 0.5960921493107922 0.5315146650972973
v 0.5067705001557645 0.5079171582486945 0.4871444265796445
v 0.5299641272781732 0.5262712522349746 0.5511399959172905
vt 0.390625 0.45036250000000067
vt 0.390625 0.5372041666666667
vt 0.39969187500000003 0.5372041666666667
vt 0.39969187500000003 0.45036250000000067
vt 0.34375 0.5462875
vt 0.34375 0.5580375
vt 0.35281687500000003 0.5580375
vt 0.35281687500000003 0.5462875
vt 0.34375 0.47119583333333404
vt 0.34375 0.5580375
vt 0.35281687500000003 0.5580375
vt 0.35281687500000003 0.47119583333333404
vt 0.34375 0.5462875
vt 0.34375 0.5580375
vt 0.35281687500000003 0.5580375
vt 0.35281687500000003 0.5462875
vt 0.34375 0.47119583333333404
vt 0.34375 0.5580375
vt 0.3525625 0.5580375
vt 0.3525625 0.47119583333333404
vt 0.34375 0.47119583333333404
vt 0.34375 0.5580375
vt 0.3525625 0.5580375
vt 0.3525625 0.47119583333333404
vn -0.3289876187575703 -0.2603417586706403 -0.907738572165192
vn 0.9442119605578718 -0.07521802498159988 -0.3206337821523608
vn 0.3289876187575703 0.2603417586706403 0.907738572165192
vn -0.9442119605578718 0.07521802498159988 0.3206337821523608
vn -0.015196060136881406 0.9625821613816378 -0.2705636012958337
vn 0.015196060136881406 -0.9625821613816378 0.2705636012958337
usemtl m_890a103a-2c95-a057-8483-4c3958a0f191
f 36/100/25 39/99/25 37/98/25 34/97/25
f 35/104/26 36/103/26 34/102/26 33/101/26
f 40/108/27 35/107/27 33/106/27 38/105/27
f 39/112/28 40/111/28 38/110/28 37/109/28
f 38/116/29 33/115/29 34/114/29 37/113/29
f 39/120/30 36/119/30 35/118/30 40/117/30
o cube
v 1.3695118735336345 0.4569376123121971 0.1849188599082917
v 1.3466518824974316 0.44344337443338144 0.14478932491354368
v 1.3660011127356775 0.4105837197444764 0.20250606627342427
v 1.3431411216994746 0.3970894818656606 0.16237653127867624
v 0.9715494451628932 0.5405376211800899 0.32581872118767463
v 0.994409436199096 0.5540318590589055 0.36594825618242266
v 0.9680386843649362 0.49418372861236903 0.3434059275528072
v 0.9908986754011391 0.5076779664911848 0.3835354625475552
vt 0.34375 0.48675933333333365
vt 0.34375 0.5580375
vt 0.34996278750000004 0.5580375
vt 0.34996278750000004 0.48675933333333365
vt 0.34375 0.5500183333333333
vt 0.34375 0.5580375
vt 0.34996278750000004 0.5580375
vt 0.34996278750000004 0.5500183333333333
vt 0.34375 0.48675933333333365
vt 0.34375 0.5580375
vt 0.34996278750000004 0.5580375
vt 0.34996278750000004 0.48675933333333365
vt 0.34375 0.5500183333333333
vt 0.34375 0.5580375
vt 0.34996278750000004 0.5580375
vt 0.34996278750000004 0.5500183333333333
vt 0.34375 0.48675933333333365
vt 0.34375 0.5580375
vt 0.34976437500000007 0.5580375
vt 0.34976437500000007 0.48675933333333365
vt 0.34375 0.48675933333333365
vt 0.34375 0.5580375
vt 0.34976437500000007 0.5580375
vt 0.34976437500000007 0.48675933333333365
vn -0.4751115252250352 -0.28045802512346724 -0.8340337731424223
vn 0.8770858709294808 -0.22703129463839766 -0.4232932391034464
vn 0.4751115252250352 0.28045802512346724 0.8340337731424223
vn -0.8770858709294808 0.22703129463839766 0.4232932391034464
vn 0.07063578140160368 0.9326307347491063 -0.3538509558940418
vn -0.07063578140160368 -0.9326307347491063 0.3538509558940418
usemtl m_890a103a-2c95-a057-8483-4c3958a0f191
f 44/124/31 47/123/31 45/122/31 42/121/31
f 43/128/32 44/127/32 42/126/32 41/125/32
f 48/132/33 43/131/33 41/130/33 46/129/33
f 47/136/34 48/135/34 46/134/34 45/133/34
f 46/140/35 41/139/35 42/138/35 45/137/35
f 47/144/36 44/143/36 43/142/36 48/141/36
o cube
v 1.2155063432507716 0.8589093157351528 1.3537932913237005
v 1.2588949639642895 0.8630529238080347 1.2874678713874732
v 1.218147713509645 0.7780683677358322 1.3504707674311254
v 1.261536334223163 0.782211975808714 1.2841453474948983
v 0.6918930846544549 0.8597799324560125 0.9163433236306295
v 0.6485044639409367 0.8556363243831306 0.9826687435668566
v 0.6945344549133281 0.7789389844566919 0.9130207997380544
v 0.6511458341998102 0.77479537638381 0.9793462196742815
vt 0.34375 0.44509266666666714
vt 0.34375 0.5580375
vt 0.35386903750000004 0.5580375
vt 0.35386903750000004 0.44509266666666714
vt 0.34375 0.54481
vt 0.34375 0.5580375
vt 0.35386903750000004 0.5580375
vt 0.35386903750000004 0.54481
vt 0.3828125 0.4346760000000004
vt 0.3828125 0.5476208333333334
vt 0.39293153750000004 0.5476208333333334
vt 0.39293153750000004 0.4346760000000004
vt 0.34375 0.54481
vt 0.34375 0.5580375
vt 0.35386903750000004 0.5580375
vt 0.35386903750000004 0.54481
vt 0.390625 0.3305093333333339
vt 0.390625 0.4434541666666667
vt 0.400545625 0.4434541666666667
vt 0.400545625 0.3305093333333339
vt 0.34375 0.44509266666666714
vt 0.34375 0.5580375
vt 0.353670625 0.5580375
vt 0.353670625 0.44509266666666714
vn 0.5466971676874924 0.05220951392782571 -0.8357011268975854
vn 0.8366944323996478 0.00482977877403625 0.547648701293471
vn -0.5466971676874924 -0.05220951392782571 0.8357011268975854
vn -0.8366944323996478 -0.00482977877403625 -0.547648701293471
vn -0.03262872406186524 0.9986244739101953 0.041042983245380846
vn 0.03262872406186524 -0.9986244739101953 -0.041042983245380846
usemtl m_890a103a-2c95-a057-8483-4c3958a0f191
f 52/148/37 55/147/37 53/146/37 50/145/37
f 51/152/38 52/151/38 50/150/38 49/149/38
f 56/156/39 51/155/39 49/154/39 54/153/39
f 55/160/40 56/159/40 54/158/40 53/157/40
f 54/164/41 49/163/41 50/162/41 53/161/41
f 55/168/42 52/167/42 51/166/42 56/165/42
o cube
v 0.6441896650878736 0.8639712150957752 0.9978261108307502
v 0.7051365613908303 0.8768098511910303 0.9173667561586534
v 0.6824087699369983 0.7684585616631594 1.0115359351838462
v 0.7433556662399552 0.7812971977584142 0.9310765805117494
v 0.46796283260864024 0.753288644610262 0.7180009205689488
v 0.40701593630568356 0.740450008515007 0.7984602752410455
v 0.506181937457765 0.657775991177646 0.7317107449220446
v 0.4452350411548084 0.6449373550823911 0.8121700995941414
vt 0.34375 0.47119583333333404
vt 0.34375 0.5580375
vt 0.35672312500000003 0.5580375
vt 0.35672312500000003 0.47119583333333404
vt 0.34375 0.5410791666666668
vt 0.34375 0.5580375
vt 0.35672312500000003 0.5580375
vt 0.35672312500000003 0.5410791666666668
vt 0.34375 0.47119583333333404
vt 0.34375 0.5580375
vt 0.35672312500000003 0.5580375
vt 0.35672312500000003 0.47119583333333404
vt 0.34375 0.5410791666666668
vt 0.34375 0.5580375
vt 0.35672312500000003 0.5580375
vt 0.35672312500000003 0.5410791666666668
vt 0.34375 0.47119583333333404
vt 0.34375 0.5580375
vt 0.35646875 0.5580375
vt 0.35646875 0.47119583333333404
vt 0.34375 0.47119583333333404
vt 0.34375 0.5580375
vt 0.35646875 0.5580375
vt 0.35646875 0.47119583333333404
vn 0.5989866958521541 0.1261782417224064 -0.790755328472696
vn 0.7110589979978784 0.3703229098509053 0.5977089959217708
vn -0.5989866958521541 -0.1261782417224064 0.790755328472696
vn -0.7110589979978784 -0.3703229098509053 -0.5977089959217708
vn -0.36825268438719105 0.9202934280735685 -0.1320983220416806
vn 0.36825268438719105 -0.9202934280735685 0.1320983220416806
usemtl m_890a103a-2c95-a057-8483-4c3958a0f191
f 60/172/43 63/171/43 61/170/43 58/169/43
f 59/176/44 60/175/44 58/174/44 57/173/44
f 64/180/45 59/179/45 57/178/45 62/177/45
f 63/184/46 64/183/46 62/182/46 61/181/46
f 62/188/47 57/187/47 58/186/47 61/185/47
f 63/192/48 60/191/48 59/190/48 64/189/48