# Made in Blockbench 4.8.1
mtllib spruce_twig_branch_up.mtl

o cube
v -0.4381860666200116 -0.02856423109264608 0.5803636616902281
v -0.5807529450827686 0.04565138833507902 0.5803636635249229
v -0.43818606895826384 -0.028564231611024102 0.41963633669022815
v 0.21407049312021442 0.5319517184576785 0.5807674878934589
v 0.044983361158792756 0.6161390573517243 0.580767490081808
v 0.04498335880879056 0.6161390568307414 0.41923249008180796
v 0.21407049077021223 0.5319517179366955 0.4192324878934589
v -0.5807529474210209 0.045651387816701 0.4196363385249229
vt 0.39519218749999996 0.4747041666666667
vt 0.375 0.4747041666666667
vt 0.375 0.4432229166666667
vt 0.39519218749999996 0.4432229166666667
vt 0.37175468749999996 0.3392875000000001
vt 0.3515625 0.3392875000000001
vt 0.35161328125 0.19595208333333336
vt 0.37170390625000005 0.19595208333333336
vt 0.37946562500000003 0.05208333333333337
vt 0.37946562500000003 0.07887083333333333
vt 0.359375 0.07887083333333333
vt 0.359375 0.05208333333333337
vt 0.40294366683175575 0.7686759243157758
vt 0.4035322863409275 0.9098003006974322
vt 0.3846323503762276 0.9007149767806113
vt 0.3808806298798622 0.7574680189397759
vt 0.3934343225404352 0.7554904065847097
vt 0.3713923870007293 0.7667718816730591
vt 0.3748752836910925 0.6235128560612826
vt 0.3937585314250214 0.6143636300210866
vt 0.3359375 0.7976208333333333
vt 0.3359375 0.6564937337578372
vt 0.35602812268779205 0.6564808819598154
vt 0.3561296851761033 0.7976079165666637
vn 0.4457042106446968 0.8951802927978183 -9.371217032046014e-9
vn 0.6517553520585693 -0.7584292722878057 -7.03561351770151e-9
vn -0.4617486132350259 -0.887010833178226 9.578281958782651e-9
vn -0.0002345519747552238 -0.00045059487248756924 0.9999998709748078
vn -0.00022714063951120416 -0.0004561775136561099 -0.9999998701545947
vn -0.6737302482730756 0.7389773694517986 7.418039397921023e-9
usemtl m_890a103a-2c95-a057-8483-4c3958a0f191
f 6/1/1 5/2/1 4/3/1 7/4/1
f 7/5/2 4/6/2 1/7/2 3/8/2
f 1/9/3 2/10/3 8/11/3 3/12/3
f 5/13/4 2/14/4 1/15/4 4/16/4
f 6/17/5 7/18/5 3/19/5 8/20/5
f 6/21/6 8/22/6 2/23/6 5/24/6
o cube
v 0.8881087835094208 1.091661559073511 0.5687500000000001
v 0.8881087835094208 1.091661559073511 0.43125
v 0.9592910389146596 0.9708180693215869 0.5687500000000001
v 0.9592910389146596 0.9708180693215869 0.43125
v 0.06309886238666418 0.6056935765386393 0.43125
v 0.06309886238666418 0.6056935765386393 0.5687500000000001
v 0.1342811177919031 0.48485008678671515 0.43125
v 0.1342811177919031 0.48485008678671515 0.5687500000000001
vt 0.34375 0.39845416666666755
vt 0.34375 0.5580375
vt 0.36128125 0.5580375
vt 0.36128125 0.39845416666666755
vt 0.34375 0.5351208333333333
vt 0.34375 0.5580375
vt 0.36128125 0.5580375
vt 0.36128125 0.5351208333333333
vt 0.34375 0.39845416666666755
vt 0.34375 0.5580375
vt 0.36128125 0.5580375
vt 0.36128125 0.39845416666666755
vt 0.34375 0.5351208333333333
vt 0.34375 0.5580375
vt 0.36128125 0.5580375
vt 0.36128125 0.5351208333333333
vt 0.34375 0.39845416666666755
vt 0.34375 0.5580375
vt 0.3609375 0.5580375
vt 0.3609375 0.39845416666666755
vt 0.34375 0.39845416666666755
vt 0.34375 0.5580375
vt 0.3609375 0.5580375
vt 0.3609375 0.39845416666666755
vn 0 0 -1
vn 0.8616291604415258 0.5075383629607042 0
vn 0 0 1
vn -0.8616291604415258 -0.5075383629607042 0
vn -0.5075383629607042 0.8616291604415258 0
vn 0.5075383629607042 -0.8616291604415258 0
usemtl m_890a103a-2c95-a057-8483-4c3958a0f191
f 12/28/7 15/27/7 13/26/7 10/25/7
f 11/32/8 12/31/8 10/30/8 9/29/8
f 16/36/9 11/35/9 9/34/9 14/33/9
f 15/40/10 16/39/10 14/38/10 13/37/10
f 14/44/11 9/43/11 10/42/11 13/41/11
f 15/48/12 12/47/12 11/46/12 16/45/12
o cube
v 1.6536335883979651 1.2413856346496497 0.5495000000000001
v 1.6536335883979651 1.2413856346496497 0.4505
v 1.6762515280544972 1.139362701905616 0.5495000000000001
v 1.6762515280544972 1.139362701905616 0.4505
v 0.9018856629156178 1.0747271319173108 0.4505
v 0.9018856629156178 1.0747271319173108 0.5495000000000001
v 0.9245036025721498 0.972704199173277 0.4505
v 0.9245036025721498 0.972704199173277 0.5495000000000001
vt 0.34375 0.4297041666666669
vt 0.34375 0.5580375
vt 0.3568125000000001 0.5580375
vt 0.3568125000000001 0.4297041666666669
vt 0.34375 0.5415375
vt 0.34375 0.5580375
vt 0.3568125000000001 0.5580375
vt 0.3568125000000001 0.5415375
vt 0.34375 0.4297041666666669
vt 0.34375 0.5580375
vt 0.3568125000000001 0.5580375
vt 0.3568125000000001 0.4297041666666669
vt 0.34375 0.5415375
vt 0.34375 0.5580375
vt 0.3568125000000001 0.5580375
vt 0.3568125000000001 0.5415375
vt 0.34375 0.4297041666666669
vt 0.34375 0.5580375
vt 0.356125 0.5580375
vt 0.356125 0.4297041666666669
vt 0.34375 0.4297041666666669
vt 0.34375 0.5580375
vt 0.356125 0.5580375
vt 0.356125 0.4297041666666669
vn 0 0 -1
vn 0.9762960071199334 0.21643961393810288 0
vn 0 0 1
vn -0.9762960071199334 -0.21643961393810288 0
vn -0.21643961393810288 0.9762960071199334 0
vn 0.21643961393810288 -0.9762960071199334 0
usemtl m_890a103a-2c95-a057-8483-4c3958a0f191
f 20/52/13 23/51/13 21/50/13 18/49/13
f 19/56/14 20/55/14 18/54/14 17/53/14
f 24/60/15 19/59/15 17/58/15 22/57/15
f 23/64/16 24/63/16 22/62/16 21/61/16
f 22/68/17 17/67/17 18/66/17 21/65/17
f 23/72/18 20/71/18 19/70/18 24/69/18
o cube
v 0.3195878953069835 0.4971766422592161 0.2446260232473454
v 0.27575251176952087 0.4713556280435903 0.15650793841227872
v 0.34653706698087683 0.39817375427063206 0.26023039894812106
v 0.3027016834434142 0.3723527400550062 0.1721123141130544
v -0.17457870404685633 0.38793504000660495 0.4049750470059583
v -0.13074332050939375 0.4137560542222307 0.493093131841025
v -0.14762953237296295 0.2889321520180209 0.420579422706734
v -0.10379414883550037 0.3147531662336467 0.5086975075418008
vt 0.34375 0.5580375
vt 0.34375 0.47119583333333404
vt 0.35672312500000003 0.47119583333333404
vt 0.35672312500000003 0.5580375
vt 0.34375 0.5580375
vt 0.34375 0.5410791666666668
vt 0.35672312500000003 0.5410791666666668
vt 0.35672312500000003 0.5580375
vt 0.34375 0.5580375
vt 0.34375 0.47119583333333404
vt 0.35672312500000003 0.47119583333333404
vt 0.35672312500000003 0.5580375
vt 0.34375 0.5580375
vt 0.34375 0.5410791666666668
vt 0.35672312500000003 0.5410791666666668
vt 0.35672312500000003 0.5580375
vt 0.35646875 0.47119583333333404
vt 0.35646875 0.5580375
vt 0.34375 0.5580375
vt 0.34375 0.47119583333333404
vt 0.35646875 0.47119583333333404
vt 0.35646875 0.5580375
vt 0.34375 0.5580375
vt 0.34375 0.47119583333333404
vn -0.43081458022076236 -0.25376918148035194 -0.8660254037844392
vn 0.8642763953869692 0.16010092704536213 -0.4768584753741124
vn 0.43081458022076236 0.25376918148035194 0.8660254037844392
vn -0.8642763953869692 -0.16010092704536213 0.4768584753741124
vn -0.2596634549683797 0.9539228981893704 -0.15035289975213761
vn 0.2596634549683797 -0.9539228981893704 0.15035289975213761
usemtl m_890a103a-2c95-a057-8483-4c3958a0f191
f 28/76/19 31/75/19 29/74/19 26/73/19
f 27/80/20 28/79/20 26/78/20 25/77/20
f 32/84/21 27/83/21 25/82/21 30/81/21
f 31/88/22 32/87/22 30/86/22 29/85/22
f 30/92/23 25/91/23 26/90/23 29/89/23
f 31/96/24 28/95/24 27/94/24 32/93/24
o cube
v 0.6742823041033779 0.6136923052461662 0.13000279316468644
v 0.6537190797803716 0.6015796404371616 0.05431104736855308
v 0.7031929824828345 0.5381967472104512 0.13422988055503526
v 0.6826297581598282 0.5260840824014463 0.058538134758901905
v 0.26992925561221526 0.4617003024132663 0.18095983425563766
v 0.29049247993522165 0.47381296722227106 0.256651580051771
v 0.29883993399167186 0.38620474437755115 0.1851869216459865
v 0.31940315831467825 0.398317409186556 0.26087866744211985
vt 0.34375 0.5580375
vt 0.34375 0.4867593333333339
vt 0.35386903750000004 0.4867593333333339
vt 0.35386903750000004 0.5580375
vt 0.34375 0.5580375
vt 0.34375 0.54481
vt 0.35386903750000004 0.54481
vt 0.35386903750000004 0.5580375
vt 0.34375 0.5580375
vt 0.34375 0.4867593333333339
vt 0.35386903750000004 0.4867593333333339
vt 0.35386903750000004 0.5580375
vt 0.34375 0.5580375
vt 0.34375 0.54481
vt 0.35386903750000004 0.54481
vt 0.35386903750000004 0.5580375
vt 0.353670625 0.4867593333333339
vt 0.353670625 0.5580375
vt 0.34375 0.5580375
vt 0.34375 0.4867593333333339
vt 0.353670625 0.4867593333333339
vt 0.353670625 0.5580375
vt 0.34375 0.5580375
vt 0.34375 0.4867593333333339
vn -0.2590968855667644 -0.15261972921318837 -0.953716950748227
vn 0.8973992133359182 0.3270738305182188 -0.29613740272754263
vn 0.2590968855667644 0.15261972921318837 0.953716950748227
vn -0.8973992133359182 -0.3270738305182188 0.29613740272754263
vn -0.35713226652555247 0.9325931200931266 -0.05221701409779386
vn 0.35713226652555247 -0.9325931200931266 0.05221701409779386
usemtl m_890a103a-2c95-a057-8483-4c3958a0f191
f 36/100/25 39/99/25 37/98/25 34/97/25
f 35/104/26 36/103/26 34/102/26 33/101/26
f 40/108/27 35/107/27 33/106/27 38/105/27
f 39/112/28 40/111/28 38/110/28 37/109/28
f 38/116/29 33/115/29 34/114/29 37/113/29
f 39/120/30 36/119/30 35/118/30 40/117/30
o cube
v 0.49882725604952527 0.6165588301423832 0.7767501756249875
v 0.5308091323754374 0.6400326351764507 0.6830527767075327
v 0.5257764277234185 0.5175559421537992 0.7611457999242119
v 0.5577583040493306 0.5410297471878667 0.6674484010067572
v 0.05503057323329552 0.5400667091532472 0.49561030874750167
v 0.023048696907383537 0.5165929041191797 0.5893077076649564
v 0.08197974490718885 0.44106382116466325 0.4800059330467261
v 0.04999786858127686 0.41759001613059576 0.5737033319641809
vt 0.34375 0.47119583333333404
vt 0.34375 0.5580375
vt 0.35672312500000003 0.5580375
vt 0.35672312500000003 0.47119583333333404
vt 0.34375 0.5410791666666668
vt 0.34375 0.5580375
vt 0.35672312500000003 0.5580375
vt 0.35672312500000003 0.5410791666666668
vt 0.34375 0.47119583333333404
vt 0.34375 0.5580375
vt 0.35672312500000003 0.5580375
vt 0.35672312500000003 0.47119583333333404
vt 0.34375 0.5410791666666668
vt 0.34375 0.5580375
vt 0.35672312500000003 0.5580375
vt 0.35672312500000003 0.5410791666666668
vt 0.34375 0.47119583333333404
vt 0.34375 0.5580375
vt 0.35646875 0.5580375
vt 0.35646875 0.47119583333333404
vt 0.34375 0.47119583333333404
vt 0.34375 0.5580375
vt 0.35646875 0.5580375
vt 0.35646875 0.47119583333333404
vn 0.314318194849258 0.23070078657560145 -0.9208589574197031
vn 0.9131149777221859 0.19185476638173699 0.3597398866903989
vn -0.314318194849258 -0.23070078657560145 0.9208589574197031
vn -0.9131149777221859 -0.19185476638173699 -0.3597398866903989
vn -0.25966345496837984 0.9539228981893704 0.15035289975213742
vn 0.25966345496837984 -0.9539228981893704 -0.15035289975213742
usemtl m_890a103a-2c95-a057-8483-4c3958a0f191
f 44/124/31 47/123/31 45/122/31 42/121/31
f 43/128/32 44/127/32 42/126/32 41/125/32
f 48/132/33 43/131/33 41/130/33 46/129/33
f 47/136/34 48/135/34 46/134/34 45/133/34
f 46/140/35 41/139/35 42/138/35 45/137/35
f 47/144/36 44/143/36 43/142/36 48/141/36
o cube
v 0.800084413338161 0.632978370811853 0.8294272417525117
v 0.8206476376611676 0.6450910356208579 0.7537354959563785
v 0.8102233537743575 0.5532882484233101 0.8194291841501393
v 0.8307865780973638 0.565400913232315 0.7437374383540059
v 0.5307826443222465 0.6186228740912529 0.6707520902485591
v 0.51021941999924 0.6065102092822481 0.7464438360446923
v 0.5409215847584428 0.5389327517027098 0.6607540326461865
v 0.5203583604354365 0.5268200868937052 0.7364457784423197
vt 0.34375 0.507592666666667
vt 0.34375 0.5580375
vt 0.35386903750000004 0.5580375
vt 0.35386903750000004 0.507592666666667
vt 0.34375 0.54481
vt 0.34375 0.5580375
vt 0.35386903750000004 0.5580375
vt 0.35386903750000004 0.54481
vt 0.34375 0.507592666666667
vt 0.34375 0.5580375
vt 0.35386903750000004 0.5580375
vt 0.35386903750000004 0.507592666666667
vt 0.34375 0.54481
vt 0.34375 0.5580375
vt 0.35386903750000004 0.5580375
vt 0.35386903750000004 0.54481
vt 0.34375 0.507592666666667
vt 0.34375 0.5580375
vt 0.353670625 0.5580375
vt 0.353670625 0.507592666666667
vt 0.34375 0.507592666666667
vt 0.34375 0.5580375
vt 0.353670625 0.5580375
vt 0.353670625 0.507592666666667
vn 0.25909688556676436 0.15261972921318834 -0.9537169507482272
vn 0.9576963393638707 0.08744919872733976 0.2741721342714982
vn -0.25909688556676436 -0.15261972921318834 0.9537169507482272
vn -0.9576963393638707 -0.08744919872733976 -0.2741721342714982
vn -0.1252458600459322 0.9844083786197878 0.12350554094661287
vn 0.1252458600459322 -0.9844083786197878 -0.12350554094661287
usemtl m_890a103a-2c95-a057-8483-4c3958a0f191
f 52/148/37 55/147/37 53/146/37 50/145/37
f 51/152/38 52/151/38 50/150/38 49/149/38
f 56/156/39 51/155/39 49/154/39 54/153/39
f 55/160/40 56/159/40 54/158/40 53/157/40
f 54/164/41 49/163/41 50/162/41 53/161/41
f 55/168/42 52/167/42 51/166/42 56/165/42
o cube
v 1.207705577374967 0.5241273705774638 0.9129169646207163
v 1.220172024024012 0.5314706688485566 0.8670288735354648
v 1.1987109547660257 0.4762999556016144 0.9028197488589003
v 1.2111774014150707 0.483643253872707 0.856931657773649
v 0.8144228364094945 0.6277948345763527 0.7722131290201135
v 0.8019563897604494 0.6204515363052598 0.818101220105365
v 0.8054282138005531 0.5799674196005031 0.7621159132582978
v 0.7929617671515081 0.5726241213294103 0.808004004343549
vt 0.34375 0.4867593333333339
vt 0.34375 0.5580375
vt 0.3499627875000001 0.5580375
vt 0.3499627875000001 0.4867593333333339
vt 0.34375 0.5500183333333333
vt 0.34375 0.5580375
vt 0.3499627875000001 0.5580375
vt 0.3499627875000001 0.5500183333333333
vt 0.34375 0.4867593333333339
vt 0.34375 0.5580375
vt 0.3499627875000001 0.5580375
vt 0.3499627875000001 0.4867593333333339
vt 0.34375 0.5500183333333333
vt 0.34375 0.5580375
vt 0.3499627875000001 0.5580375
vt 0.3499627875000001 0.5500183333333333
vt 0.34375 0.4867593333333339
vt 0.34375 0.5580375
vt 0.349764375 0.5580375
vt 0.349764375 0.4867593333333339
vt 0.34375 0.4867593333333339
vt 0.34375 0.5580375
vt 0.349764375 0.5580375
vt 0.349764375 0.4867593333333339
vn 0.25909688556676436 0.15261972921318825 -0.9537169507482272
vn 0.9487458469389192 -0.22523064736465997 0.2217035710218697
vn -0.25909688556676436 -0.15261972921318825 0.9537169507482272
vn -0.9487458469389192 0.22523064736465997 -0.2217035710218697
vn 0.18096994724471813 0.9622777009484265 0.20315389351832439
vn -0.18096994724471813 -0.9622777009484265 -0.20315389351832439
usemtl m_890a103a-2c95-a057-8483-4c3958a0f191
f 60/172/43 63/171/43 61/170/43 58/169/43
f 59/176/44 60/175/44 58/174/44 57/173/44
f 64/180/45 59/179/45 57/178/45 62/177/45
f 63/184/46 64/183/46 62/182/46 61/181/46
f 62/188/47 57/187/47 58/186/47 61/185/47
f 63/192/48 60/191/48 59/190/48 64/189/48