# Made in Blockbench 4.8.1
mtllib beech_twig_branch_3.mtl

o cube
v -0.07207952820354002 0.5158005842470454 -1.2464759583282152
v -0.16206532089747705 0.17867023084260447 -2.1262333906487454
v -0.20604009911248783 0.4952375725621938 -1.2248939143899606
v -0.2960258918064249 0.15810721915775294 -2.104651346710491
v -0.1889629351649995 0.30569627738061 -2.172159610007774
v -0.09897714247106248 0.6428266307850508 -1.2924021776872432
v -0.3229235060739474 0.28513326569575836 -2.150577566069519
v -0.2329377133800103 0.6222636191001993 -1.2708201337489888
vt 0.38179902193458337 0.9479166666666665
vt 0.3645833333333333 0.9479166666666665
vt 0.3645833333333333 0.9250437954066665
vt 0.38179902193458337 0.9250437954066665
vt 0.39583333333333326 0.6458333333333324
vt 0.39583333333333326 0.4880952013799996
vt 0.41298798677833326 0.4880952013799996
vt 0.41298798677833326 0.6458333333333324
vt 0.3817990219345832 0.8645833333333329
vt 0.36458333333333315 0.8645833333333329
vt 0.36458333333333315 0.8417104620733329
vt 0.3817990219345832 0.8417104620733329
vt 0.39215465344500017 0.1443452013800003
vt 0.39215465344500017 0.30208333333333304
vt 0.3750000000000001 0.30208333333333304
vt 0.3750000000000001 0.1443452013800003
vt 0.36096568860125017 0.625
vt 0.3437500000000001 0.625
vt 0.3437500000000001 0.46726186804666725
vt 0.36096568860125017 0.46726186804666725
vt 0.3713823552679164 0.45833333333333337
vt 0.35416666666666635 0.45833333333333337
vt 0.35416666666666635 0.3005952013800006
vt 0.3713823552679164 0.3005952013800006
vn -0.09507930599871225 -0.3562131206847117 -0.929554806465365
vn 0.19529871045623876 -0.9223131403583669 0.33346196907056413
vn 0.09507930599871225 0.3562131206847117 0.929554806465365
vn -0.19529871045623876 0.9223131403583669 -0.33346196907056413
vn 0.9761241413185793 0.14983552240489115 -0.1572608564160832
vn -0.9761241413185793 -0.14983552240489115 0.1572608564160832
usemtl m_3722afce-2475-6df4-1e92-dcadf5eef328
f 4/4/1 7/3/1 5/2/1 2/1/1
f 3/8/2 4/7/2 2/6/2 1/5/2
f 8/12/3 3/11/3 1/10/3 6/9/3
f 7/16/4 8/15/4 6/14/4 5/13/4
f 6/20/5 1/19/5 2/18/5 5/17/5
f 7/24/6 4/23/6 3/22/6 8/21/6
o cube
v -0.7832301815807698 1.0114461228815619 -1.3031922917860552
v -1.655638712302051 0.4346925462809029 -1.918692833949163
v -0.7196933970385829 0.8480566033880126 -1.2401453011832748
v -1.592101927759864 0.2713030267873535 -1.8556458433463825
v -1.7534885870736887 0.4460517448319181 -1.790644844239537
v -0.8810800563524076 1.022805321432577 -1.1751443020764294
v -1.689951802531502 0.2826622253383687 -1.7275978536367567
v -0.8175432718102207 0.8594158019390277 -1.112097311473649
vt 0.3645833333333333 0.9479166666666665
vt 0.38477766927083346 0.9479166666666665
vt 0.38477766927083346 0.9168665364583332
vt 0.3645833333333333 0.9168665364583332
vt 0.3982875976562502 0.037124999999999964
vt 0.3982875976562502 0.23937499999999978
vt 0.3750000000000002 0.23937499999999978
vt 0.3750000000000002 0.037124999999999964
vt 0.36458333333333315 0.8645833333333329
vt 0.3847776692708333 0.8645833333333329
vt 0.3847776692708333 0.8335332031249996
vt 0.36458333333333315 0.8335332031249996
vt 0.33333333333333326 0.49545833333333344
vt 0.33333333333333326 0.6977083333333332
vt 0.35662093098958325 0.6977083333333332
vt 0.35662093098958325 0.49545833333333344
vt 0.34375 0.4062500000000001
vt 0.36394433593750014 0.4062500000000001
vt 0.36394433593750014 0.2040000000000003
vt 0.34375 0.2040000000000003
vt 0.36979166666666663 0.78125
vt 0.3899860026041668 0.78125
vt 0.3899860026041668 0.5790000000000002
vt 0.36979166666666663 0.5790000000000002
vn -0.7189192671786422 -0.47528106848014806 -0.5072109947780045
vn 0.6056764819754117 -0.07031178560520021 -0.7925984178554087
vn 0.7189192671786422 0.47528106848014806 0.5072109947780045
vn -0.6056764819754117 0.07031178560520021 0.7925984178554087
vn -0.34104411219256214 0.8770200446679524 -0.33841506288788314
vn 0.34104411219256214 -0.8770200446679524 0.33841506288788314
usemtl m_3722afce-2475-6df4-1e92-dcadf5eef328
f 12/28/7 15/27/7 13/26/7 10/25/7
f 11/32/8 12/31/8 10/30/8 9/29/8
f 16/36/9 11/35/9 9/34/9 14/33/9
f 15/40/10 16/39/10 14/38/10 13/37/10
f 14/44/11 9/43/11 10/42/11 13/41/11
f 15/48/12 12/47/12 11/46/12 16/45/12
o cube
v -0.3448190719830253 1.193875315460886 -0.7550194819226842
v -0.7930993615846129 1.0083292100171979 -1.3359269945568264
v -0.3115871936333131 0.9884815937970464 -0.7150599210944253
v -0.7598674832349007 0.8029354883533584 -1.2959674337285676
v -0.9667144019764368 1.0064228089085072 -1.2013411539767125
v -0.5184341123748492 1.1919689143521954 -0.6204336413425703
v -0.9334825236267246 0.8010290872446677 -1.1613815931484537
v -0.4852022340251369 0.9865751926883557 -0.5804740805143114
vt 0.3645833333333333 0.9479166666666665
vt 0.3920432942708333 0.9479166666666665
vt 0.3920432942708333 0.9126054687499998
vt 0.3645833333333333 0.9126054687499998
vt 0.38541666666666685 0.24864843749999987
vt 0.38541666666666685 0.3747916666666664
vt 0.4119000651041669 0.3747916666666664
vt 0.4119000651041669 0.24864843749999987
vt 0.36458333333333315 0.8645833333333329
vt 0.3920432942708332 0.8645833333333329
vt 0.3920432942708332 0.8292721354166663
vt 0.36458333333333315 0.8292721354166663
vt 0.3437499999999999 0.12364843749999999
vt 0.3437499999999999 0.24979166666666652
vt 0.3702333984374999 0.24979166666666652
vt 0.3702333984374999 0.12364843749999999
vt 0.34375 0.78125
vt 0.3712099609375 0.78125
vt 0.3712099609375 0.6551067708333334
vt 0.34375 0.6551067708333334
vt 0.35416666666666663 0.5729166666666667
vt 0.38162662760416666 0.5729166666666667
vt 0.38162662760416666 0.4467734375000001
vt 0.35416666666666663 0.4467734375000001
vn -0.5922900665682947 -0.24515268169029197 -0.7675237062818211
vn 0.7903099388368522 0.008678094594843477 -0.612645812235662
vn 0.5922900665682947 0.24515268169029197 0.7675237062818211
vn -0.7903099388368522 -0.008678094594843477 0.612645812235662
vn -0.1568524071227982 0.9694456422792674 -0.18860665164707918
vn 0.1568524071227982 -0.9694456422792674 0.18860665164707918
usemtl m_3722afce-2475-6df4-1e92-dcadf5eef328
f 20/52/13 23/51/13 21/50/13 18/49/13
f 19/56/14 20/55/14 18/54/14 17/53/14
f 24/60/15 19/59/15 17/58/15 22/57/15
f 23/64/16 24/63/16 22/62/16 21/61/16
f 22/68/17 17/67/17 18/66/17 21/65/17
f 23/72/18 20/71/18 19/70/18 24/69/18
o cube
v 0.633957918191034 1.1331022176310737 0.4174057540741788
v -0.33665883567480526 1.2223279507795834 -0.7486053728706019
v 0.6323425444082833 0.9013117537080304 0.4010133159735615
v -0.33827420945755593 0.9905374868565402 -0.7649978109712192
v -0.5154598801634256 1.2130979910807478 -0.6004732191741937
v 0.45515687370241387 1.123872257932238 0.5655379077705871
v -0.5170752539461763 0.9813075271577045 -0.616865657274811
v 0.4535414999196632 0.8920817940091947 0.5491454696699698
vt 0.3645833333333333 0.9479166666666665
vt 0.3936302083333333 0.9479166666666665
vt 0.3936302083333333 0.9091874999999997
vt 0.3645833333333333 0.9091874999999997
vt 0.3437500000000002 0.45483333333333376
vt 0.3437500000000002 0.7081249999999997
vt 0.3727968750000003 0.7081249999999997
vt 0.3727968750000003 0.45483333333333376
vt 0.36458333333333315 0.8645833333333329
vt 0.3936302083333331 0.8645833333333329
vt 0.3936302083333331 0.8258541666666662
vt 0.36458333333333315 0.8258541666666662
vt 0.3854166666666665 0.017333333333333978
vt 0.3854166666666665 0.2706249999999999
vt 0.4144635416666666 0.2706249999999999
vt 0.4144635416666666 0.017333333333333978
vt 0.34375 0.7395833333333333
vt 0.37279687499999997 0.7395833333333333
vt 0.37279687499999997 0.48629166666666734
vt 0.34375 0.48629166666666734
vt 0.35416666666666663 0.7916666666666666
vt 0.3832135416666666 0.7916666666666666
vt 0.3832135416666666 0.5383750000000007
vt 0.35416666666666663 0.5383750000000007
vn -0.6386686980528655 0.058710796610304365 -0.7672387741041514
vn 0.7694504335174623 0.03972010628869611 -0.6374702687311808
vn 0.6386686980528655 -0.058710796610304365 0.7672387741041514
vn -0.7694504335174623 -0.03972010628869611 0.6374702687311808
vn 0.0069515816363666175 0.9974845139237993 0.07054303647387722
vn -0.0069515816363666175 -0.9974845139237993 -0.07054303647387722
usemtl m_3722afce-2475-6df4-1e92-dcadf5eef328
f 28/76/19 31/75/19 29/74/19 26/73/19
f 27/80/20 28/79/20 26/78/20 25/77/20
f 32/84/21 27/83/21 25/82/21 30/81/21
f 31/88/22 32/87/22 30/86/22 29/85/22
f 30/92/23 25/91/23 26/90/23 29/89/23
f 31/96/24 28/95/24 27/94/24 32/93/24
o cube
v 0.35880581317605365 1.1301655091167415 0.12266543649802242
v 0.06810131057946145 0.871066482327532 -0.7694668525206478
v 0.407162722776812 0.9266162539638605 0.1660243004662041
v 0.11645822018021978 0.667517227174651 -0.7261079885524662
v -0.12999161685786242 0.8396964416142982 -0.695806865356646
v 0.16071288573872966 1.0987954684035077 0.1963254236620242
v -0.0816347072571042 0.6361471864614172 -0.6524480013884641
v 0.209069795339488 0.8952462132506267 0.23968428763020588
vt 0.3912908583333332 0.9479166666666665
vt 0.3645833333333333 0.9479166666666665
vt 0.3645833333333333 0.9123066333333332
vt 0.3912908583333332 0.9123066333333332
vt 0.3541666666666666 0.6145833333333324
vt 0.3541666666666666 0.45234710000000067
vt 0.38087419166666653 0.45234710000000067
vt 0.38087419166666653 0.6145833333333324
vt 0.3912908583333331 0.8645833333333329
vt 0.36458333333333315 0.8645833333333329
vt 0.36458333333333315 0.8289732999999997
vt 0.3912908583333331 0.8289732999999997
vt 0.3333333333333336 0.18749999999999967
vt 0.3333333333333336 0.025263766666668075
vt 0.36004085833333355 0.025263766666668075
vt 0.36004085833333355 0.18749999999999967
vt 0.37045752499999995 0.78125
vt 0.34375 0.78125
vt 0.34375 0.6190137666666684
vt 0.37045752499999995 0.6190137666666684
vt 0.36264502499999995 0.375
vt 0.3359375 0.375
vt 0.3359375 0.2127637666666683
vt 0.36264502499999995 0.2127637666666683
vn -0.2986432157434163 -0.266174640795626 -0.9164951119824648
vn 0.9271400449747988 0.14682210684644972 -0.3447529636497675
vn 0.2986432157434163 0.266174640795626 0.9164951119824648
vn -0.9271400449747988 -0.14682210684644972 0.3447529636497675
vn -0.22632623951844272 0.9526774530440453 -0.20293374230756048
vn 0.22632623951844272 -0.9526774530440453 0.20293374230756048
usemtl m_3722afce-2475-6df4-1e92-dcadf5eef328
f 36/100/25 39/99/25 37/98/25 34/97/25
f 35/104/26 36/103/26 34/102/26 33/101/26
f 40/108/27 35/107/27 33/106/27 38/105/27
f 39/112/28 40/111/28 38/110/28 37/109/28
f 38/116/29 33/115/29 34/114/29 37/113/29
f 39/120/30 36/119/30 35/118/30 40/117/30
o cube
v 0.09978450218433632 0.6879306612989948 -0.7105368755948364
v -0.06075185595481836 0.473775311293269 -1.3126603814778972
v -0.06651103354990467 0.6721721639391076 -0.6605948854459153
v -0.22704739168905935 0.4580168139333819 -1.2627183913289761
v -0.09138324786201252 0.6379022360303648 -1.3628680325919085
v 0.0691531102771421 0.8520575860360906 -0.7607445267088476
v -0.2576787835962535 0.6221437386704776 -1.3129260424429874
v -0.09714242545709884 0.8362990886762032 -0.7108025365599265
vt 0.38637665865333337 0.9895833333333331
vt 0.3645833333333333 0.9895833333333331
vt 0.3645833333333333 0.9605255662399997
vt 0.38637665865333337 0.9605255662399997
vt 0.34375 0.23958333333333226
vt 0.34375 0.12976186804666723
vt 0.36554332532 0.12976186804666723
vt 0.36554332532 0.23958333333333226
vt 0.38637665865333315 0.9062499999999997
vt 0.36458333333333315 0.9062499999999997
vt 0.36458333333333315 0.8771922329066663
vt 0.38637665865333315 0.8771922329066663
vt 0.37595999198666685 0.29642853471333463
vt 0.37595999198666685 0.40624999999999967
vt 0.3541666666666668 0.40624999999999967
vt 0.3541666666666668 0.29642853471333463
vt 0.36554332532 0.8229166666666666
vt 0.34375 0.8229166666666666
vt 0.34375 0.7130952013800016
vt 0.36554332532 0.7130952013800016
vt 0.36554332531999967 0.6458333333333333
vt 0.34374999999999967 0.6458333333333333
vt 0.34374999999999967 0.5360118680466683
vt 0.36554332531999967 0.5360118680466683
vn -0.24363233198553888 -0.3250053005677896 -0.9137914649492679
vn 0.17569250824175112 -0.9413829826744834 0.2879760796986716
vn 0.24363233198553888 0.3250053005677896 0.9137914649492679
vn -0.17569250824175112 0.9413829826744834 -0.2879760796986716
vn 0.9538214871552277 0.09038603063380027 -0.2864523278091057
vn -0.9538214871552277 -0.09038603063380027 0.2864523278091057
usemtl m_3722afce-2475-6df4-1e92-dcadf5eef328
f 44/124/31 47/123/31 45/122/31 42/121/31
f 43/128/32 44/127/32 42/126/32 41/125/32
f 48/132/33 43/131/33 41/130/33 46/129/33
f 47/136/34 48/135/34 46/134/34 45/133/34
f 46/140/35 41/139/35 42/138/35 45/137/35
f 47/144/36 44/143/36 43/142/36 48/141/36